Time:250Hz,Epoch,Channel 1,Channel 2,Channel 3,Channel 4,Channel 5,Channel 6,Channel 7,Channel 8,Event Id,Event Date,Event Duration
0.0000000000,0,175872.6875000000,209246.2656250000,165817.5625000000,165074.1875000000,132459.8593750000,120593.6093750000,131248.3125000000,152755.4687500000,,,
0.0040000000,0,176178.3437500000,192231.9687500000,166229.3906250000,165701.7187500000,133053.0156250000,121181.8203125000,131904.1718750000,149839.0468750000,,,
0.0079999999,0,175954.8593750000,184173.0781250000,165872.7343750000,165242.4375000000,132576.5937500000,120733.0000000000,131409.1093750000,149871.9062500000,,,
0.0119999999,0,175529.9218750000,198788.5156250000,165243.7656250000,164307.2187500000,131669.5312500000,119850.9296875000,130416.4218750000,153260.3125000000,,,
0.0159999998,0,175494.6250000000,212805.9218750000,165252.9843750000,164289.1406250000,131688.4687500000,119848.6796875000,130409.9843750000,154654.0468750000,,,
0.0199999998,0,175872.1406250000,209447.9375000000,165812.6093750000,165045.9687500000,132450.2812500000,120585.4296875000,131234.8125000000,152788.4375000000,,,
0.0240000000,0,176159.5468750000,192420.0625000000,166217.7500000000,165671.9531250000,133036.3593750000,121160.9531250000,131889.1406250000,149842.0625000000,,,
0.0279999999,0,175962.1093750000,184252.1718750000,165885.9531250000,165255.3125000000,132586.1718750000,120734.7187500000,131417.7187500000,149876.7031250000,,,
0.0319999999,0,175520.3281250000,198793.5312500000,165232.2500000000,164310.9687500000,131656.9375000000,119834.3593750000,130405.1562500000,153236.5312500000,,,
0.0359999998,0,175486.9218750000,212850.7031250000,165249.7656250000,164283.4687500000,131683.9062500000,119834.8906250000,130413.0703125000,154642.8125000000,,,
0.0399999998,0,175845.5156250000,209543.3125000000,165787.9218750000,165032.0312500000,132423.6250000000,120549.5390625000,131214.3750000000,152770.0312500000,,,
0.0440000000,0,176144.6093750000,192502.2812500000,166205.2187500000,165677.2343750000,133018.9687500000,121123.5859375000,131873.8750000000,149809.8750000000,,,
0.0480000000,0,175953.1562500000,184221.4375000000,165882.7343750000,165274.2812500000,132579.4062500000,120716.2421875000,131413.2187500000,149833.0468750000,,,
0.0519999999,0,175520.1093750000,198689.2812500000,165243.0937500000,164333.3593750000,131663.2812500000,119818.8281250000,130416.6953125000,153218.9062500000,,,
0.0559999999,0,175464.1875000000,212783.9375000000,165232.9218750000,164263.9687500000,131658.0468750000,119818.2656250000,130392.6328125000,154631.3906250000,,,
0.0599999998,0,175813.4375000000,209539.7968750000,165753.0312500000,165012.4375000000,132384.8125000000,120519.1250000000,131181.1718750000,152768.4218750000,,,
0.0639999998,0,176131.3281250000,192531.8906250000,166187.2187500000,165677.1562500000,133000.6718750000,121117.6562500000,131865.4531250000,149834.4687500000,,,
0.0680000000,0,175925.9218750000,184156.8437500000,165851.9218750000,165245.1875000000,132551.9375000000,120697.8125000000,131396.4531250000,149820.5156250000,,,
0.0719999999,0,175493.6093750000,198588.5312500000,165209.2968750000,164279.9843750000,131635.2656250000,119821.6171875000,130398.3203125000,153213.5468750000,,,
0.0759999999,0,175453.7968750000,212789.0781250000,165218.2031250000,164238.6250000000,131651.5000000000,119795.4140625000,130394.2109375000,154661.3750000000,,,
0.0799999998,0,175815.2031250000,209771.3906250000,165756.2187500000,164984.5468750000,132391.6875000000,120504.8046875000,131194.3125000000,152827.2812500000,,,
0.0839999998,0,176109.2031250000,192762.1250000000,166170.2500000000,165635.3281250000,132991.0781250000,121091.0000000000,131856.5625000000,149840.1718750000,,,
0.0880000000,0,175914.7968750000,184199.5468750000,165846.3125000000,165223.1093750000,132555.0781250000,120689.4687500000,131407.1562500000,149805.3437500000,,,
0.0919999999,0,175486.3125000000,198577.0781250000,165214.2500000000,164264.5156250000,131641.9531250000,119799.6250000000,130415.2187500000,153200.9531250000,,,
0.0959999999,0,175447.3125000000,212863.1875000000,165217.8281250000,164225.2500000000,131650.2656250000,119783.9843750000,130395.9062500000,154673.4062500000,,,
0.0999999999,0,175807.7968750000,209922.0156250000,165745.3125000000,164981.2500000000,132380.4687500000,120499.5156250000,131186.1406250000,152847.1562500000,,,
0.1039999998,0,176125.1093750000,192917.6406250000,166182.1562500000,165651.6093750000,133001.4218750000,121103.5781250000,131876.8125000000,149856.8906250000,,,
0.1079999998,0,175926.7812500000,184295.0312500000,165853.5625000000,165247.8593750000,132562.7343750000,120696.3125000000,131428.8281250000,149804.5000000000,,,
0.1120000000,0,175467.2187500000,198613.9375000000,165188.7500000000,164275.8281250000,131617.8593750000,119773.0703125000,130404.7812500000,153179.3125000000,,,
0.1159999999,0,175411.8593750000,212927.4062500000,165177.3281250000,164222.7812500000,131609.7343750000,119743.3203125000,130368.4140625000,154646.1406250000,,,
0.1199999999,0,175770.4843750000,210003.3437500000,165710.8437500000,164975.1562500000,132344.0781250000,120447.9375000000,131163.3593750000,152811.7656250000,,,
0.1239999998,0,176091.6562500000,193080.5000000000,166152.3906250000,165643.2812500000,132968.4687500000,121063.0234375000,131857.3906250000,149836.4843750000,,,
0.1279999998,1,175906.9375000000,184449.8593750000,165837.8906250000,165251.3437500000,132542.1250000000,120678.3671875000,131418.6875000000,149793.7187500000,,,
0.1319999998,1,175469.2031250000,198711.7500000000,165191.3281250000,164299.4062500000,131616.9218750000,119791.1171875000,130416.2343750000,153201.4375000000,,,
0.1359999997,1,175423.6250000000,213081.0468750000,165194.4531250000,164267.1718750000,131619.2812500000,119760.8906250000,130395.1015625000,154687.4687500000,,,
0.1399999997,1,175767.7500000000,210172.9062500000,165709.6093750000,164990.6093750000,132336.5312500000,120448.6640625000,131172.5625000000,152830.5000000000,,,
0.1439999996,1,176083.3125000000,193256.3437500000,166135.8125000000,165640.0781250000,132946.6875000000,121055.3281250000,131854.2187500000,149849.8906250000,,,
0.1479999996,1,175909.9062500000,184552.1718750000,165835.1562500000,165257.5781250000,132537.8125000000,120676.7031250000,131435.6406250000,149794.6406250000,,,
0.1519999998,1,175483.8125000000,198676.6718750000,165199.5000000000,164313.9687500000,131627.5000000000,119804.8281250000,130448.6875000000,153201.1406250000,,,
0.1559999997,1,175434.8125000000,213015.3906250000,165201.2500000000,164277.8125000000,131631.5156250000,119760.2968750000,130427.2031250000,154687.7343750000,,,
0.1599999997,1,175806.8281250000,210157.1093750000,165747.8281250000,165026.1718750000,132379.3750000000,120464.6718750000,131221.7031250000,152862.0312500000,,,
0.1639999996,1,176123.4687500000,193268.6093750000,166182.3437500000,165688.0625000000,132998.7968750000,121073.2968750000,131915.4531250000,149878.9062500000,,,
0.1679999996,1,175934.2187500000,184467.7656250000,165866.7343750000,165297.2187500000,132577.2656250000,120693.6015625000,131489.8125000000,149792.0312500000,,,
0.1719999998,1,175491.5937500000,198474.1875000000,165212.9062500000,164333.5468750000,131646.5625000000,119806.1953125000,130478.8671875000,153179.1875000000,,,
0.1759999997,1,175434.0312500000,212835.1718750000,165194.7500000000,164258.1875000000,131627.9531250000,119758.8750000000,130426.7500000000,154690.0937500000,,,
0.1799999997,1,175790.6562500000,210061.2812500000,165724.9218750000,164976.1562500000,132358.5312500000,120454.1640625000,131213.1718750000,152865.3125000000,,,
0.1839999997,1,176108.1875000000,193202.2500000000,166155.9218750000,165626.9375000000,132977.2968750000,121070.4765625000,131900.2812500000,149870.7812500000,,,
0.1879999996,1,175922.5937500000,184309.5781250000,165843.5468750000,165234.1250000000,132561.1718750000,120691.6718750000,131472.8125000000,149763.4375000000,,,
0.1919999996,1,175485.7187500000,198247.7031250000,165194.1718750000,164277.9218750000,131636.3125000000,119799.8359375000,130466.9296875000,153142.9218750000,,,
0.1959999998,1,175436.7968750000,212649.8750000000,165189.7187500000,164219.8281250000,131628.5937500000,119752.4687500000,130428.6015625000,154661.4531250000,,,
0.1999999997,1,175798.2031250000,210010.2656250000,165726.0156250000,164961.8281250000,132363.5000000000,120443.3515625000,131214.0625000000,152862.7656250000,,,
0.2039999997,1,176119.3437500000,193239.2656250000,166164.6718750000,165626.7812500000,132989.8125000000,121058.8125000000,131906.3437500000,149873.7031250000,,,
0.2079999996,1,175935.2031250000,184260.4687500000,165854.3593750000,165242.1562500000,132575.6093750000,120682.1484375000,131482.5000000000,149745.6875000000,,,
0.2119999996,1,175494.9218750000,198096.7187500000,165201.0000000000,164267.8906250000,131640.6718750000,119798.2812500000,130467.6015625000,153122.7187500000,,,
0.2159999998,1,175439.3750000000,212539.7968750000,165183.6250000000,164201.1250000000,131619.1718750000,119766.6328125000,130424.2265625000,154656.4375000000,,,
0.2199999997,1,175790.6875000000,209975.1718750000,165712.2343750000,164944.1562500000,132343.5312500000,120443.9140625000,131206.3593750000,152848.7031250000,,,
0.2239999997,1,176116.1718750000,193265.6875000000,166164.4218750000,165604.9218750000,132982.3281250000,121061.9765625000,131915.0312500000,149850.5937500000,,,
0.2279999997,1,175931.5000000000,184214.9218750000,165853.6406250000,165239.6250000000,132573.0000000000,120694.1953125000,131497.7031250000,149702.7656250000,,,
0.2319999996,1,175494.4062500000,197950.9218750000,165202.7500000000,164301.5000000000,131644.0781250000,119803.4062500000,130487.9062500000,153076.4062500000,,,
0.2359999996,1,175453.4062500000,212417.5156250000,165202.8750000000,164252.9218750000,131638.8437500000,119767.3828125000,130452.9843750000,154645.5468750000,,,
0.2399999998,1,175800.1875000000,209919.3281250000,165726.8593750000,164954.5156250000,132360.3281250000,120448.6640625000,131223.4218750000,152858.7343750000,,,
0.2439999997,1,176112.3125000000,193211.7656250000,166164.7968750000,165619.0468750000,132986.5156250000,121060.7187500000,131890.7500000000,149851.3125000000,,,
0.2479999997,1,175920.9843750000,184054.0468750000,165852.2500000000,165231.0468750000,132577.9687500000,120680.0859375000,131482.8437500000,149671.5468750000,,,
0.2519999996,1,175486.6562500000,197737.0625000000,165201.4843750000,164259.3125000000,131648.6250000000,119786.8281250000,130499.6796875000,153056.3281250000,,,
0.2559999996,2,175431.8906250000,212280.7500000000,165186.7812500000,164193.3593750000,131627.4687500000,119743.9921875000,130454.9921875000,154637.6250000000,,,
0.2599999995,2,175780.4375000000,209879.6406250000,165714.0312500000,164930.9843750000,132350.7812500000,120429.7265625000,131229.4531250000,152858.8750000000,,,
0.2639999995,2,176095.2500000000,193207.3437500000,166151.5468750000,165599.0156250000,132977.2031250000,121048.8593750000,131924.1718750000,149836.2968750000,,,
0.2679999995,2,175934.6718750000,183990.9531250000,165869.7656250000,165247.5468750000,132600.1718750000,120710.4453125000,131537.5312500000,149669.5156250000,,,
0.2719999994,2,175521.7500000000,197569.1875000000,165245.7656250000,164312.6875000000,131694.3906250000,119831.5390625000,130550.5078125000,153065.2187500000,,,
0.2759999994,2,175449.8281250000,212087.9062500000,165209.6406250000,164220.0468750000,131647.5312500000,119753.4062500000,130473.6093750000,154635.7031250000,,,
0.2799999996,2,175784.3125000000,209736.6562500000,165713.8125000000,164934.7656250000,132347.4218750000,120435.7109375000,131223.1250000000,152859.8125000000,,,
0.2839999995,2,176103.2187500000,193106.1250000000,166155.9843750000,165605.0000000000,132978.0156250000,121066.0234375000,131918.4531250000,149850.7812500000,,,
0.2879999995,2,175918.9218750000,183795.3437500000,165852.6250000000,165227.9531250000,132580.3281250000,120708.3828125000,131512.3437500000,149644.9218750000,,,
0.2919999994,2,175480.3281250000,197252.0937500000,165203.1250000000,164264.5156250000,131651.7656250000,119804.5312500000,130509.0703125000,152999.7656250000,,,
0.2959999994,2,175410.6718750000,211806.0000000000,165162.7500000000,164183.5156250000,131604.3437500000,119735.8125000000,130432.0625000000,154595.0156250000,,,
0.2999999996,2,175777.3125000000,209583.7656250000,165704.0312500000,164927.3906250000,132336.1875000000,120440.4296875000,131219.6718750000,152865.3125000000,,,
0.3039999995,2,176103.7812500000,193074.3437500000,166158.5312500000,165623.1875000000,132976.7812500000,121058.8671875000,131927.9843750000,149859.5468750000,,,
0.3079999995,2,175933.5625000000,183735.7968750000,165872.8125000000,165260.5000000000,132598.7812500000,120714.1484375000,131540.1093750000,149636.0156250000,,,
0.3119999995,2,175498.8125000000,197093.1250000000,165220.1093750000,164291.0156250000,131669.6250000000,119828.1328125000,130529.6953125000,152978.0937500000,,,
0.3159999994,2,175445.7031250000,211700.3750000000,165200.1250000000,164207.0312500000,131637.3437500000,119771.5390625000,130464.0859375000,154594.5625000000,,,
0.3199999994,2,175788.0937500000,209593.7187500000,165714.6406250000,164931.0156250000,132341.8437500000,120440.3984375000,131218.1093750000,152859.7343750000,,,
0.3239999996,2,176096.6718750000,193201.1250000000,166147.6093750000,165603.7343750000,132962.3750000000,121056.3437500000,131904.6718750000,149856.5468750000,,,
0.3279999995,2,175930.4375000000,183837.5781250000,165866.5937500000,165256.8750000000,132589.0625000000,120722.8359375000,131522.5625000000,149622.9218750000,,,
0.3319999995,2,175493.9843750000,197080.9062500000,165211.8437500000,164302.9687500000,131659.0312500000,119837.5781250000,130517.5390625000,152951.8437500000,,,
0.3359999994,2,175418.6093750000,211698.1562500000,165170.6718750000,164202.9843750000,131603.2812500000,119750.4296875000,130435.7343750000,154565.9062500000,,,
0.3399999994,2,175772.7187500000,209680.2656250000,165702.0468750000,164922.0312500000,132323.4687500000,120424.4140625000,131210.4375000000,152865.0468750000,,,
0.3439999996,2,176093.7031250000,193348.7812500000,166148.9843750000,165601.4062500000,132958.3750000000,121047.5234375000,131911.9218750000,149887.8125000000,,,
0.3479999995,2,175925.2812500000,183910.8437500000,165864.2031250000,165260.0156250000,132585.2812500000,120720.5078125000,131528.7968750000,149641.0781250000,,,
0.3519999995,2,175491.2500000000,197063.6406250000,165215.6718750000,164311.1250000000,131660.3750000000,119825.7734375000,130529.7968750000,152960.2656250000,,,
0.3559999994,2,175409.9218750000,211723.9218750000,165164.8437500000,164193.8906250000,131597.4843750000,119733.9609375000,130437.2343750000,154595.6250000000,,,
0.3599999994,2,175768.5312500000,209804.0000000000,165699.8750000000,164916.4218750000,132322.3750000000,120421.7578125000,131211.2500000000,152927.9062500000,,,
0.3639999994,2,176094.9062500000,193513.7031250000,166153.9062500000,165590.6562500000,132963.0156250000,121053.4453125000,131918.0781250000,149954.6875000000,,,
0.3679999996,2,175939.6250000000,183989.3125000000,165881.3125000000,165259.2031250000,132603.1718750000,120730.7812500000,131551.0781250000,149684.0937500000,,,
0.3719999995,2,175512.0625000000,197061.7656250000,165238.5000000000,164321.6406250000,131683.6093750000,119831.1640625000,130555.6875000000,152981.3906250000,,,
0.3759999995,2,175446.9062500000,211761.6093750000,165206.3437500000,164218.3437500000,131633.2656250000,119752.6328125000,130473.1484375000,154635.0000000000,,,
0.3799999994,2,175762.3906250000,209895.7343750000,165692.7656250000,164903.2812500000,132310.8125000000,120404.7578125000,131196.0000000000,152944.7031250000,,,
0.3839999994,3,176073.9843750000,193570.4687500000,166133.9843750000,165557.7343750000,132946.2343750000,121041.7500000000,131898.7500000000,149959.9687500000,,,
0.3879999993,3,175932.2343750000,183904.9062500000,165879.6093750000,165245.2656250000,132607.3281250000,120739.4140625000,131565.7812500000,149685.3281250000,,,
0.3919999993,3,175521.7187500000,196886.7500000000,165248.0781250000,164328.6718750000,131699.3281250000,119862.6250000000,130582.5312500000,152999.2031250000,,,
0.3959999993,3,175462.0312500000,211627.5312500000,165218.8906250000,164231.1250000000,131650.7031250000,119781.7031250000,130493.5625000000,154678.5156250000,,,
0.3999999992,3,175783.8437500000,209816.1718750000,165715.4218750000,164920.0156250000,132335.3281250000,120433.6953125000,131218.7031250000,153001.7812500000,,,
0.4039999992,3,176084.4218750000,193481.3906250000,166144.7968750000,165588.8750000000,132956.4218750000,121046.7187500000,131919.1875000000,149986.5468750000,,,
0.4079999994,3,175933.7343750000,183693.3593750000,165883.7812500000,165269.4531250000,132609.7500000000,120731.7187500000,131576.2968750000,149655.7187500000,,,
0.4119999993,3,175517.5937500000,196574.0625000000,165250.8125000000,164320.2968750000,131699.8281250000,119853.4296875000,130592.5078125000,152949.7500000000,,,
0.4159999993,3,175459.4375000000,211336.1875000000,165220.4218750000,164219.0781250000,131651.9843750000,119773.3593750000,130507.9375000000,154638.7656250000,,,
0.4199999992,3,175799.7500000000,209581.4375000000,165732.7187500000,164930.1875000000,132353.0625000000,120434.0703125000,131262.4687500000,152989.7343750000,,,
0.4239999992,3,176119.7968750000,193316.9218750000,166179.5000000000,165603.3281250000,132989.3593750000,121072.0859375000,131966.8281250000,150009.2656250000,,,
0.4279999994,3,175985.6562500000,183525.5937500000,165935.0156250000,165305.0156250000,132659.7500000000,120780.9375000000,131623.9062500000,149691.1093750000,,,
0.4319999993,3,175567.5781250000,196368.8125000000,165301.1093750000,164373.6562500000,131747.2031250000,119897.1171875000,130629.0937500000,152971.5312500000,,,
0.4359999993,3,175462.2031250000,211182.6250000000,165227.5781250000,164220.3125000000,131657.9843750000,119772.0781250000,130516.1718750000,154634.5937500000,,,
0.4399999992,3,175798.5156250000,209568.7187500000,165732.2656250000,164928.7343750000,132353.0781250000,120440.9375000000,131267.6562500000,153007.9531250000,,,
0.4439999992,3,176131.4375000000,193388.4531250000,166185.4843750000,165636.2187500000,132998.6406250000,121087.8359375000,131978.1875000000,150044.4218750000,,,
0.4479999992,3,175954.8906250000,183518.4062500000,165896.9531250000,165287.7500000000,132630.3125000000,120752.4218750000,131607.1406250000,149663.6093750000,,,
0.4519999993,3,175539.7656250000,196308.5156250000,165267.9218750000,164334.5937500000,131722.7968750000,119882.2343750000,130624.9140625000,152930.0781250000,,,
0.4559999993,3,175479.9062500000,211188.4843750000,165233.9687500000,164232.1406250000,131667.9375000000,119802.1406250000,130532.2421875000,154647.2031250000,,,
0.4599999993,3,175813.4843750000,209690.4062500000,165740.8593750000,164933.9062500000,132360.1875000000,120456.3046875000,131269.7187500000,153048.3750000000,,,
0.4639999992,3,176117.1093750000,193581.5468750000,166172.2343750000,165606.5312500000,132984.9062500000,121072.0625000000,131963.5156250000,150072.9687500000,,,
0.4679999992,3,175963.6875000000,183668.2031250000,165912.4375000000,165291.3906250000,132647.6718750000,120768.7343750000,131626.7500000000,149689.9687500000,,,
0.4719999994,3,175547.2187500000,196379.7343750000,165283.4062500000,164353.2187500000,131739.7656250000,119891.4843750000,130642.3984375000,152925.0468750000,,,
0.4759999993,3,175489.6406250000,211259.7968750000,165256.4531250000,164238.3281250000,131689.2656250000,119809.2500000000,130554.6875000000,154636.4843750000,,,
0.4799999993,3,175795.0312500000,209849.7343750000,165716.7968750000,164907.8906250000,132339.5625000000,120446.7031250000,131257.0781250000,153045.5000000000,,,
0.4839999992,3,176121.2187500000,193804.2968750000,166162.0937500000,165594.5937500000,132978.4218750000,121091.6718750000,131971.9687500000,150100.9218750000,,,
0.4879999992,3,175978.5000000000,183806.0156250000,165920.7500000000,165315.2656250000,132654.1875000000,120781.1250000000,131650.5312500000,149695.6875000000,,,
0.4919999992,3,175535.1562500000,196399.0468750000,165264.9531250000,164355.8125000000,131717.3281250000,119869.7890625000,130635.2890625000,152876.7812500000,,,
0.4959999993,3,175458.6093750000,211305.2812500000,165211.3906250000,164205.3437500000,131644.6093750000,119783.6640625000,130527.1953125000,154592.0625000000,,,
0.4999999993,3,175794.7187500000,209935.4218750000,165714.6406250000,164905.2343750000,132334.2500000000,120445.6562500000,131263.0156250000,153031.4687500000,,,
0.5039999993,3,176139.2656250000,193910.1093750000,166184.7812500000,165615.7343750000,132996.9531250000,121092.9296875000,131992.6250000000,150102.3125000000,,,
0.5079999992,3,176016.4843750000,183855.9531250000,165959.1562500000,165361.9062500000,132692.9531250000,120811.8046875000,131687.0937500000,149699.3906250000,,,
0.5119999992,4,175607.5781250000,196395.6562500000,165338.4687500000,164421.7968750000,131789.6562500000,119944.0625000000,130714.6015625000,152907.8437500000,,,
0.5159999991,4,175528.2031250000,211361.6875000000,165282.1093750000,164274.6250000000,131708.7187500000,119839.4218750000,130598.6250000000,154639.2343750000,,,
0.5199999991,4,175829.7968750000,210010.0000000000,165747.6093750000,164954.1093750000,132365.1875000000,120456.1171875000,131301.6093750000,153062.4531250000,,,
0.5239999990,4,176122.3437500000,193947.7500000000,166165.3906250000,165596.8125000000,132981.3906250000,121067.1250000000,131985.3281250000,150092.3593750000,,,
0.5279999990,4,175988.8281250000,183842.5000000000,165930.5625000000,165295.9218750000,132668.3593750000,120792.0625000000,131668.5312500000,149673.8750000000,,,
0.5319999990,4,175577.3125000000,196325.0937500000,165304.0312500000,164362.9218750000,131760.3437500000,119920.3515625000,130688.3750000000,152878.0000000000,,,
0.5359999991,4,175501.5468750000,211345.8437500000,165247.4375000000,164238.5468750000,131679.0156250000,119813.4609375000,130572.2031250000,154632.7500000000,,,
0.5399999991,4,175841.2968750000,210124.5468750000,165751.1250000000,164942.4062500000,132369.9531250000,120471.5390625000,131303.9062500000,153111.7187500000,,,
0.5439999991,4,176155.9843750000,194120.6406250000,166191.9218750000,165632.6562500000,133010.9218750000,121108.8593750000,132009.3906250000,150159.7031250000,,,
0.5479999990,4,175995.3906250000,183885.1093750000,165931.7656250000,165318.0000000000,132679.1093750000,120805.3984375000,131681.8437500000,149689.5937500000,,,
0.5519999990,4,175579.9531250000,196298.5468750000,165304.7031250000,164374.2187500000,131765.8906250000,119921.6640625000,130696.5234375000,152883.0625000000,,,
0.5559999992,4,175514.1875000000,211384.9531250000,165264.1718750000,164235.6718750000,131694.3281250000,119826.3906250000,130589.6406250000,154668.8281250000,,,
0.5599999991,4,175821.7187500000,210290.7343750000,165736.8281250000,164912.7968750000,132355.5781250000,120455.4218750000,131297.3437500000,153145.2500000000,,,
0.5639999991,4,176147.1562500000,194278.0312500000,166194.8906250000,165602.1562500000,133013.7343750000,121097.5390625000,132017.5937500000,150172.6875000000,,,
0.5679999990,4,176007.2031250000,183851.2968750000,165952.3125000000,165320.9843750000,132699.4687500000,120814.5937500000,131700.7968750000,149685.2031250000,,,
0.5719999990,4,175588.6406250000,196191.7031250000,165323.3593750000,164374.5312500000,131779.2031250000,119926.6484375000,130705.0859375000,152882.6093750000,,,
0.5759999990,4,175486.6562500000,211317.6250000000,165235.5000000000,164217.4062500000,131662.3593750000,119796.6953125000,130556.5156250000,154659.2968750000,,,
0.5799999991,4,175797.3750000000,210316.6250000000,165710.4062500000,164882.5781250000,132325.2656250000,120417.2265625000,131265.7500000000,153140.5781250000,,,
0.5839999991,4,176122.6406250000,194317.6406250000,166170.0312500000,165584.2656250000,132992.8750000000,121069.8359375000,131998.7968750000,150155.4687500000,,,
0.5879999991,4,175988.0468750000,183772.8125000000,165931.0781250000,165307.7343750000,132685.2812500000,120806.9218750000,131696.2968750000,149654.2500000000,,,
0.5919999990,4,175560.6562500000,196040.1562500000,165289.0000000000,164345.2500000000,131749.6718750000,119909.4609375000,130684.6406250000,152851.5000000000,,,
0.5959999990,4,175484.8437500000,211240.9062500000,165238.0781250000,164204.8906250000,131658.7656250000,119792.8906250000,130553.1093750000,154663.1875000000,,,
0.5999999992,4,175819.5781250000,210260.2500000000,165737.6406250000,164901.5312500000,132345.4218750000,120451.8046875000,131292.2968750000,153169.1562500000,,,
0.6039999991,4,176145.9218750000,194297.0781250000,166191.5468750000,165612.6718750000,133007.0156250000,121105.8046875000,132020.0312500000,150195.5781250000,,,
0.6079999991,4,175981.8750000000,183755.5156250000,165926.1718750000,165314.3281250000,132674.4375000000,120806.9218750000,131690.2656250000,149657.3281250000,,,
0.6119999990,4,175553.0156250000,195956.0781250000,165280.2343750000,164354.1562500000,131735.1875000000,119906.4843750000,130682.5781250000,152838.6718750000,,,
0.6159999990,4,175463.4062500000,211195.6406250000,165211.5781250000,164213.5156250000,131630.5000000000,119771.1875000000,130542.6250000000,154647.0000000000,,,
0.6199999989,4,175781.4375000000,210185.4843750000,165702.1718750000,164881.0468750000,132310.5000000000,120400.9218750000,131266.5468750000,153118.5625000000,,,
0.6239999991,4,176106.3906250000,194234.9062500000,166157.6718750000,165578.1718750000,132968.5937500000,121045.6953125000,131983.9062500000,150146.8593750000,,,
0.6279999991,4,175977.0156250000,183686.7656250000,165930.4531250000,165324.4375000000,132670.9218750000,120781.7109375000,131683.5000000000,149628.1562500000,,,
0.6319999991,4,175557.6093750000,195777.7968750000,165293.4062500000,164361.3437500000,131742.3750000000,119897.3906250000,130684.4843750000,152808.0156250000,,,
0.6359999990,4,175459.1718750000,211042.7031250000,165214.5000000000,164180.0468750000,131628.7343750000,119770.7109375000,130537.6562500000,154637.7656250000,,,
0.6399999990,5,175792.5625000000,210154.1562500000,165715.1562500000,164880.9062500000,132320.5312500000,120434.3125000000,131273.9218750000,153159.1718750000,,,
0.6439999989,5,176110.1406250000,194241.1562500000,166164.9843750000,165594.3281250000,132976.2968750000,121060.6093750000,131994.7187500000,150172.6406250000,,,
0.6479999989,5,175985.4375000000,183632.5312500000,165943.8125000000,165311.0781250000,132684.7656250000,120797.2187500000,131699.2187500000,149643.0156250000,,,
0.6519999988,5,175554.5781250000,195726.4218750000,165289.2968750000,164328.6093750000,131740.1718750000,119902.8359375000,130682.5546875000,152819.1250000000,,,
0.6559999988,5,175415.7187500000,211057.3125000000,165169.4062500000,164143.8125000000,131585.5468750000,119721.4375000000,130493.7265625000,154621.7500000000,,,
0.6599999988,5,175748.3906250000,210295.8125000000,165672.5937500000,164840.4687500000,132274.7968750000,120367.8515625000,131231.3906250000,153154.2656250000,,,
0.6639999989,5,176095.8906250000,194449.5625000000,166150.7187500000,165573.9375000000,132960.0156250000,121043.8984375000,131986.3750000000,150204.8281250000,,,
0.6679999989,5,175971.1250000000,183741.7500000000,165924.9062500000,165316.9218750000,132669.7187500000,120785.8437500000,131695.2812500000,149649.9531250000,,,
0.6719999989,5,175560.6406250000,195746.0000000000,165294.4531250000,164364.6406250000,131747.2812500000,119895.5390625000,130702.8828125000,152817.4843750000,,,
0.6759999988,5,175487.8750000000,211133.7031250000,165241.4843750000,164226.1875000000,131650.8593750000,119772.3437500000,130569.2031250000,154699.7500000000,,,
0.6799999988,5,175786.5781250000,210441.4218750000,165708.5781250000,164896.0312500000,132305.0937500000,120390.4609375000,131272.4218750000,153228.3437500000,,,
0.6839999990,5,176106.0625000000,194624.4687500000,166155.8750000000,165581.2656250000,132964.8437500000,121058.3593750000,131996.7343750000,150257.3437500000,,,
0.6879999989,5,175980.2343750000,183849.4062500000,165937.1562500000,165328.6562500000,132681.6250000000,120800.1640625000,131717.3750000000,149675.5937500000,,,
0.6919999989,5,175538.9687500000,195754.5937500000,165277.6406250000,164350.8437500000,131731.1875000000,119885.4218750000,130703.9843750000,152797.4531250000,,,
0.6959999988,5,175448.0156250000,211166.9375000000,165203.1562500000,164176.1093750000,131617.9218750000,119757.1328125000,130557.6406250000,154669.3906250000,,,
0.6999999988,5,175771.9062500000,210572.2187500000,165690.5625000000,164853.4375000000,132292.9843750000,120402.6093750000,131277.2187500000,153234.6250000000,,,
0.7039999987,5,176112.2031250000,194773.5468750000,166164.7187500000,165576.0625000000,132974.3125000000,121070.2656250000,132021.4843750000,150266.7343750000,,,
0.7079999989,5,176001.4062500000,183896.9375000000,165961.4687500000,165331.8750000000,132706.9531250000,120830.1250000000,131752.7812500000,149673.7968750000,,,
0.7119999989,5,175571.0937500000,195733.1875000000,165310.9531250000,164363.4531250000,131763.9062500000,119922.7890625000,130735.2812500000,152798.7343750000,,,
0.7159999989,5,175477.4843750000,211185.3906250000,165225.2812500000,164190.5937500000,131639.0625000000,119786.3437500000,130576.6328125000,154683.5781250000,,,
0.7199999988,5,175809.5781250000,210634.0312500000,165729.0000000000,164876.9687500000,132324.1250000000,120430.2343750000,131311.1875000000,153262.7656250000,,,
0.7239999988,5,176114.2187500000,194838.6093750000,166175.2343750000,165593.9531250000,132979.3281250000,121061.0078125000,132034.9218750000,150263.0781250000,,,
0.7279999990,5,175980.0312500000,183874.8437500000,165940.6562500000,165341.7343750000,132686.0625000000,120809.9531250000,131745.7812500000,149634.5000000000,,,
0.7319999989,5,175551.0000000000,195609.3437500000,165285.0625000000,164357.5781250000,131739.8593750000,119912.7031250000,130732.4140625000,152743.9687500000,,,
0.7359999989,5,175462.0937500000,211093.3437500000,165208.8906250000,164185.8750000000,131621.0000000000,119776.1484375000,130579.1015625000,154640.0781250000,,,
0.7399999988,5,175789.9375000000,210622.4531250000,165703.0312500000,164874.0156250000,132301.4843750000,120419.1875000000,131302.2187500000,153232.1250000000,,,
0.7439999988,5,176125.0000000000,194891.3125000000,166176.0937500000,165596.5468750000,132980.5937500000,121076.8125000000,132044.9062500000,150267.3281250000,,,
0.7479999987,5,176017.7968750000,183897.6093750000,165977.6093750000,165346.7031250000,132718.9062500000,120850.7812500000,131788.1093750000,149641.9375000000,,,
0.7519999989,5,175615.0625000000,195582.6093750000,165354.2343750000,164385.6093750000,131802.6718750000,119972.3828125000,130799.5000000000,152761.6718750000,,,
0.7559999989,5,175488.3437500000,211115.8437500000,165242.9062500000,164184.1562500000,131651.3437500000,119781.1406250000,130611.7656250000,154636.5000000000,,,
0.7599999988,5,175786.2656250000,210738.1875000000,165700.6718750000,164851.8593750000,132298.3125000000,120404.1953125000,131298.1250000000,153229.2812500000,,,
0.7639999988,5,176113.9687500000,195064.7031250000,166159.1718750000,165568.1250000000,132966.0468750000,121068.7109375000,132035.4531250000,150275.7500000000,,,
0.7679999988,6,175995.1562500000,183997.8437500000,165951.2187500000,165332.8281250000,132697.4062500000,120829.3515625000,131773.0000000000,149627.4218750000,,,
0.7719999987,6,175575.4375000000,195597.6562500000,165311.2656250000,164380.1093750000,131765.5000000000,119938.7187500000,130767.5234375000,152719.5312500000,,,
0.7759999987,6,175476.2343750000,211167.0781250000,165223.7500000000,164192.5937500000,131634.5000000000,119783.7421875000,130600.3437500000,154640.6562500000,,,
0.7799999986,6,175796.7968750000,210881.3125000000,165708.3906250000,164858.4062500000,132302.2812500000,120415.4296875000,131315.9843750000,153272.6093750000,,,
0.7839999986,6,176143.2968750000,195264.5468750000,166188.7812500000,165583.9218750000,132988.4531250000,121097.9453125000,132066.6718750000,150341.1875000000,,,
0.7879999985,6,176033.4843750000,184117.0937500000,165987.2968750000,165355.0781250000,132728.3593750000,120870.6250000000,131807.9531250000,149677.9843750000,,,
0.7919999987,6,175598.0781250000,195617.4531250000,165334.5000000000,164394.7343750000,131787.2187500000,119950.9531250000,130792.6562500000,152726.4531250000,,,
0.7959999987,6,175484.3750000000,211196.7968750000,165230.6093750000,164206.6875000000,131641.5156250000,119786.9062500000,130605.1953125000,154635.7031250000,,,
0.7999999986,6,175781.4375000000,210917.8906250000,165690.9062500000,164862.2187500000,132285.7968750000,120404.7812500000,131296.2343750000,153252.7812500000,,,
0.8039999986,6,176118.9062500000,195295.9375000000,166163.7031250000,165574.9062500000,132962.1093750000,121074.6328125000,132043.7656250000,150312.2187500000,,,
0.8079999986,6,176004.4687500000,184109.2343750000,165960.7343750000,165353.9218750000,132701.8593750000,120846.6718750000,131791.7500000000,149633.1718750000,,,
0.8119999988,6,175586.8437500000,195520.5937500000,165323.2812500000,164409.1875000000,131776.5156250000,119956.7421875000,130794.0234375000,152685.8125000000,,,
0.8159999987,6,175491.4062500000,211133.9687500000,165233.2968750000,164215.8750000000,131641.8437500000,119800.3750000000,130618.7968750000,154624.1718750000,,,
0.8199999987,6,175800.1093750000,210942.5156250000,165707.3281250000,164851.2187500000,132297.7812500000,120416.3671875000,131320.9375000000,153266.5156250000,,,
0.8239999986,6,176145.4843750000,195364.8125000000,166192.2656250000,165576.5625000000,132985.3125000000,121093.5468750000,132078.7812500000,150336.8437500000,,,
0.8279999986,6,176026.0000000000,184107.6250000000,165983.7500000000,165349.2500000000,132720.6562500000,120858.5078125000,131816.9687500000,149635.2031250000,,,
0.8319999985,6,175593.9218750000,195433.2656250000,165334.0625000000,164377.1562500000,131784.8906250000,119951.1093750000,130809.6640625000,152662.4062500000,,,
0.8359999987,6,175484.3281250000,211085.4218750000,165228.1250000000,164199.9218750000,131636.7812500000,119784.4375000000,130620.3750000000,154602.8125000000,,,
0.8399999987,6,175787.3125000000,210947.6875000000,165693.5156250000,164861.8125000000,132284.5781250000,120392.8984375000,131310.5156250000,153249.7187500000,,,
0.8439999986,6,176120.2500000000,195412.4218750000,166163.3593750000,165555.1093750000,132958.6718750000,121057.9765625000,132054.5781250000,150317.8750000000,,,
0.8479999986,6,176013.0156250000,184122.4062500000,165972.9218750000,165335.4375000000,132713.1718750000,120849.0625000000,131814.6875000000,149616.2968750000,,,
0.8519999986,6,175602.1562500000,195365.4062500000,165346.2968750000,164396.9531250000,131798.4531250000,119960.5000000000,130825.0312500000,152647.2968750000,,,
0.8559999987,6,175484.2968750000,211055.0156250000,165230.0312500000,164198.6093750000,131637.3593750000,119779.4531250000,130623.1406250000,154598.2812500000,,,
0.8599999987,6,175769.7656250000,211014.5312500000,165672.8125000000,164835.6875000000,132264.0156250000,120381.2578125000,131300.4062500000,153258.4687500000,,,
0.8639999987,6,176091.5000000000,195532.0156250000,166134.2031250000,165540.2812500000,132928.9843750000,121040.6796875000,132041.1718750000,150318.7343750000,,,
0.8679999986,6,175989.0156250000,184151.0781250000,165947.2968750000,165349.4062500000,132687.2968750000,120833.0234375000,131808.3281250000,149593.8125000000,,,
0.8719999986,6,175572.2187500000,195307.2031250000,165309.0156250000,164404.1718750000,131762.6718750000,119940.1171875000,130813.8984375000,152607.6093750000,,,
0.8759999985,6,175459.1718750000,211029.0156250000,165202.2656250000,164165.8125000000,131608.8281250000,119761.1562500000,130624.9140625000,154570.5312500000,,,
0.8799999987,6,175766.0625000000,211079.9062500000,165673.9062500000,164812.2656250000,132259.0156250000,120381.2578125000,131315.9218750000,153264.7656250000,,,
0.8839999987,6,176102.5781250000,195648.4843750000,166146.7500000000,165550.2031250000,132936.5000000000,121053.4218750000,132058.3593750000,150342.5000000000,,,
0.8879999986,6,175994.1406250000,184188.7656250000,165956.4218750000,165340.6875000000,132695.9062500000,120840.7734375000,131829.1718750000,149588.7812500000,,,
0.8919999986,6,175570.0000000000,195252.3750000000,165312.3437500000,164369.4062500000,131769.4843750000,119950.2578125000,130835.6015625000,152584.9375000000,,,
0.8959999986,7,175454.9843750000,210996.2968750000,165201.1093750000,164158.0312500000,131610.2812500000,119772.0781250000,130636.0937500000,154560.6250000000,,,
0.8999999985,7,175759.2812500000,211134.6718750000,165664.2812500000,164806.9375000000,132250.1718750000,120387.4296875000,131315.2812500000,153271.4687500000,,,
0.9039999985,7,176113.7031250000,195785.3281250000,166159.2031250000,165536.9218750000,132947.6250000000,121076.1406250000,132085.2968750000,150372.5468750000,,,
0.9079999984,7,176027.6562500000,184273.2343750000,165992.9218750000,165374.8593750000,132731.4375000000,120879.1562500000,131878.8750000000,149617.3437500000,,,
0.9119999984,7,175576.8437500000,195212.6250000000,165319.8750000000,164396.6562500000,131778.9531250000,119956.2890625000,130853.5156250000,152566.9687500000,,,
0.9159999983,7,175457.5781250000,210970.7656250000,165196.8125000000,164175.5156250000,131610.1875000000,119775.7500000000,130651.5468750000,154552.9062500000,,,
0.9199999985,7,175767.4375000000,211200.8437500000,165660.7343750000,164834.5312500000,132251.7187500000,120397.9687500000,131341.6562500000,153292.3750000000,,,
0.9239999985,7,176105.5000000000,195905.1875000000,166139.4062500000,165553.1250000000,132933.1406250000,121070.4765625000,132088.7031250000,150381.7968750000,,,
0.9279999984,7,176004.2500000000,184330.8750000000,165964.8750000000,165355.7343750000,132710.3593750000,120858.5859375000,131874.8750000000,149588.6406250000,,,
0.9319999984,7,175587.6250000000,195195.5156250000,165329.7500000000,164403.2656250000,131791.8593750000,119971.4140625000,130886.2656250000,152557.1718750000,,,
0.9359999984,7,175467.9687500000,210978.8125000000,165209.4218750000,164175.7812500000,131620.4687500000,119781.8359375000,130672.6562500000,154556.9843750000,,,
0.9399999985,7,175761.5000000000,211264.8593750000,165660.2031250000,164809.0468750000,132247.5625000000,120384.3437500000,131339.7500000000,153292.8593750000,,,
0.9439999985,7,176111.7031250000,196000.0625000000,166151.6406250000,165553.6562500000,132940.9218750000,121066.6406250000,132104.2343750000,150397.4843750000,,,
0.9479999985,7,176023.1562500000,184381.4531250000,165985.3437500000,165375.9843750000,132727.5000000000,120881.6796875000,131904.0000000000,149615.1875000000,,,
0.9519999984,7,175602.1093750000,195158.3593750000,165347.2187500000,164418.3281250000,131804.9687500000,119994.7265625000,130914.1640625000,152571.8281250000,,,
0.9559999984,7,175482.1562500000,210981.3906250000,165220.9531250000,164190.0781250000,131628.2187500000,119809.0078125000,130695.2890625000,154588.1718750000,,,
0.9599999983,7,175769.4531250000,211362.4218750000,165662.2968750000,164820.1250000000,132247.4531250000,120405.1875000000,131358.4687500000,153338.2968750000,,,
0.9639999985,7,176099.3593750000,196125.5937500000,166132.5937500000,165552.2968750000,132924.1562500000,121069.3281250000,132102.6718750000,150419.2187500000,,,
0.9679999985,7,175998.3437500000,184401.0937500000,165959.5000000000,165365.6093750000,132706.0937500000,120863.1953125000,131892.5312500000,149588.3750000000,,,
0.9719999984,7,175586.7656250000,195082.8281250000,165329.7968750000,164421.5312500000,131794.6562500000,119981.4218750000,130910.9921875000,152539.2656250000,,,
0.9759999984,7,175465.8750000000,210925.4375000000,165209.7187500000,164195.2031250000,131622.0156250000,119786.5078125000,130693.1171875000,154561.8125000000,,,
0.9799999984,7,175766.0937500000,211356.4062500000,165666.3750000000,164841.3125000000,132253.3281250000,120391.2656250000,131361.0156250000,153327.9843750000,,,
0.9839999985,7,176121.2656250000,196161.1875000000,166162.0468750000,165582.8125000000,132952.5625000000,121079.0390625000,132124.9843750000,150434.9843750000,,,
0.9879999985,7,176029.3593750000,184397.7968750000,165991.3750000000,165383.8281250000,132738.8906250000,120898.7343750000,131920.6875000000,149616.2656250000,,,
0.9919999985,7,175601.3750000000,194995.2031250000,165339.5156250000,164409.8906250000,131804.3281250000,120010.5781250000,130914.4296875000,152547.5156250000,,,
0.9959999984,7,175475.2031250000,210865.7812500000,165210.3906250000,164177.1562500000,131619.0937500000,119805.3046875000,130686.2031250000,154577.9062500000,,,
0.9999999984,7,175758.1875000000,211350.1406250000,165652.6875000000,164803.9375000000,132234.2656250000,120383.0312500000,131344.8125000000,153332.8750000000,,,
1.0039999983,7,176105.9062500000,196183.8437500000,166141.8437500000,165547.4687500000,132927.2968750000,121063.4765625000,132106.3281250000,150431.5312500000,,,
1.0079999985,7,176021.3125000000,184367.7812500000,165986.8125000000,165373.3437500000,132729.4843750000,120886.9062500000,131917.5781250000,149597.4375000000,,,
1.0119999985,7,175604.8906250000,194900.0156250000,165351.7500000000,164424.3125000000,131812.3281250000,120002.0234375000,130930.3906250000,152526.6875000000,,,
1.0159999984,7,175493.3906250000,210814.9218750000,165237.4531250000,164205.0937500000,131642.9687500000,119809.8437500000,130714.6328125000,154581.5156250000,,,
1.0199999984,7,175789.1562500000,211401.7187500000,165685.7812500000,164857.4687500000,132267.1250000000,120406.2812500000,131375.0468750000,153372.4687500000,,,
1.0239999983,8,176123.5781250000,196291.7031250000,166159.4843750000,165573.5156250000,132948.8281250000,121075.3046875000,132123.7031250000,150461.6406250000,,,
1.0279999983,8,176037.4062500000,184405.1406250000,165998.6875000000,165371.4843750000,132747.9531250000,120904.5546875000,131927.9843750000,149608.9218750000,,,
1.0319999983,8,175604.9687500000,194828.0781250000,165341.6875000000,164420.6093750000,131810.4531250000,120007.8125000000,130932.9062500000,152512.5937500000,,,
1.0359999982,8,175472.7343750000,210764.1718750000,165202.4062500000,164185.7031250000,131612.9062500000,119797.3437500000,130695.7500000000,154562.2656250000,,,
1.0399999982,8,175763.9687500000,211569.2187500000,165649.3125000000,164806.0000000000,132227.7656250000,120380.2109375000,131348.9531250000,153388.0781250000,,,
1.0439999981,8,176123.7656250000,196544.8750000000,166156.0000000000,165562.1406250000,132942.3906250000,121082.6562500000,132131.3281250000,150487.6093750000,,,
1.0479999983,8,176031.9062500000,184374.5937500000,165993.6562500000,165398.3593750000,132740.8593750000,120903.9140625000,131936.7187500000,149577.9375000000,33029,1.0489800700,0.0000000000
1.0519999983,8,175604.0625000000,194737.6250000000,165342.3281250000,164434.2187500000,131803.9843750000,120002.4765625000,130925.5625000000,152500.7500000000,,,
1.0559999982,8,175471.0468750000,210741.8906250000,165205.9687500000,164175.3750000000,131609.9218750000,119792.9687500000,130691.0781250000,154578.1406250000,,,
1.0599999982,8,175775.0468750000,211519.9375000000,165666.0468750000,164807.0468750000,132243.8906250000,120399.3359375000,131362.6250000000,153404.0312500000,,,
1.0639999982,8,176126.1250000000,196470.7343750000,166159.8750000000,165556.2968750000,132947.0312500000,121080.1093750000,132128.5781250000,150489.6562500000,,,
1.0679999983,8,176039.0156250000,184340.4687500000,166002.1875000000,165398.9531250000,132752.0312500000,120909.2265625000,131942.8750000000,149584.7031250000,,,
1.0719999983,8,175597.4062500000,194625.3750000000,165337.6562500000,164427.2343750000,131805.5937500000,120002.0234375000,130927.0625000000,152483.4218750000,,,
1.0759999983,8,175471.5625000000,210671.2968750000,165206.8750000000,164179.2656250000,131615.1093750000,119794.0937500000,130694.4609375000,154576.9531250000,,,
1.0799999982,8,175772.9375000000,211488.3437500000,165667.2812500000,164825.5781250000,132246.6562500000,120391.0234375000,131364.3750000000,153411.7812500000,,,
1.0839999982,8,176125.0000000000,196466.3593750000,166163.4062500000,165577.9843750000,132950.3281250000,121083.2734375000,132132.5468750000,150514.0625000000,,,
1.0879999981,8,176030.2656250000,184341.0312500000,165998.4218750000,165396.4062500000,132748.7187500000,120911.7187500000,131937.7187500000,149609.6093750000,,,
1.0919999983,8,175620.1875000000,194555.0312500000,165364.1562500000,164457.7343750000,131828.3437500000,120029.3515625000,130948.7343750000,152542.1562500000,,,
1.0959999983,8,175476.2343750000,210628.4531250000,165208.4843750000,164185.9531250000,131610.1875000000,119798.5468750000,130687.1406250000,154651.1562500000,,,
1.0999999982,8,175756.5781250000,211462.1406250000,165647.7187500000,164808.7812500000,132222.2500000000,120376.0312500000,131344.9218750000,153465.4218750000,,,
1.1039999982,8,176109.5000000000,196463.3593750000,166141.5781250000,165556.5312500000,132925.2343750000,121066.1093750000,132125.1718750000,150560.8125000000,,,
1.1079999981,8,176036.2968750000,184384.1406250000,165998.7968750000,165405.6875000000,132748.9218750000,120916.7656250000,131956.2187500000,149658.8593750000,,,
1.1119999983,8,175619.8593750000,194508.2656250000,165366.3281250000,164464.1250000000,131833.3281250000,120026.9140625000,130966.9765625000,152525.0781250000,,,
1.1159999983,8,175477.5468750000,210596.4375000000,165213.0000000000,164195.8437500000,131620.0625000000,119793.9062500000,130708.4921875000,154607.6250000000,,,
1.1199999982,8,175771.0625000000,211514.3593750000,165663.1562500000,164810.2656250000,132241.7500000000,120389.3593750000,131369.5468750000,153445.5468750000,,,
1.1239999982,8,176112.1250000000,196565.8750000000,166149.4531250000,165550.4687500000,132935.6406250000,121069.4062500000,132133.7812500000,150543.0000000000,,,
1.1279999982,8,176017.7343750000,184383.0156250000,165990.0000000000,165374.0000000000,132742.7031250000,120903.7031250000,131955.8750000000,149600.4375000000,,,
1.1319999981,8,175597.0937500000,194408.3125000000,165346.7031250000,164402.5937500000,131814.5000000000,120014.5468750000,130960.6953125000,152458.9531250000,,,
1.1359999983,8,175461.0468750000,210539.6250000000,165195.9687500000,164149.3125000000,131597.6093750000,119780.8750000000,130698.3203125000,154568.2968750000,,,
1.1399999983,8,175740.2031250000,211567.2656250000,165626.2656250000,164771.3750000000,132197.5468750000,120354.7890625000,131335.6093750000,153416.0937500000,,,
1.1439999982,8,176103.0000000000,196676.4687500000,166135.8593750000,165532.4218750000,132914.4687500000,121064.3359375000,132119.6562500000,150532.7812500000,,,
1.1479999982,8,176022.0312500000,184380.9687500000,165989.4062500000,165384.5000000000,132736.3125000000,120914.5078125000,131953.7343750000,149574.9843750000,,,
1.1519999981,9,175592.8750000000,194312.1250000000,165337.3125000000,164424.2343750000,131804.1406250000,120015.2968750000,130952.5468750000,152416.0937500000,,,
1.1559999981,9,175448.0625000000,210480.5625000000,165180.6250000000,164142.4218750000,131585.2031250000,119776.0468750000,130685.5859375000,154543.9375000000,,,
1.1599999981,9,175740.3437500000,211618.4375000000,165630.8750000000,164764.8281250000,132204.4375000000,120361.7890625000,131342.8593750000,153438.5000000000,,,
1.1639999980,9,176110.5937500000,196786.2656250000,166153.3750000000,165534.7187500000,132931.3125000000,121074.4218750000,132141.2656250000,150575.8281250000,,,
1.1679999980,9,176044.1250000000,184367.3750000000,166019.7500000000,165398.1406250000,132764.8281250000,120940.7968750000,131983.5625000000,149613.7500000000,,,
1.1719999979,9,175625.2812500000,194214.9218750000,165374.8906250000,164458.1406250000,131840.1875000000,120055.5078125000,130987.6015625000,152459.9687500000,,,
1.1759999981,9,175478.1093750000,210408.2812500000,165215.9375000000,164202.4687500000,131616.9062500000,119798.6015625000,130713.7500000000,154592.2968750000,,,
1.1799999981,9,175754.4062500000,211717.5937500000,165643.2968750000,164808.7656250000,132210.2812500000,120362.9140625000,131354.5781250000,153501.7500000000,,,
1.1839999980,9,176096.7812500000,196974.4843750000,166135.0781250000,165535.3750000000,132914.3593750000,121058.2500000000,132129.7656250000,150602.8593750000,,,
1.1879999980,9,176020.8281250000,184370.4062500000,165995.0468750000,165402.0312500000,132749.7500000000,120919.7421875000,131970.9531250000,149583.4843750000,,,
1.1919999979,9,175609.5937500000,194127.7968750000,165357.7812500000,164457.6875000000,131834.2343750000,120037.4296875000,130996.1328125000,152422.3750000000,,,
1.1959999981,9,175472.2343750000,210353.4218750000,165206.4218750000,164176.1875000000,131614.9218750000,119800.7187500000,130738.2109375000,154576.0468750000,,,
1.1999999981,9,175751.2031250000,211588.0781250000,165640.5937500000,164770.9687500000,132214.3906250000,120364.1171875000,131372.1718750000,153461.0781250000,,,
1.2039999980,9,176098.0156250000,196808.0000000000,166136.8281250000,165515.5000000000,132916.7031250000,121054.8671875000,132142.7187500000,150565.0156250000,,,
1.2079999980,9,176030.2656250000,184365.7656250000,166005.8593750000,165393.1875000000,132757.4843750000,120922.2578125000,131996.8125000000,149570.9375000000,,,
1.2119999980,9,175627.6406250000,194047.5468750000,165379.0781250000,164467.8281250000,131849.1250000000,120047.2187500000,131019.9218750000,152385.6250000000,,,
1.2159999979,9,175496.4218750000,210299.1093750000,165232.8437500000,164191.8281250000,131632.0000000000,119810.1640625000,130753.2578125000,154551.6875000000,,,
1.2199999981,9,175768.1562500000,211532.2343750000,165659.3125000000,164793.1718750000,132226.3437500000,120373.2656250000,131381.4531250000,153441.6093750000,,,
1.2239999981,9,176108.9062500000,196761.4062500000,166144.6875000000,165531.6875000000,132916.4531250000,121056.7734375000,132142.9062500000,150563.2031250000,,,
1.2279999980,9,176037.1093750000,184375.0156250000,166009.2656250000,165400.2968750000,132749.5937500000,120921.8281250000,131994.2343750000,149576.4375000000,,,
1.2319999980,9,175623.7500000000,193975.1875000000,165371.7812500000,164470.6406250000,131836.3593750000,120042.9765625000,131014.2343750000,152368.6718750000,,,
1.2359999979,9,175479.7968750000,210243.2656250000,165210.9062500000,164199.1250000000,131610.5937500000,119798.0390625000,130740.7031250000,154536.7812500000,,,
1.2399999981,9,175754.5312500000,211558.8437500000,165643.3750000000,164796.2343750000,132211.6562500000,120371.0156250000,131380.2812500000,153449.8906250000,,,
1.2439999981,9,176104.2187500000,196858.8281250000,166141.7968750000,165527.8281250000,132915.0156250000,121065.2734375000,132154.4218750000,150584.8125000000,,,
1.2479999980,9,176037.1093750000,184407.8750000000,166012.2968750000,165398.6093750000,132758.3906250000,120931.5937500000,132013.4062500000,149578.4687500000,,,
1.2519999980,9,175611.2968750000,193896.7343750000,165363.8750000000,164456.7968750000,131835.3593750000,120043.5390625000,131020.4062500000,152340.1875000000,,,
1.2559999980,9,175474.5937500000,210173.6093750000,165209.6406250000,164176.1875000000,131614.2500000000,119808.8984375000,130749.0703125000,154524.9531250000,,,
1.2599999979,9,175758.9843750000,211638.8125000000,165646.5937500000,164777.1093750000,132215.4687500000,120383.9921875000,131385.6406250000,153481.4062500000,,,
1.2639999981,9,176106.4062500000,197064.5781250000,166143.4062500000,165523.8906250000,132915.4687500000,121070.2656250000,132154.5781250000,150627.6718750000,,,
1.2679999981,9,176042.2500000000,184478.1250000000,166022.1406250000,165415.7656250000,132770.3281250000,120939.8593750000,132020.5156250000,149589.1718750000,,,
1.2719999980,9,175630.0000000000,193833.0000000000,165381.7343750000,164475.8750000000,131857.6562500000,120064.1171875000,131040.1953125000,152346.6250000000,,,
1.2759999980,9,175479.8281250000,210102.4531250000,165209.4531250000,164178.7812500000,131616.4375000000,119813.6484375000,130756.9843750000,154534.0156250000,,,
1.2799999979,10,175765.5781250000,211693.4843750000,165647.5937500000,164781.7187500000,132217.5468750000,120391.0468750000,131393.0156250000,153517.7500000000,,,
1.2839999979,10,176127.5468750000,197216.1718750000,166159.2187500000,165537.8906250000,132934.6093750000,121099.0703125000,132175.7968750000,150682.6406250000,,,
1.2879999978,10,176059.7187500000,184537.9687500000,166033.4062500000,165431.2656250000,132786.3750000000,120973.3593750000,132045.1875000000,149621.2500000000,,,
1.2919999978,10,175637.0468750000,193796.7968750000,165385.6406250000,164487.0000000000,131865.8281250000,120084.2812500000,131059.3515625000,152347.8593750000,,,
1.2959999978,10,175484.0312500000,210079.9687500000,165210.3125000000,164185.2031250000,131621.2656250000,119817.2187500000,130766.3203125000,154529.4062500000,,,
1.2999999977,10,175750.3437500000,211720.4375000000,165631.0156250000,164766.6250000000,132199.9375000000,120367.4453125000,131379.1250000000,153503.2187500000,,,
1.3039999979,10,176101.2812500000,197279.5625000000,166134.0937500000,165519.7656250000,132903.7656250000,121067.7968750000,132152.4375000000,150662.8593750000,,,
1.3079999979,10,176050.7500000000,184580.8593750000,166027.1718750000,165418.2968750000,132773.4218750000,120960.8828125000,132037.8750000000,149599.0781250000,,,
1.3119999978,10,175653.7031250000,193765.4375000000,165405.5000000000,164487.6718750000,131878.5468750000,120092.1953125000,131074.7656250000,152327.5312500000,,,
1.3159999978,10,175504.8125000000,210095.4531250000,165233.9687500000,164207.7343750000,131636.8750000000,119831.1093750000,130781.0703125000,154527.6562500000,,,
1.3199999977,10,175763.2968750000,211783.6093750000,165644.1093750000,164789.9531250000,132210.2812500000,120387.2109375000,131385.3125000000,153511.4218750000,,,
1.3239999979,10,176097.6875000000,197365.2031250000,166132.3750000000,165518.7343750000,132900.6093750000,121068.8671875000,132145.7812500000,150662.8906250000,,,
1.3279999979,10,176033.7968750000,184649.2187500000,166013.7187500000,165405.8125000000,132758.1562500000,120951.2578125000,132023.0625000000,149580.5625000000,,,
1.3319999978,10,175630.0312500000,193749.2031250000,165383.8437500000,164473.4531250000,131858.1718750000,120080.0468750000,131055.3281250000,152288.7656250000,,,
1.3359999978,10,175466.8906250000,210082.9531250000,165194.7812500000,164184.7187500000,131600.4843750000,119798.1484375000,130752.2343750000,154481.4218750000,,,
1.3399999978,10,175729.7968750000,211829.4218750000,165612.0468750000,164771.6406250000,132177.8593750000,120352.9609375000,131371.0781250000,153479.7500000000,,,
1.3439999977,10,176080.6093750000,197453.0156250000,166117.5625000000,165506.0312500000,132883.3906250000,121053.0156250000,132146.6562500000,150654.8125000000,,,
1.3479999979,10,176043.0000000000,184678.4062500000,166027.0156250000,165425.1875000000,132769.0156250000,120960.4843750000,132046.6093750000,149582.8281250000,,,
1.3519999979,10,175648.0468750000,193658.2343750000,165401.3437500000,164513.5468750000,131874.6562500000,120098.5546875000,131085.6875000000,152284.1250000000,,,
1.3559999978,10,175510.6718750000,210041.8125000000,165237.4843750000,164221.7343750000,131640.9375000000,119842.9375000000,130799.4453125000,154517.7343750000,,,
1.3599999978,10,175792.2187500000,211906.5312500000,165674.0312500000,164819.9687500000,132236.3593750000,120405.3437500000,131420.8593750000,153554.4531250000,,,
1.3639999977,10,176139.4531250000,197593.7812500000,166175.7656250000,165556.5781250000,132939.6250000000,121095.5546875000,132195.4531250000,150729.3281250000,,,
1.3679999979,10,176073.1250000000,184712.3593750000,166060.8593750000,165446.4843750000,132804.4687500000,120974.5937500000,132082.1562500000,149611.4687500000,,,
1.3719999979,10,175644.0312500000,193603.0468750000,165404.2968750000,164508.2500000000,131879.7812500000,120087.2890625000,131091.0312500000,152274.2343750000,,,
1.3759999978,10,175494.8906250000,210005.3750000000,165223.1875000000,164205.0000000000,131626.3750000000,119828.6406250000,130785.5781250000,154510.3125000000,,,
1.3799999978,10,175769.8437500000,212146.1562500000,165643.8437500000,164791.6250000000,132199.3437500000,120382.5156250000,131392.3125000000,153593.8750000000,,,
1.3839999977,10,176106.6875000000,198046.2343750000,166141.3906250000,165545.9687500000,132903.3750000000,121075.9765625000,132170.2968750000,150758.6250000000,,,
1.3879999977,10,176052.0468750000,184774.2343750000,166041.2656250000,165456.5937500000,132791.1250000000,120982.9062500000,132079.7968750000,149566.4062500000,,,
1.3919999979,10,175639.8125000000,193535.5156250000,165399.0781250000,164517.2500000000,131875.0625000000,120100.0859375000,131098.5937500000,152239.7343750000,,,
1.3959999979,10,175491.1718750000,209959.2812500000,165220.9531250000,164207.2968750000,131620.7656250000,119831.0859375000,130791.4531250000,154487.4531250000,,,
1.3999999978,10,175754.7968750000,212138.1875000000,165634.9375000000,164767.1250000000,132188.3750000000,120364.4375000000,131390.6093750000,153564.2656250000,,,
1.4039999978,10,176102.3281250000,198054.4687500000,166141.5781250000,165509.7500000000,132901.6250000000,121063.7500000000,132175.0625000000,150738.2343750000,,,
1.4079999977,11,176060.2968750000,184727.3593750000,166056.3281250000,165437.7031250000,132803.2187500000,120979.0156250000,132098.2968750000,149546.2031250000,,,
1.4119999977,11,175667.7031250000,193410.3437500000,165438.3281250000,164520.5781250000,131909.3906250000,120114.2187500000,131134.7187500000,152230.1562500000,,,
1.4159999976,11,175493.9843750000,209864.0625000000,165228.1250000000,164190.8281250000,131625.1562500000,119824.8906250000,130796.7578125000,154480.9375000000,,,
1.4199999976,11,175732.2656250000,212009.2343750000,165614.8125000000,164736.5781250000,132169.8593750000,120340.7812500000,131375.9843750000,153527.3593750000,,,
1.4239999976,11,176089.4375000000,197854.0000000000,166127.5937500000,165503.6406250000,132888.3437500000,121041.8359375000,132168.7968750000,150695.8906250000,,,
1.4279999975,11,176058.8281250000,184660.2968750000,166045.3593750000,165453.8593750000,132792.5312500000,120972.4140625000,132088.7812500000,149535.6718750000,,,
1.4319999977,11,175657.8906250000,193327.2187500000,165417.4375000000,164520.6562500000,131894.0000000000,120108.9375000000,131123.1875000000,152214.5468750000,,,
1.4359999977,11,175506.7031250000,209852.6562500000,165240.7031250000,164190.6718750000,131639.3750000000,119828.4296875000,130818.0312500000,154493.0000000000,,,
1.4399999976,11,175779.2343750000,211916.4062500000,165666.6875000000,164781.1250000000,132224.4218750000,120384.7968750000,131436.1406250000,153548.7343750000,,,
1.4439999976,11,176128.4531250000,197664.3281250000,166164.1250000000,165527.3750000000,132929.5781250000,121088.3125000000,132212.1562500000,150716.0781250000,,,
1.4479999975,11,176064.5625000000,184671.5625000000,166048.1875000000,165435.7031250000,132799.0312500000,120986.0703125000,132100.5625000000,149563.2343750000,,,
1.4519999977,11,175644.9843750000,193270.1875000000,165401.3593750000,164484.0156250000,131882.5156250000,120102.8984375000,131119.1093750000,152209.1562500000,,,
1.4559999977,11,175491.8437500000,209845.3125000000,165219.9687500000,164165.8593750000,131619.6406250000,119823.4375000000,130805.9609375000,154504.0312500000,,,
1.4599999976,11,175766.6250000000,211971.3125000000,165648.7187500000,164763.9843750000,132205.1093750000,120377.1796875000,131424.1250000000,153565.4218750000,,,
1.4639999976,11,176107.8281250000,197724.0468750000,166145.2500000000,165508.3906250000,132906.2343750000,121069.9140625000,132193.9531250000,150718.1406250000,,,
1.4679999975,11,176058.9687500000,184668.4531250000,166046.3281250000,165435.6250000000,132794.5468750000,120986.9296875000,132089.7187500000,149562.4843750000,,,
1.4719999975,11,175650.8125000000,193192.2500000000,165410.0000000000,164513.6093750000,131886.9375000000,120115.3437500000,131121.5781250000,152211.2187500000,,,
1.4759999977,11,175488.4843750000,209811.4531250000,165213.2343750000,164178.9218750000,131608.0468750000,119823.2265625000,130799.3593750000,154513.6875000000,,,
1.4799999977,11,175744.6093750000,212065.0000000000,165621.7343750000,164743.5312500000,132175.3281250000,120362.9687500000,131400.6562500000,153578.4218750000,,,
1.4839999976,11,176087.6093750000,197894.1562500000,166122.5000000000,165503.5625000000,132884.6406250000,121061.5781250000,132185.2812500000,150719.5625000000,,,
1.4879999976,11,176065.1250000000,184673.8437500000,166055.5312500000,165458.2031250000,132806.5156250000,121006.5390625000,132127.2187500000,149542.9375000000,,,
1.4919999975,11,175669.1093750000,193093.4062500000,165434.4687500000,164529.8281250000,131911.3750000000,120144.9062500000,131162.6875000000,152201.2968750000,,,
1.4959999977,11,175472.6562500000,209737.9375000000,165200.7968750000,164157.8125000000,131597.4062500000,119818.4531250000,130797.4843750000,154493.1093750000,,,
1.4999999977,11,175729.8593750000,212167.0312500000,165607.4687500000,164717.9062500000,132160.0156250000,120344.8906250000,131394.9531250000,153579.7343750000,,,
1.5039999976,11,176102.7031250000,198124.4531250000,166133.2812500000,165504.8125000000,132894.5625000000,121072.8359375000,132193.2500000000,150747.7812500000,,,
1.5079999976,11,176046.2812500000,184687.3125000000,166032.5625000000,165420.4375000000,132788.2187500000,120987.3281250000,132104.7968750000,149499.9687500000,,,
1.5119999975,11,175634.4531250000,192978.3750000000,165397.2031250000,164493.7656250000,131879.1718750000,120108.9609375000,131129.8125000000,152135.2343750000,,,
1.5159999975,11,175483.5000000000,209656.1875000000,165214.3906250000,164161.2187500000,131610.0937500000,119822.6328125000,130808.8593750000,154483.0312500000,,,
1.5199999977,11,175758.8437500000,212143.8750000000,165636.7031250000,164731.4843750000,132187.2968750000,120372.6250000000,131417.4843750000,153608.4375000000,,,
1.5239999976,11,176108.2968750000,198117.6875000000,166143.1250000000,165499.2968750000,132904.6562500000,121068.8437500000,132206.5312500000,150748.2656250000,,,
1.5279999976,11,176066.6875000000,184641.2812500000,166056.6875000000,165448.7812500000,132811.6562500000,120996.2656250000,132132.0468750000,149496.5937500000,,,
1.5319999976,11,175646.0625000000,192847.5000000000,165407.9062500000,164514.0625000000,131887.7812500000,120112.3671875000,131144.3281250000,152122.3906250000,,,
1.5359999975,12,175474.1875000000,209546.1406250000,165200.6875000000,164160.0937500000,131593.5625000000,119809.3593750000,130796.5468750000,154471.9843750000,,,
1.5399999975,12,175735.6250000000,212041.7656250000,165613.1718750000,164721.2656250000,132162.9687500000,120347.3281250000,131395.5937500000,153584.6250000000,,,
1.5439999974,12,176098.0625000000,198012.1250000000,166126.9843750000,165489.9843750000,132888.9062500000,121066.5625000000,132192.1250000000,150743.0937500000,,,
1.5479999974,12,176065.6718750000,184612.9375000000,166048.5000000000,165441.9531250000,132802.6250000000,121006.1875000000,132125.9843750000,149514.2968750000,,,
1.5519999973,12,175651.0468750000,192769.2812500000,165412.0625000000,164511.5468750000,131891.6406250000,120120.6796875000,131153.6093750000,152124.7500000000,,,
1.5559999973,12,175475.4531250000,209496.4843750000,165202.7187500000,164153.4687500000,131591.7656250000,119805.2265625000,130801.5859375000,154475.4687500000,,,
1.5599999975,12,175729.3437500000,212055.7187500000,165607.8906250000,164736.0468750000,132153.8281250000,120338.2656250000,131396.6562500000,153589.3906250000,,,
1.5639999975,12,176109.4687500000,198082.2656250000,166143.7812500000,165521.0156250000,132902.5625000000,121071.6328125000,132219.5312500000,150763.0468750000,,,
1.5679999974,12,176075.5156250000,184653.4843750000,166062.6406250000,165470.5625000000,132817.4843750000,121011.8984375000,132152.7187500000,149517.6406250000,,,
1.5719999974,12,175646.5937500000,192714.8125000000,165406.6250000000,164520.1250000000,131888.8750000000,120121.7265625000,131157.7031250000,152108.5781250000,,,
1.5759999973,12,175467.4531250000,209468.9062500000,165197.2968750000,164132.9531250000,131588.3593750000,119801.6875000000,130802.5312500000,154466.7187500000,,,
1.5799999975,12,175724.4375000000,212117.1406250000,165603.6093750000,164699.9218750000,132149.1250000000,120328.6093750000,131407.6406250000,153589.5781250000,,,
1.5839999975,12,176089.1718750000,198203.6875000000,166117.9375000000,165477.7812500000,132878.3750000000,121053.3125000000,132211.3593750000,150751.7031250000,,,
1.5879999974,12,176065.3750000000,184678.1875000000,166052.6562500000,165439.6406250000,132809.8593750000,121007.5312500000,132160.3750000000,149492.3281250000,,,
1.5919999974,12,175664.0312500000,192659.4531250000,165429.3125000000,164529.8593750000,131909.5000000000,120139.2734375000,131192.4375000000,152102.9375000000,,,
1.5959999973,12,175491.9687500000,209447.4062500000,165225.8750000000,164172.8281250000,131611.8281250000,119815.7656250000,130844.3125000000,154482.0156250000,,,
1.5999999973,12,175745.6875000000,212176.6875000000,165623.7187500000,164716.3906250000,132167.3750000000,120342.7656250000,131430.7812500000,153625.9375000000,,,
1.6039999975,12,176091.8750000000,198304.7031250000,166122.8593750000,165483.5781250000,132882.1718750000,121049.3984375000,132215.5625000000,150771.5000000000,,,
1.6079999974,12,176067.3125000000,184720.1875000000,166057.0312500000,165458.0937500000,132814.7187500000,121010.5078125000,132174.7968750000,149492.0312500000,,,
1.6119999974,12,175657.8125000000,192595.3281250000,165424.4375000000,164540.1562500000,131904.9687500000,120134.5781250000,131205.6562500000,152078.1406250000,,,
1.6159999974,12,175476.4375000000,209413.5781250000,165206.1250000000,164160.5156250000,131590.8750000000,119808.4765625000,130837.2656250000,154468.5937500000,,,
1.6199999973,12,175731.4062500000,212237.4843750000,165607.3281250000,164703.8281250000,132146.6406250000,120334.9921875000,131422.8125000000,153626.9218750000,,,
1.6239999975,12,176097.2656250000,198415.0468750000,166127.2812500000,165493.7343750000,132881.1875000000,121051.3281250000,132225.9218750000,150788.6406250000,,,
1.6279999975,12,176066.0468750000,184745.3281250000,166057.8437500000,165467.4531250000,132813.6250000000,121003.1562500000,132182.4375000000,149479.6875000000,,,
1.6319999974,12,175661.2187500000,192540.0156250000,165428.7031250000,164547.8281250000,131910.5000000000,120136.5078125000,131216.2031250000,152062.2500000000,,,
1.6359999974,12,175480.5781250000,209386.3750000000,165206.8750000000,164173.8281250000,131595.1718750000,119808.1796875000,130844.2343750000,154468.3281250000,,,
1.6399999973,12,175748.3125000000,212302.3750000000,165620.6562500000,164713.9375000000,132162.5937500000,120345.1796875000,131439.2343750000,153655.0781250000,,,
1.6439999973,12,176099.3281250000,198537.6250000000,166123.2500000000,165478.0781250000,132880.9218750000,121056.1796875000,132226.7343750000,150808.3281250000,,,
1.6479999975,12,176061.9375000000,184800.0156250000,166046.4375000000,165448.2968750000,132806.2968750000,121007.1484375000,132173.5312500000,149480.2031250000,,,
1.6519999974,12,175652.5625000000,192504.2343750000,165414.9687500000,164522.5625000000,131899.0625000000,120133.0234375000,131201.4531250000,152048.4218750000,,,
1.6559999974,12,175486.6093750000,209379.1093750000,165210.5000000000,164164.1093750000,131596.6718750000,119809.0625000000,130842.7031250000,154473.7031250000,,,
1.6599999974,12,175752.3593750000,212343.3593750000,165624.9218750000,164730.3281250000,132165.9531250000,120342.9531250000,131439.4218750000,153662.2812500000,,,
1.6639999973,13,176126.7500000000,198600.0625000000,166155.1250000000,165517.4531250000,132913.7812500000,121074.3671875000,132254.8125000000,150834.2656250000,,,
1.6679999973,13,176092.5781250000,184817.5000000000,166081.2031250000,165482.0468750000,132845.4531250000,121028.6640625000,132205.0000000000,149501.4687500000,,,
1.6719999972,13,175672.4843750000,192428.5156250000,165437.1406250000,164544.8750000000,131927.5468750000,120157.1328125000,131222.3437500000,152054.9531250000,,,
1.6759999972,13,175489.0937500000,209323.8906250000,165214.9843750000,164165.3437500000,131604.1875000000,119821.6718750000,130850.0000000000,154481.9062500000,,,
1.6799999971,13,175729.9843750000,212347.3750000000,165599.9062500000,164709.2187500000,132143.2031250000,120337.1328125000,131421.8437500000,153665.5000000000,,,
1.6839999971,13,176094.3125000000,198635.3125000000,166120.9687500000,165487.6718750000,132880.7031250000,121059.7734375000,132228.8750000000,150824.1406250000,,,
1.6879999973,13,176077.6250000000,184840.2500000000,166069.4843750000,165469.5937500000,132833.3593750000,121022.9765625000,132202.4062500000,149491.3593750000,,,
1.6919999972,13,175678.1093750000,192379.9687500000,165448.8437500000,164549.7031250000,131935.7812500000,120153.7500000000,131232.8593750000,152046.0312500000,,,
1.6959999972,13,175494.7656250000,209305.6406250000,165225.4062500000,164160.6562500000,131608.9531250000,119817.4062500000,130838.2578125000,154487.8281250000,,,
1.6999999972,13,175736.0781250000,212390.8593750000,165612.3281250000,164707.6406250000,132149.5000000000,120337.7500000000,131416.4375000000,153680.7812500000,,,
1.7039999971,13,176093.4843750000,198726.5781250000,166124.5937500000,165490.2343750000,132878.0937500000,121056.1796875000,132226.7031250000,150835.2031250000,,,
1.7079999973,13,176078.1093750000,184862.9375000000,166072.0468750000,165476.2500000000,132831.6250000000,121031.2421875000,132202.1562500000,149486.0468750000,,,
1.7119999973,13,175672.5937500000,192314.5468750000,165439.1093750000,164549.2812500000,131924.4375000000,120161.0468750000,131233.2343750000,152032.9062500000,,,
1.7159999972,13,175493.6875000000,209278.9531250000,165216.0781250000,164169.9687500000,131598.2343750000,119824.6171875000,130855.4218750000,154491.9687500000,,,
1.7199999972,13,175749.5156250000,212455.3593750000,165618.6562500000,164730.0156250000,132151.4843750000,120340.3515625000,131431.6875000000,153702.2187500000,,,
1.7239999971,13,176127.0312500000,198843.3906250000,166153.8593750000,165511.0625000000,132901.6250000000,121076.1406250000,132249.5781250000,150870.7343750000,,,
1.7279999971,13,176097.7187500000,184885.3437500000,166092.8125000000,165485.1562500000,132846.8281250000,121032.2578125000,132216.1875000000,149485.9375000000,,,
1.7319999973,13,175673.0937500000,192230.4375000000,165441.7343750000,164557.0312500000,131924.8125000000,120152.0937500000,131230.7968750000,152005.3437500000,,,
1.7359999972,13,175476.2500000000,209213.9218750000,165200.0312500000,164153.3125000000,131583.0468750000,119801.0468750000,130836.4843750000,154462.0781250000,,,
1.7399999972,13,175726.5000000000,212455.7968750000,165593.9218750000,164689.5937500000,132127.7031250000,120315.9453125000,131407.3593750000,153678.4687500000,,,
1.7439999972,13,176093.3750000000,198870.7187500000,166113.7343750000,165477.5156250000,132866.1718750000,121047.3281250000,132211.2187500000,150837.4218750000,,,
1.7479999971,13,176084.0468750000,184852.0000000000,166070.1406250000,165477.5625000000,132831.6250000000,121036.0937500000,132196.2031250000,149459.7031250000,,,
1.7519999973,13,175674.3281250000,192124.0625000000,165437.0312500000,164552.5000000000,131924.5000000000,120161.9609375000,131226.9062500000,151989.7031250000,,,
1.7559999973,13,175489.6718750000,209146.3281250000,165210.1250000000,164162.8593750000,131592.2187500000,119818.2343750000,130844.9843750000,154475.5937500000,,,
1.7599999972,13,175741.8750000000,212471.9687500000,165608.5937500000,164707.8750000000,132141.2500000000,120335.6093750000,131427.0312500000,153714.1718750000,,,
1.7639999972,13,176103.5156250000,198944.8593750000,166127.8437500000,165485.9062500000,132878.2031250000,121055.5390625000,132233.8593750000,150867.1093750000,,,
1.7679999971,13,176099.7343750000,184878.5312500000,166089.9375000000,165503.4843750000,132849.0312500000,121048.2734375000,132222.4843750000,149473.8906250000,,,
1.7719999971,13,175691.2343750000,192056.2812500000,165460.5312500000,164575.5156250000,131944.0000000000,120173.8203125000,131252.2031250000,151988.2812500000,,,
1.7759999973,13,175487.1093750000,209085.7343750000,165211.9687500000,164149.2812500000,131591.1562500000,119807.3437500000,130843.8046875000,154466.1250000000,,,
1.7799999972,13,175716.2343750000,212482.0312500000,165581.4218750000,164667.8906250000,132115.1406250000,120309.9375000000,131399.2656250000,153696.8437500000,,,
1.7839999972,13,176081.1250000000,199000.4062500000,166101.8750000000,165457.4218750000,132855.0937500000,121040.4921875000,132212.0312500000,150858.5312500000,,,
1.7879999971,13,176076.6718750000,184898.5937500000,166063.5000000000,165474.7031250000,132825.7187500000,121026.5156250000,132209.2187500000,149451.8281250000,,,
1.7919999971,14,175680.2656250000,192004.2968750000,165439.6093750000,164566.1562500000,131927.1250000000,120159.4687500000,131247.6875000000,151967.1406250000,,,
1.7959999971,14,175495.0625000000,209069.0468750000,165209.6875000000,164166.5781250000,131589.8125000000,119803.5937500000,130851.2890625000,154476.7031250000,,,
1.7999999970,14,175748.0625000000,212542.7500000000,165612.3437500000,164698.9531250000,132142.1093750000,120325.0937500000,131428.9062500000,153745.6093750000,,,
1.8039999970,14,176106.4687500000,199086.7968750000,166132.1093750000,165486.2343750000,132881.5625000000,121045.1875000000,132237.3281250000,150896.9218750000,,,
1.8079999969,14,176071.1718750000,184927.3125000000,166060.2187500000,165469.3281250000,132828.8281250000,121017.9609375000,132210.6093750000,149454.3437500000,,,
1.8119999969,14,175668.1875000000,191937.8906250000,165431.7343750000,164551.9843750000,131927.0468750000,120159.4687500000,131245.0156250000,151958.8281250000,,,
1.8159999971,14,175483.5468750000,209040.1562500000,165199.6562500000,164141.9843750000,131583.1875000000,119807.0781250000,130840.6171875000,154484.1562500000,,,
1.8199999970,14,175734.8125000000,212566.8125000000,165593.9218750000,164682.6718750000,132125.3125000000,120320.1015625000,131412.8125000000,153750.9531250000,,,
1.8239999970,14,176096.8593750000,199129.2968750000,166114.5937500000,165479.5781250000,132866.0000000000,121040.3593750000,132227.6875000000,150896.1875000000,,,
1.8279999970,14,176088.3593750000,184938.3906250000,166077.5468750000,165489.3906250000,132842.9687500000,121029.5781250000,132226.3750000000,149455.4218750000,,,
1.8319999969,14,175677.9218750000,191874.6093750000,165443.2343750000,164568.8593750000,131937.2968750000,120159.8671875000,131255.4218750000,151944.2968750000,,,
1.8359999971,14,175484.1093750000,208997.1718750000,165200.6093750000,164162.4062500000,131584.7187500000,119797.6875000000,130851.3437500000,154477.8593750000,,,
1.8399999971,14,175726.1250000000,212591.1875000000,165588.4531250000,164692.9375000000,132120.6250000000,120299.9062500000,131419.5156250000,153746.4218750000,,,
1.8439999970,14,176096.8593750000,199195.4062500000,166120.9687500000,165486.1250000000,132872.0937500000,121043.1718750000,132243.0156250000,150901.3437500000,,,
1.8479999970,14,176084.7187500000,184964.7500000000,166080.2812500000,165495.0312500000,132844.3906250000,121040.2812500000,132238.2656250000,149452.8906250000,,,
1.8519999969,14,175661.0781250000,191808.5781250000,165430.3593750000,164555.9843750000,131923.6406250000,120157.0000000000,131257.6406250000,151918.2187500000,,,
1.8559999969,14,175463.5625000000,208946.9843750000,165185.9375000000,164128.5781250000,131567.1718750000,119779.4765625000,130848.6093750000,154451.0781250000,,,
1.8599999971,14,175713.4218750000,212624.8281250000,165576.5156250000,164670.6718750000,132106.1093750000,120286.3359375000,131415.2031250000,153740.4375000000,,,
1.8639999970,14,176090.8750000000,199292.3437500000,166111.3750000000,165481.0468750000,132859.9687500000,121023.7265625000,132238.8437500000,150895.4375000000,,,
1.8679999970,14,176093.8281250000,184988.7031250000,166084.7968750000,165497.4375000000,132848.2968750000,121031.9062500000,132252.5625000000,149433.6406250000,,,
1.8719999969,14,175682.5937500000,191757.0156250000,165449.2187500000,164563.9531250000,131938.6250000000,120163.1953125000,131283.2031250000,151911.2812500000,,,
1.8759999969,14,175474.6406250000,208932.5312500000,165188.3437500000,164150.7343750000,131564.5937500000,119783.5546875000,130853.6484375000,154463.7968750000,,,
1.8799999971,14,175714.2968750000,212680.4843750000,165574.0781250000,164678.8906250000,132098.8125000000,120287.0859375000,131415.8750000000,153756.2031250000,,,
1.8839999971,14,176076.0781250000,199391.6406250000,166099.5781250000,165446.1093750000,132845.9687500000,121017.9062500000,132232.5468750000,150899.9687500000,,,
1.8879999970,14,176085.0625000000,185029.2656250000,166079.9062500000,165481.4843750000,132844.5781250000,121039.2890625000,132253.6875000000,149429.4843750000,,,
1.8919999970,14,175697.8593750000,191710.0625000000,165468.0781250000,164583.6875000000,131959.0625000000,120188.8906250000,131302.6718750000,151917.5781250000,,,
1.8959999969,14,175482.4687500000,208902.2187500000,165199.7187500000,164166.8593750000,131577.1562500000,119788.0312500000,130862.4218750000,154472.5468750000,,,
1.8999999969,14,175697.8281250000,212720.0468750000,165553.0781250000,164663.4843750000,132081.9687500000,120270.2968750000,131392.5937500000,153756.4687500000,,,
1.9039999971,14,176072.6406250000,199466.9843750000,166089.9375000000,165442.3750000000,132840.5468750000,121016.7265625000,132224.6562500000,150907.6250000000,,,
1.9079999970,14,176082.2968750000,185058.7343750000,166071.0937500000,165479.9531250000,132838.7500000000,121036.4687500000,132254.6562500000,149421.1718750000,,,
1.9119999970,14,175687.4218750000,191648.2812500000,165451.3125000000,164580.2656250000,131942.5468750000,120179.4765625000,131299.2968750000,151889.8750000000,,,
1.9159999969,14,175498.0000000000,208868.6875000000,165212.3750000000,164171.4062500000,131585.4062500000,119811.2656250000,130882.9921875000,154484.1093750000,,,
1.9199999969,15,175739.5156250000,212790.9375000000,165599.3906250000,164705.9218750000,132118.9531250000,120314.1796875000,131440.7031250000,153810.2031250000,,,
1.9239999969,15,176097.0781250000,199623.2656250000,166118.4531250000,165489.0781250000,132861.1250000000,121044.3828125000,132259.6406250000,150952.8437500000,,,
1.9279999968,15,176090.8593750000,185123.7031250000,166086.7187500000,165506.0781250000,132851.8125000000,121057.3125000000,132280.8750000000,149427.3281250000,,,
1.9319999968,15,175678.4843750000,191600.4062500000,165447.6093750000,164587.3750000000,131940.5937500000,120187.7656250000,131308.5781250000,151874.6406250000,,,
1.9359999967,15,175473.1093750000,208826.8437500000,165190.4062500000,164148.7187500000,131566.6406250000,119804.3437500000,130878.1640625000,154470.5000000000,,,
1.9399999967,15,175715.4531250000,212839.5937500000,165576.5625000000,164664.2968750000,132099.5937500000,120307.3671875000,131435.6406250000,153815.7187500000,,,
1.9439999969,15,176076.2656250000,199743.6562500000,166100.9687500000,165459.0937500000,132849.9062500000,121037.4375000000,132254.2187500000,150957.2343750000,,,
1.9479999968,15,176071.8593750000,185123.2500000000,166072.8281250000,165505.5468750000,132844.8125000000,121036.6562500000,132274.4218750000,149394.6406250000,,,
1.9519999968,15,175674.8750000000,191501.0625000000,165449.1875000000,164593.5625000000,131944.7500000000,120170.7031250000,131314.3750000000,151841.9062500000,,,
1.9559999967,15,175470.6718750000,208748.1562500000,165190.4062500000,164157.8593750000,131561.6250000000,119779.5312500000,130877.2500000000,154451.1406250000,,,
1.9599999967,15,175700.5937500000,212835.3281250000,165560.9531250000,164668.9062500000,132073.6875000000,120271.7734375000,131418.1718750000,153797.8281250000,,,
1.9639999969,15,176077.9062500000,199824.5937500000,166099.0625000000,165471.9062500000,132833.2500000000,121024.4765625000,132250.2031250000,150959.4062500000,,,
1.9679999969,15,176097.2656250000,185150.2656250000,166092.6718750000,165525.1250000000,132851.6562500000,121062.1406250000,132289.7656250000,149406.0625000000,,,
1.9719999968,15,175680.5000000000,191428.7500000000,165446.9687500000,164587.8437500000,131936.6718750000,120182.6406250000,131309.6718750000,151831.5781250000,,,
1.9759999968,15,175468.3906250000,208714.8125000000,165177.3437500000,164133.7500000000,131549.7968750000,119785.7812500000,130859.9765625000,154451.6406250000,,,
1.9799999967,15,175702.7968750000,212839.7187500000,165556.2656250000,164647.7656250000,132074.9375000000,120275.6093750000,131404.7968750000,153802.0937500000,,,
1.9839999967,15,176075.2187500000,199797.1562500000,166091.0156250000,165446.8750000000,132835.3750000000,121017.8515625000,132227.5625000000,150950.2343750000,,,
1.9879999969,15,176078.7343750000,185156.2968750000,166069.7656250000,165486.5000000000,132840.9531250000,121043.7109375000,132254.9218750000,149386.8593750000,,,
1.9919999968,15,175676.5000000000,191342.8125000000,165445.3593750000,164583.1875000000,131945.7343750000,120181.0859375000,131300.7187500000,151806.9843750000,,,
1.9959999968,15,175462.4062500000,208645.5468750000,165175.0468750000,164128.4375000000,131554.5625000000,119776.1250000000,130857.0312500000,154440.9218750000,,,
1.9999999967,15,175714.5937500000,212809.9843750000,165576.3281250000,164648.8437500000,132097.2031250000,120275.5234375000,131425.4687500000,153802.9218750000,,,
2.0039999967,15,176091.4375000000,199766.0156250000,166107.8593750000,165471.7187500000,132852.5468750000,121020.7265625000,132247.7812500000,150952.4062500000,,,
2.0079999969,15,176103.1093750000,185146.5312500000,166092.0937500000,165534.2656250000,132862.6250000000,121052.5078125000,132283.2968750000,149400.5312500000,,,
2.0119999968,15,175694.3437500000,191269.2968750000,165459.2812500000,164604.7500000000,131960.3281250000,120188.0859375000,131319.5156250000,151810.7968750000,,,
2.0159999968,15,175490.0625000000,208607.5937500000,165195.6875000000,164151.7031250000,131573.2031250000,119798.5781250000,130873.3906250000,154470.6406250000,,,
2.0199999968,15,175735.5156250000,212887.2343750000,165584.5312500000,164674.4843750000,132105.3906250000,120295.8281250000,131430.6718750000,153856.7031250000,,,
2.0239999967,15,176116.4687500000,199937.5000000000,166131.2187500000,165475.8750000000,132876.2187500000,121045.2656250000,132272.6406250000,151010.8593750000,,,
2.0279999967,15,176131.5156250000,185219.2500000000,166126.2812500000,165522.7343750000,132901.2500000000,121087.6953125000,132324.1718750000,149434.1718750000,,,
2.0319999969,15,175723.9843750000,191222.8125000000,165495.0312500000,164608.8593750000,132000.9687500000,120230.8671875000,131364.3750000000,151833.3750000000,,,
2.0359999968,15,175500.9062500000,208567.3750000000,165215.3593750000,164139.7031250000,131594.5312500000,119814.0234375000,130903.9140625000,154486.3593750000,,,
2.0399999968,15,175715.0781250000,212913.8906250000,165572.2031250000,164644.2812500000,132092.2187500000,120275.6093750000,131430.2187500000,153851.7500000000,,,
2.0439999967,15,176078.8125000000,200029.4062500000,166098.4218750000,165443.1250000000,132841.5468750000,121008.1484375000,132251.2656250000,150987.8125000000,,,
2.0479999967,16,176103.0000000000,185234.9687500000,166099.5156250000,165523.6250000000,132872.3125000000,121062.5156250000,132307.7812500000,149393.8593750000,,,
2.0519999966,16,175701.6718750000,191131.4531250000,165470.9375000000,164621.6406250000,131972.1562500000,120209.3593750000,131347.0468750000,151787.8593750000,,,
2.0559999966,16,175482.1562500000,208482.0468750000,165192.1875000000,164152.5000000000,131563.4375000000,119792.5390625000,130882.4609375000,154458.2187500000,,,
2.0599999966,16,175706.6093750000,212911.0156250000,165558.7031250000,164642.7031250000,132070.2187500000,120261.1796875000,131412.0937500000,153854.5625000000,,,
2.0639999965,16,176091.5468750000,200082.2031250000,166109.1250000000,165459.3281250000,132846.3125000000,121019.1718750000,132255.2968750000,151016.5937500000,,,
2.0679999965,16,176125.1562500000,185236.8125000000,166127.8906250000,165547.4375000000,132898.4531250000,121084.0000000000,132334.0937500000,149412.9531250000,,,
2.0719999967,16,175733.0000000000,191030.3281250000,165509.6406250000,164655.2812500000,132013.4062500000,120239.7968750000,131387.5781250000,151800.7968750000,,,
2.0759999966,16,175492.9062500000,208393.1250000000,165206.0468750000,164170.7187500000,131583.5937500000,119801.8515625000,130902.0937500000,154466.4531250000,,,
2.0799999966,16,175698.0468750000,212933.1406250000,165551.3750000000,164632.3750000000,132069.5000000000,120255.8359375000,131421.3593750000,153866.0937500000,,,
2.0839999965,16,176077.9531250000,200234.2031250000,166094.0156250000,165431.2656250000,132837.4375000000,121006.7265625000,132258.7031250000,151029.9062500000,,,
2.0879999965,16,176106.9687500000,185304.3437500000,166106.5468750000,165506.7500000000,132883.5468750000,121067.7968750000,132326.0781250000,149388.0312500000,,,
2.0919999967,16,175718.1875000000,190985.1406250000,165492.0781250000,164607.5625000000,131999.8437500000,120224.6953125000,131380.7031250000,151753.3437500000,,,
2.0959999966,16,175503.9375000000,208357.4062500000,165214.4687500000,164139.4375000000,131591.3593750000,119807.8281250000,130912.3125000000,154449.6406250000,,,
2.0999999966,16,175734.3593750000,212980.2187500000,165583.7500000000,164644.5312500000,132096.6093750000,120276.6562500000,131438.4843750000,153889.9375000000,,,
2.1039999966,16,176113.9218750000,200346.5781250000,166123.8750000000,165453.1875000000,132859.7031250000,121025.3671875000,132269.1875000000,151065.5468750000,,,
2.1079999965,16,176136.7812500000,185394.8437500000,166128.5625000000,165541.4843750000,132900.2343750000,121086.1718750000,132336.2968750000,149413.5781250000,,,
2.1119999965,16,175732.2656250000,190975.4843750000,165502.7187500000,164633.0937500000,132006.8593750000,120232.9609375000,131387.2031250000,151757.2656250000,,,
2.1159999967,16,175513.2656250000,208359.6093750000,165222.3281250000,164158.4531250000,131592.8906250000,119818.4531250000,130917.3828125000,154471.3281250000,,,
2.1199999966,16,175723.2656250000,213008.5468750000,165576.1718750000,164647.3906250000,132085.7031250000,120277.4843750000,131437.5937500000,153900.7500000000,,,
2.1239999966,16,176073.8437500000,200349.4062500000,166089.3281250000,165436.5000000000,132828.2968750000,121009.6484375000,132245.7187500000,151045.5625000000,,,
2.1279999965,16,176095.9218750000,185405.7656250000,166095.4375000000,165525.0156250000,132870.8593750000,121069.9140625000,132317.8906250000,149383.9375000000,,,
2.1319999965,16,175704.4843750000,190876.8906250000,165476.7968750000,164631.5468750000,131983.9843750000,120223.3828125000,131379.1562500000,151714.3125000000,,,
2.1359999967,16,175481.0000000000,208259.2968750000,165185.3906250000,164148.6406250000,131559.5781250000,119790.1250000000,130895.1406250000,154427.3750000000,,,
2.1399999966,16,175701.7812500000,212975.0468750000,165543.9843750000,164637.0625000000,132056.4531250000,120255.5468750000,131415.6250000000,153877.7031250000,,,
2.1439999966,16,176080.6406250000,200346.3750000000,166091.9218750000,165442.7500000000,132828.2968750000,121008.1718750000,132258.2968750000,151041.3281250000,,,
2.1479999966,16,176110.2812500000,185381.6562500000,166113.8750000000,165520.9062500000,132886.3593750000,121084.2421875000,132347.8750000000,149385.3593750000,,,
2.1519999965,16,175711.7812500000,190778.4218750000,165499.0468750000,164622.1250000000,132003.1875000000,120235.6406250000,131408.9687500000,151704.2656250000,,,
2.1559999965,16,175474.2968750000,208182.1250000000,165188.4218750000,164145.3906250000,131560.6875000000,119795.3281250000,130905.7890625000,154424.9062500000,,,
2.1599999967,16,175692.1250000000,212960.8593750000,165543.6250000000,164637.7968750000,132053.9687500000,120250.1250000000,131420.4843750000,153880.8750000000,,,
2.1639999966,16,176082.8906250000,200403.0468750000,166100.0468750000,165448.9687500000,132834.5625000000,121006.1093750000,132272.5156250000,151059.4062500000,,,
2.1679999966,16,176115.1250000000,185388.7031250000,166122.1875000000,165538.9687500000,132892.8593750000,121076.5703125000,132360.4062500000,149378.3281250000,,,
2.1719999965,16,175714.4375000000,190682.9375000000,165498.8437500000,164631.0937500000,132002.5156250000,120230.0078125000,131409.8593750000,151680.6562500000,,,
2.1759999965,17,175478.0781250000,208110.3125000000,165195.1093750000,164123.6718750000,131560.2500000000,119781.4062500000,130908.3906250000,154413.6718750000,,,
2.1799999964,17,175704.9062500000,212994.2187500000,165557.2500000000,164615.6093750000,132059.8125000000,120252.6718750000,131430.3593750000,153905.2031250000,,,
2.1839999964,17,176074.9531250000,200500.3750000000,166091.2500000000,165428.1562500000,132821.0781250000,121002.2187500000,132258.4843750000,151070.0468750000,,,
2.1879999964,17,176096.3750000000,185431.5937500000,166100.4843750000,165515.3593750000,132869.3906250000,121064.9843750000,132335.5781250000,149362.3750000000,,,
2.1919999963,17,175690.0468750000,190625.1250000000,165472.3906250000,164606.6250000000,131975.3750000000,120208.5234375000,131385.9375000000,151643.1093750000,,,
2.1959999963,17,175460.9687500000,208062.2343750000,165172.5937500000,164114.5468750000,131537.7812500000,119764.8906250000,130887.5234375000,154391.0781250000,,,
2.1999999965,17,175684.5468750000,213033.9375000000,165529.6562500000,164596.2968750000,132029.0468750000,120227.5703125000,131399.3437500000,153893.1875000000,,,
2.2039999964,17,176069.8750000000,200607.2343750000,166078.1875000000,165428.2656250000,132803.1093750000,120987.8437500000,132245.7968750000,151075.2812500000,,,
2.2079999964,17,176116.2500000000,185483.1250000000,166112.0781250000,165539.0937500000,132878.9375000000,121076.6484375000,132351.4218750000,149373.8750000000,,,
2.2119999963,17,175732.2500000000,190595.6875000000,165500.6406250000,164644.2343750000,132004.3750000000,120246.7421875000,131417.9062500000,151667.5625000000,,,
2.2159999963,17,175488.6250000000,208055.1718750000,165185.2343750000,164136.7500000000,131551.8906250000,119785.5937500000,130907.0546875000,154419.0625000000,,,
2.2199999965,17,175693.3593750000,213065.6718750000,165527.0312500000,164603.8593750000,132029.5312500000,120225.6406250000,131404.5781250000,153909.6562500000,,,
2.2239999964,17,176073.6093750000,200662.1406250000,166074.8750000000,165414.6406250000,132804.5000000000,120985.9062500000,132244.7500000000,151093.0312500000,,,
2.2279999964,17,176112.4218750000,185523.7031250000,166108.0781250000,165523.4062500000,132880.2187500000,121078.2578125000,132351.9062500000,149382.5156250000,,,
2.2319999964,17,175708.5625000000,190522.4218750000,165486.5468750000,164637.2031250000,131995.3593750000,120230.2734375000,131416.5156250000,151636.4843750000,,,
2.2359999963,17,175466.8906250000,207988.8125000000,165173.2656250000,164136.2968750000,131541.3125000000,119770.3046875000,130905.1484375000,154398.2500000000,,,
2.2399999963,17,175680.8593750000,213077.4531250000,165523.6406250000,164610.1406250000,132024.3750000000,120218.9062500000,131412.8437500000,153912.2500000000,,,
2.2439999965,17,176071.1718750000,200721.0937500000,166081.4375000000,165431.0000000000,132805.5468750000,120975.1250000000,132262.2968750000,151095.5312500000,,,
2.2479999964,17,176121.4531250000,185523.0000000000,166122.0156250000,165547.2968750000,132888.6093750000,121079.0078125000,132371.9218750000,149373.5625000000,,,
2.2519999964,17,175736.0781250000,190453.3125000000,165516.5625000000,164659.5000000000,132020.6250000000,120251.0625000000,131449.3906250000,151640.6093750000,,,
2.2559999963,17,175497.2343750000,207941.9531250000,165205.2968750000,164144.2343750000,131571.8906250000,119794.1484375000,130944.1718750000,154422.2500000000,,,
2.2599999963,17,175714.9687500000,213117.7031250000,165555.6406250000,164632.0781250000,132058.0625000000,120248.4921875000,131450.8906250000,153958.6875000000,,,
2.2639999965,17,176104.4218750000,200830.5312500000,166114.7031250000,165468.1718750000,132842.2187500000,121004.7421875000,132306.4375000000,151146.6093750000,,,
2.2679999964,17,176141.0468750000,185585.5312500000,166144.4687500000,165565.1093750000,132916.6406250000,121100.9765625000,132411.9375000000,149400.0625000000,,,
2.2719999964,17,175718.5937500000,190397.3281250000,165499.9375000000,164625.5937500000,132012.9531250000,120243.8203125000,131458.8906250000,151617.4687500000,,,
2.2759999963,17,175470.6250000000,207883.6406250000,165177.3437500000,164113.0156250000,131549.0937500000,119773.6875000000,130936.2343750000,154392.9062500000,,,
2.2799999963,17,175684.1250000000,213121.4843750000,165523.7031250000,164590.3125000000,132028.2968750000,120219.5468750000,131435.4531250000,153933.6875000000,,,
2.2839999963,17,176081.9531250000,200898.5000000000,166090.0000000000,165419.6875000000,132818.4687500000,120987.0859375000,132296.1406250000,151135.5468750000,,,
2.2879999964,17,176138.2500000000,185624.1250000000,166139.1093750000,165552.2968750000,132911.1250000000,121096.3593750000,132419.1718750000,149389.7500000000,,,
2.2919999964,17,175740.6718750000,190352.3750000000,165520.5937500000,164674.2656250000,132033.2031250000,120264.8203125000,131488.5781250000,151614.9218750000,,,
2.2959999964,17,175485.0312500000,207853.0625000000,165188.9375000000,164147.8125000000,131559.8750000000,119794.0703125000,130953.5390625000,154401.5156250000,,,
2.2999999963,17,175692.9218750000,213160.3906250000,165531.0312500000,164604.1562500000,132032.9843750000,120234.3828125000,131447.6562500000,153951.2031250000,,,
2.3039999963,18,176080.6406250000,200962.5781250000,166085.9687500000,165421.2656250000,132811.6406250000,120985.9375000000,132294.4062500000,151139.6093750000,,,
2.3079999962,18,176127.0625000000,185643.8906250000,166128.0781250000,165559.0312500000,132898.7343750000,121082.6562500000,132411.8750000000,149369.8593750000,,,
2.3119999962,18,175736.7812500000,190279.4687500000,165516.4843750000,164687.2343750000,132026.5468750000,120249.8828125000,131481.8750000000,151588.7187500000,,,
2.3159999961,18,175483.6562500000,207798.1718750000,165187.2968750000,164143.4843750000,131554.4843750000,119774.5468750000,130948.4921875000,154390.2187500000,,,
2.3199999961,18,175685.5000000000,213162.3906250000,165525.5312500000,164593.5312500000,132025.9687500000,120214.3984375000,131443.0625000000,153952.3593750000,,,
2.3239999961,18,176076.9375000000,201013.6562500000,166086.7968750000,165428.1875000000,132811.9531250000,120977.9140625000,132295.7968750000,151157.4375000000,,,
2.3279999963,18,176132.5625000000,185693.3593750000,166136.3437500000,165566.4218750000,132910.9062500000,121084.8046875000,132424.2500000000,149390.6093750000,,,
2.3319999962,18,175744.0937500000,190231.4843750000,165528.2812500000,164663.4062500000,132047.2031250000,120254.6328125000,131500.2187500000,151590.5156250000,,,
2.3359999962,18,175501.7656250000,207760.1093750000,165205.0000000000,164143.0625000000,131582.5156250000,119784.5234375000,130964.9921875000,154410.1875000000,,,
2.3399999961,18,175711.5312500000,213207.7500000000,165542.9843750000,164619.0781250000,132052.3906250000,120228.7734375000,131454.6562500000,153992.7500000000,,,
2.3439999961,18,176103.9375000000,201116.2968750000,166102.3593750000,165441.1718750000,132835.0000000000,120992.9375000000,132310.2031250000,151201.5312500000,,,
2.3479999963,18,176147.2656250000,185745.7968750000,166141.8906250000,165547.2187500000,132921.3437500000,121095.6953125000,132431.2968750000,149407.2187500000,,,
2.3519999962,18,175742.4843750000,190184.5781250000,165519.1718750000,164645.7812500000,132039.4843750000,120258.8437500000,131495.4687500000,151578.7343750000,,,
2.3559999962,18,175485.4062500000,207711.5312500000,165188.8593750000,164121.8125000000,131562.4531250000,119780.6562500000,130958.3125000000,154397.3125000000,,,
2.3599999961,18,175684.5781250000,213240.8437500000,165523.3593750000,164575.5468750000,132028.4062500000,120218.6875000000,131447.0156250000,153991.5625000000,,,
2.3639999961,18,176073.7968750000,201221.5156250000,166084.0937500000,165389.5625000000,132814.5000000000,120980.8125000000,132302.6093750000,151198.5781250000,,,
2.3679999961,18,176149.6718750000,185794.8437500000,166157.9687500000,165545.0000000000,132936.1718750000,121108.9687500000,132451.8750000000,149411.1093750000,,,
2.3719999962,18,175759.1718750000,190144.2968750000,165540.6562500000,164674.7812500000,132061.4531250000,120265.6562500000,131512.5156250000,151579.4531250000,,,
2.3759999962,18,175492.5937500000,207672.2343750000,165184.7500000000,164133.8125000000,131562.2031250000,119766.4453125000,130945.9218750000,154394.2500000000,,,
2.3799999962,18,175708.5937500000,213265.1562500000,165531.6875000000,164593.0000000000,132038.0312500000,120214.1015625000,131448.5937500000,154009.8593750000,,,
2.3839999961,18,176104.5937500000,201309.2812500000,166098.2031250000,165419.4218750000,132828.9843750000,120988.4062500000,132310.9218750000,151232.2187500000,,,
2.3879999961,18,176144.9218750000,185816.8906250000,166138.8906250000,165562.4062500000,132921.1562500000,121097.5703125000,132435.3437500000,149398.5781250000,,,
2.3919999963,18,175741.6562500000,190043.3281250000,165521.3437500000,164675.6718750000,132046.4062500000,120259.0312500000,131506.9062500000,151537.1875000000,,,
2.3959999962,18,175489.3906250000,207567.5156250000,165191.1093750000,164124.4218750000,131568.7031250000,119777.5468750000,130966.3593750000,154376.7031250000,,,
2.3999999962,18,175687.3750000000,213227.0937500000,165522.3593750000,164572.7031250000,132029.4218750000,120207.2109375000,131446.8281250000,153995.1875000000,,,
2.4039999961,18,176080.4531250000,201309.9218750000,166086.4531250000,165402.8906250000,132818.1250000000,120969.4140625000,132302.5312500000,151212.2031250000,,,
2.4079999961,18,176148.8125000000,185807.4531250000,166153.2500000000,165561.8125000000,132935.8281250000,121095.7734375000,132450.1562500000,149392.6718750000,,,
2.4119999961,18,175761.7187500000,189955.9687500000,165543.4375000000,164688.5468750000,132069.7968750000,120268.5781250000,131530.3750000000,151534.0000000000,,,
2.4159999962,18,175507.3750000000,207500.4687500000,165204.2031250000,164143.5625000000,131581.6250000000,119780.5234375000,130981.6953125000,154383.1250000000,,,
2.4199999962,18,175710.7031250000,213233.4687500000,165542.0937500000,164589.6250000000,132046.8281250000,120211.7421875000,131466.4531250000,154017.8593750000,,,
2.4239999962,18,176105.3437500000,201374.2187500000,166111.8750000000,165412.3906250000,132839.8750000000,120983.4921875000,132327.1562500000,151245.4687500000,,,
2.4279999961,18,176153.7187500000,185865.2812500000,166158.4687500000,165566.7031250000,132940.6562500000,121110.4453125000,132456.8125000000,149406.6875000000,,,
2.4319999961,19,175751.7187500000,189912.9531250000,165536.3593750000,164699.2187500000,132064.1875000000,120284.1093750000,131525.5781250000,151521.6093750000,,,
2.4359999960,19,175497.0156250000,207459.8593750000,165201.1875000000,164155.8750000000,131578.7031250000,119785.7031250000,130977.8359375000,154375.9218750000,,,
2.4399999960,19,175689.5156250000,213259.3281250000,165524.1562500000,164580.5312500000,132028.7812500000,120201.1484375000,131445.1875000000,154015.3593750000,,,
2.4439999959,19,176074.5156250000,201457.9531250000,166078.7812500000,165384.7343750000,132808.2812500000,120955.1406250000,132292.6093750000,151236.6406250000,,,
2.4479999959,19,176145.6250000000,185903.6093750000,166147.6562500000,165541.4531250000,132930.5156250000,121091.0546875000,132445.1718750000,149393.8906250000,,,
2.4519999959,19,175759.6562500000,189856.5156250000,165539.6875000000,164676.6093750000,132067.9375000000,120271.9296875000,131527.0781250000,151505.8906250000,,,
2.4559999960,19,175504.7656250000,207418.5781250000,165199.7656250000,164132.2187500000,131574.9843750000,119777.8437500000,130970.2968750000,154378.7187500000,,,
2.4599999960,19,175703.0937500000,213300.7968750000,165526.2968750000,164581.6562500000,132027.4062500000,120206.0312500000,131441.1562500000,154041.7812500000,,,
2.4639999960,19,176091.4218750000,201569.2187500000,166085.6562500000,165415.8281250000,132811.3906250000,120968.2890625000,132294.9843750000,151272.9375000000,,,
2.4679999959,19,176156.2812500000,185951.9375000000,166154.3437500000,165581.5781250000,132936.0156250000,121105.6171875000,132451.7656250000,149406.5000000000,,,
2.4719999959,19,175763.9531250000,189799.8437500000,165544.7031250000,164703.8281250000,132074.9687500000,120288.7187500000,131539.5937500000,151498.7968750000,,,
2.4759999961,19,175480.3906250000,207354.7343750000,165177.5156250000,164139.6250000000,131557.4375000000,119767.0859375000,130964.6640625000,154355.2187500000,,,
2.4799999960,19,175670.2812500000,213296.0156250000,165500.5781250000,164562.4218750000,132005.4375000000,120183.9531250000,131433.0312500000,154021.0781250000,,,
2.4839999960,19,176062.4843750000,201624.0625000000,166062.5312500000,165380.1562500000,132791.7812500000,120949.5625000000,132285.8125000000,151256.8437500000,,,
2.4879999959,19,176140.3906250000,185971.3437500000,166141.4062500000,165560.0781250000,132927.5937500000,121093.0625000000,132450.5625000000,149382.3593750000,,,
2.4919999959,19,175756.6562500000,189727.7968750000,165535.1250000000,164691.9218750000,132068.5781250000,120275.7421875000,131538.7968750000,151462.1406250000,,,
2.4959999959,19,175500.7968750000,207294.7656250000,165192.4218750000,164146.4687500000,131571.3750000000,119776.2578125000,130981.2734375000,154355.3281250000,,,
2.4999999960,19,175702.8437500000,213331.6406250000,165526.2031250000,164591.1562500000,132027.8437500000,120198.0937500000,131454.8437500000,154058.0937500000,,,
2.5039999960,19,176094.5000000000,201748.4375000000,166093.0000000000,165416.7656250000,132817.4843750000,120961.5781250000,132310.6875000000,151303.1093750000,,,
2.5079999960,19,176159.4375000000,186031.2812500000,166165.9843750000,165575.0312500000,132947.9531250000,121107.1953125000,132472.9843750000,149401.6093750000,,,
2.5119999959,19,175757.4843750000,189672.6718750000,165540.7031250000,164701.6250000000,132072.8437500000,120282.2031250000,131542.6093750000,151456.9375000000,,,
2.5159999959,19,175482.0000000000,207246.0312500000,165177.7187500000,164123.2343750000,131556.0468750000,119764.4296875000,130962.9531250000,154343.2812500000,,,
2.5199999961,19,175686.5625000000,213351.5937500000,165513.6406250000,164557.8906250000,132014.7500000000,120189.2656250000,131441.0312500000,154053.2656250000,,,
2.5239999960,19,176076.4843750000,201804.9843750000,166074.5468750000,165381.1875000000,132800.4218750000,120947.4765625000,132296.1718750000,151294.9218750000,,,
2.5279999960,19,176147.6875000000,186070.8437500000,166148.8125000000,165558.0937500000,132933.3750000000,121091.5312500000,132461.8281250000,149389.0625000000,,,
2.5319999959,19,175762.0625000000,189620.2968750000,165544.7343750000,164697.9218750000,132076.5000000000,120275.1250000000,131552.8281250000,151437.3750000000,,,
2.5359999959,19,175497.4687500000,207193.5156250000,165190.7656250000,164126.5156250000,131565.7500000000,119769.3125000000,130979.9843750000,154343.1718750000,,,
2.5399999958,19,175689.5156250000,213345.7187500000,165512.8125000000,164552.7968750000,132011.0468750000,120186.1562500000,131439.7656250000,154057.0937500000,,,
2.5439999960,19,176089.2187500000,201842.9843750000,166084.5312500000,165384.9218750000,132807.0781250000,120957.6406250000,132296.6718750000,151312.5468750000,,,
2.5479999960,19,176172.9843750000,186106.1250000000,166174.9218750000,165567.6093750000,132958.5625000000,121118.4140625000,132483.9218750000,149410.7500000000,,,
2.5519999960,19,175788.1875000000,189562.3281250000,165576.9687500000,164729.6406250000,132111.7343750000,120299.7187500000,131595.3281250000,151440.5156250000,,,
2.5559999959,19,175515.2812500000,207144.0312500000,165209.1562500000,164173.5625000000,131589.2968750000,119780.4453125000,131012.4375000000,154351.8437500000,,,
2.5599999959,20,175688.5312500000,213370.8593750000,165507.7656250000,164586.9375000000,132011.7500000000,120182.9062500000,131452.9843750000,154069.4843750000,,,
2.5639999958,20,176076.5312500000,201899.4531250000,166065.1875000000,165388.0156250000,132793.1250000000,120957.4531250000,132301.4218750000,151322.2343750000,,,
2.5679999958,20,176144.6875000000,186122.8750000000,166139.8906250000,165548.4375000000,132928.4531250000,121110.8203125000,132471.7968750000,149394.0156250000,,,
2.5719999957,20,175764.3437500000,189502.3593750000,165541.9687500000,164709.8593750000,132081.2968750000,120302.6718750000,131571.7812500000,151418.4687500000,,,
2.5759999957,20,175504.9062500000,207085.4218750000,165193.9843750000,164149.3125000000,131574.3281250000,119786.6093750000,130997.4687500000,154345.8906250000,,,
2.5799999957,20,175705.8437500000,213389.9843750000,165526.8593750000,164556.9531250000,132026.5000000000,120207.8828125000,131465.0937500000,154101.0781250000,,,
2.5839999958,20,176109.8125000000,201996.1406250000,166108.7187500000,165387.9531250000,132830.2812500000,120978.3984375000,132336.8125000000,151364.2343750000,,,
2.5879999958,20,176168.0781250000,186170.1093750000,166175.2968750000,165576.9687500000,132959.6093750000,121112.0234375000,132500.8281250000,149401.7968750000,,,
2.5919999958,20,175776.6562500000,189437.8437500000,165560.6875000000,164725.0468750000,132097.5000000000,120306.2109375000,131589.3750000000,151402.3750000000,,,
2.5959999957,20,175508.5937500000,207020.5625000000,165199.2656250000,164140.9687500000,131576.6718750000,119789.9687500000,131005.7890625000,154338.9218750000,,,
2.5999999957,20,175689.4062500000,213390.5156250000,165509.3437500000,164553.2968750000,132005.7187500000,120184.6796875000,131449.7968750000,154088.8593750000,,,
2.6039999959,20,176080.0937500000,202054.0000000000,166073.9218750000,165385.7343750000,132793.8593750000,120950.7734375000,132302.5781250000,151351.1406250000,,,
2.6079999958,20,176162.4218750000,186204.8281250000,166166.1093750000,165583.0625000000,132949.2343750000,121121.5468750000,132491.5625000000,149405.7968750000,,,
2.6119999958,20,175783.3125000000,189380.9843750000,165573.1406250000,164732.2656250000,132107.4687500000,120318.0625000000,131600.1406250000,151400.8750000000,,,
2.6159999957,20,175509.4062500000,206970.9375000000,165209.0468750000,164141.1875000000,131582.2187500000,119783.7968750000,131014.5546875000,154336.6406250000,,,
2.6199999957,20,175691.6562500000,213404.7656250000,165521.1250000000,164562.1875000000,132013.4062500000,120180.3906250000,131465.8437500000,154095.8593750000,,,
2.6239999956,20,176093.5625000000,202130.8906250000,166096.9375000000,165399.4375000000,132813.5625000000,120957.7421875000,132333.6093750000,151371.5000000000,,,
2.6279999958,20,176173.8906250000,186253.4218750000,166186.3906250000,165600.1718750000,132968.0625000000,121127.2578125000,132524.1875000000,149412.0937500000,,,
2.6319999958,20,175784.9687500000,189315.1875000000,165577.9687500000,164741.1718750000,132114.1250000000,120316.8359375000,131623.7656250000,151379.9843750000,,,
2.6359999957,20,175497.8125000000,206900.6093750000,165191.9062500000,164131.8437500000,131569.5000000000,119777.3046875000,131015.1718750000,154318.6875000000,,,
2.6399999957,20,175671.8125000000,213402.9375000000,165493.9531250000,164535.3906250000,131991.9843750000,120171.6406250000,131452.5312500000,154090.2968750000,,,
2.6439999957,20,176062.2343750000,202178.6718750000,166061.2968750000,165366.6093750000,132782.0000000000,120935.9140625000,132309.3437500000,151356.6250000000,,,
2.6479999959,20,176136.3437500000,186266.9687500000,166149.0312500000,165567.4531250000,132933.0937500000,121096.6562500000,132494.6562500000,149374.2812500000,,,
2.6519999958,20,175750.5937500000,189248.4531250000,165540.7656250000,164724.2343750000,132078.9375000000,120297.8125000000,131586.0000000000,151332.1250000000,,,
2.6559999958,20,175480.2812500000,206835.6875000000,165169.2500000000,164142.2031250000,131545.9531250000,119766.6562500000,130981.2187500000,154288.9375000000,,,
2.6599999957,20,175656.6250000000,213403.1562500000,165472.0156250000,164530.5000000000,131968.4843750000,120153.1640625000,131416.4531250000,154077.2968750000,,,
2.6639999957,20,176048.7187500000,202233.8906250000,166039.4687500000,165356.9218750000,132760.0625000000,120921.6171875000,132281.0468750000,151355.9531250000,,,
2.6679999956,20,176143.8281250000,186310.9062500000,166146.8125000000,165574.6875000000,132932.8125000000,121106.6093750000,132492.5000000000,149387.0937500000,,,
2.6719999958,20,175773.1250000000,189195.1718750000,165559.7500000000,164744.7656250000,132098.2812500000,120313.0781250000,131609.3906250000,151340.7343750000,,,
2.6759999958,20,175496.3750000000,206783.0312500000,165184.2187500000,164149.3593750000,131559.0468750000,119769.4765625000,131001.8671875000,154302.5781250000,,,
2.6799999957,20,175685.8906250000,213433.7500000000,165502.5937500000,164550.6718750000,131994.3593750000,120171.2968750000,131443.9218750000,154117.1562500000,,,
2.6839999957,20,176076.7500000000,202316.4218750000,166071.2812500000,165383.5000000000,132784.9531250000,120936.6875000000,132295.8281250000,151399.3750000000,,,
2.6879999957,21,176153.3281250000,186366.1093750000,166162.4218750000,165589.8906250000,132943.2500000000,121106.6640625000,132501.5781250000,149402.3906250000,,,
2.6919999956,21,175783.1250000000,189163.2968750000,165574.6875000000,164759.3750000000,132111.3125000000,120320.1328125000,131626.7187500000,151337.9843750000,,,
2.6959999956,21,175507.8281250000,206741.5937500000,165201.5156250000,164164.6250000000,131574.5781250000,119782.9921875000,131025.6328125000,154306.5468750000,,,
2.6999999955,21,175688.9062500000,213444.1562500000,165510.0156250000,164546.9687500000,131998.9062500000,120175.2109375000,131462.5156250000,154126.1406250000,,,
2.7039999955,21,176072.6406250000,202384.3906250000,166066.8750000000,165357.9062500000,132781.0625000000,120937.8203125000,132314.4843750000,151405.1875000000,,,
2.7079999954,21,176151.1250000000,186395.4687500000,166159.8906250000,165578.2500000000,132944.6250000000,121113.4765625000,132513.0468750000,149393.8593750000,,,
2.7119999956,21,175778.1406250000,189066.9062500000,165571.3437500000,164737.6250000000,132113.9062500000,120322.0625000000,131628.9375000000,151311.0468750000,,,
2.7159999956,21,175498.4375000000,206640.7968750000,165193.8906250000,164131.0937500000,131570.7656250000,119774.2187500000,131019.6015625000,154289.4843750000,,,
2.7199999955,21,175674.3125000000,213416.8281250000,165496.9843750000,164534.8750000000,131990.3125000000,120157.0546875000,131455.5937500000,154121.0156250000,,,
2.7239999955,21,176076.8281250000,202434.8437500000,166072.2968750000,165371.4531250000,132790.8281250000,120944.7656250000,132322.6718750000,151429.6250000000,,,
2.7279999955,21,176172.6875000000,186426.9687500000,166180.8750000000,165595.5781250000,132969.7812500000,121137.9609375000,132537.9687500000,149422.4218750000,,,
2.7319999957,21,175790.2031250000,189000.2500000000,165582.2031250000,164752.2500000000,132128.9843750000,120332.5000000000,131644.9062500000,151308.0937500000,,,
2.7359999956,21,175501.5937500000,206579.6875000000,165191.5312500000,164147.2968750000,131571.3281250000,119769.7421875000,131020.0312500000,154281.2968750000,,,
2.7399999956,21,175677.2031250000,213423.1562500000,165494.4062500000,164533.7812500000,131988.3281250000,120150.4843750000,131452.6875000000,154116.0781250000,,,
2.7439999955,21,176080.0156250000,202497.3906250000,166071.2968750000,165360.5937500000,132786.5781250000,120934.8125000000,132319.1875000000,151421.8281250000,,,
2.7479999955,21,176183.6093750000,186462.1875000000,166189.5000000000,165606.6875000000,132974.1718750000,121137.3984375000,132539.7187500000,149407.7187500000,,,
2.7519999954,21,175804.5781250000,188951.7812500000,165596.7656250000,164778.3750000000,132138.1406250000,120340.7343750000,131651.6562500000,151288.4687500000,,,
2.7559999956,21,175510.0000000000,206535.4375000000,165202.6093750000,164148.0156250000,131573.9375000000,119774.8125000000,131020.9140625000,154275.4531250000,,,
2.7599999956,21,175668.5937500000,213460.5000000000,165482.4218750000,164507.2187500000,131969.2031250000,120143.2968750000,131433.7656250000,154126.4062500000,,,
2.7639999955,21,176061.7187500000,202615.6718750000,166051.1562500000,165330.2343750000,132761.5937500000,120913.7578125000,132296.9531250000,151436.0937500000,,,
2.7679999955,21,176167.8125000000,186534.3906250000,166177.6562500000,165577.7812500000,132960.0937500000,121120.1250000000,132530.0625000000,149406.2031250000,,,
2.7719999955,21,175801.8750000000,188929.2812500000,165597.8906250000,164755.1875000000,132138.6718750000,120342.4218750000,131659.4375000000,151284.1406250000,,,
2.7759999956,21,175525.7187500000,206521.2187500000,165216.2187500000,164147.5468750000,131587.4531250000,119794.0703125000,131042.5859375000,154300.0781250000,,,
2.7799999956,21,175691.5781250000,213536.0312500000,165504.7187500000,164527.3750000000,131990.5781250000,120164.1640625000,131449.0468750000,154174.4375000000,,,
2.7839999956,21,176086.5937500000,202783.7500000000,166074.7343750000,165363.5156250000,132784.2187500000,120938.3281250000,132307.2500000000,151493.0937500000,,,
2.7879999955,21,176176.7343750000,186624.0781250000,166179.6093750000,165590.2500000000,132963.8281250000,121137.4296875000,132532.7343750000,149428.0781250000,,,
2.7919999955,21,175796.4843750000,188885.3437500000,165583.3593750000,164757.9375000000,132127.1875000000,120349.0468750000,131655.2031250000,151275.1406250000,,,
2.7959999954,21,175502.9375000000,206442.4375000000,165185.3437500000,164134.3125000000,131559.7656250000,119779.5078125000,131023.9453125000,154275.8281250000,,,
2.7999999956,21,175665.5625000000,213496.4375000000,165473.5781250000,164512.7187500000,131960.6250000000,120140.5000000000,131439.6250000000,154152.1718750000,,,
2.8039999956,21,176064.3750000000,202759.9531250000,166050.0312500000,165349.5937500000,132762.9531250000,120921.2656250000,132312.1875000000,151470.9062500000,,,
2.8079999955,21,176159.0937500000,186603.3125000000,166169.6562500000,165588.4531250000,132958.2187500000,121123.8515625000,132547.9218750000,149400.4531250000,,,
2.8119999955,21,175791.9218750000,188776.2031250000,165593.6875000000,164763.7812500000,132142.5000000000,120345.6640625000,131685.2500000000,151240.4843750000,,,
2.8159999955,22,175490.7656250000,206330.6250000000,165183.2968750000,164136.0000000000,131562.6093750000,119769.0703125000,131037.3281250000,154249.6718750000,,,
2.8199999954,22,175668.2500000000,213459.4218750000,165484.3750000000,164517.9062500000,131975.4062500000,120147.2343750000,131454.9531250000,154159.6562500000,,,
2.8239999954,22,176082.1093750000,202782.6406250000,166076.4531250000,165359.4687500000,132789.2343750000,120938.5390625000,132334.3906250000,151500.5156250000,,,
2.8279999953,22,176176.0937500000,186616.3593750000,166188.1093750000,165597.0937500000,132974.6562500000,121135.9765625000,132554.6562500000,149422.6718750000,,,
2.8319999953,22,175793.9843750000,188704.0468750000,165590.8593750000,164775.0625000000,132137.6250000000,120339.1484375000,131665.7187500000,151230.8437500000,,,
2.8359999952,22,175501.7812500000,206265.7656250000,165194.7500000000,164146.6875000000,131566.5625000000,119762.3671875000,131032.2578125000,154246.5625000000,,,
2.8399999954,22,175669.4062500000,213459.9062500000,165485.9687500000,164505.3437500000,131966.4218750000,120136.2421875000,131448.8593750000,154164.2031250000,,,
2.8439999954,22,176050.5625000000,202832.5312500000,166043.8593750000,165326.8593750000,132747.9843750000,120899.8359375000,132305.9531250000,151481.3750000000,,,
2.8479999953,22,176138.0312500000,186668.3281250000,166155.6562500000,165562.6250000000,132936.5000000000,121100.8671875000,132540.4062500000,149390.3125000000,,,
2.8519999953,22,175776.9218750000,188666.5468750000,165586.0937500000,164753.0781250000,132127.6250000000,120326.0078125000,131682.0312500000,151195.2031250000,,,
2.8559999953,22,175486.9843750000,206236.7656250000,165188.7812500000,164123.7500000000,131556.9218750000,119749.8906250000,131041.8359375000,154223.6562500000,,,
2.8599999954,22,175654.1875000000,213504.2500000000,165479.1562500000,164510.6093750000,131960.5781250000,120116.9296875000,131452.4531250000,154153.6875000000,,,
2.8639999954,22,176060.4687500000,202923.2812500000,166061.3437500000,165353.1875000000,132768.7968750000,120900.2968750000,132325.0312500000,151497.9687500000,,,
2.8679999954,22,176175.2343750000,186747.7343750000,166194.5000000000,165604.5468750000,132981.2343750000,121126.8046875000,132576.1718750000,149430.2031250000,,,
2.8719999953,22,175786.4843750000,188647.8906250000,165592.7343750000,164780.4843750000,132144.7031250000,120330.0546875000,131695.4375000000,151201.4062500000,,,
2.8759999953,22,175487.4843750000,206196.7031250000,165183.2187500000,164137.6093750000,131559.5312500000,119749.7890625000,131047.8671875000,154229.5937500000,,,
2.8799999952,22,175651.3437500000,213518.1562500000,165467.4531250000,164499.2656250000,131950.6250000000,120110.4375000000,131454.2968750000,154168.5937500000,,,
2.8839999954,22,176040.6718750000,203021.6093750000,166033.8281250000,165321.4843750000,132737.1562500000,120882.1328125000,132311.6718750000,151506.1250000000,,,
2.8879999954,22,176147.3750000000,186783.8593750000,166161.7500000000,165580.8125000000,132944.2187500000,121108.6171875000,132560.6562500000,149407.2500000000,,,
2.8919999953,22,175787.1562500000,188580.6718750000,165592.4531250000,164767.7500000000,132137.7812500000,120346.6015625000,131708.9843750000,151190.4843750000,,,
2.8959999953,22,175492.6093750000,206136.0468750000,165191.4843750000,164133.1406250000,131557.1093750000,119767.0625000000,131060.2890625000,154238.6562500000,,,
2.8999999953,22,175638.5468750000,213538.7031250000,165453.5312500000,164507.9687500000,131931.7968750000,120116.1250000000,131445.7187500000,154182.7031250000,,,
2.9039999954,22,176024.4375000000,203099.3593750000,166019.3750000000,165343.1875000000,132722.0312500000,120879.0234375000,132311.1562500000,151514.1718750000,,,
2.9079999954,22,176131.0312500000,186816.0156250000,166152.7031250000,165579.9687500000,132934.0312500000,121097.4609375000,132570.6406250000,149389.9218750000,,,
2.9119999954,22,175774.3281250000,188508.6562500000,165584.8750000000,164764.8437500000,132131.9687500000,120326.4062500000,131716.4375000000,151147.8125000000,,,
2.9159999953,22,175498.1875000000,206060.0156250000,165194.1718750000,164144.0468750000,131564.8593750000,119760.4609375000,131074.2343750000,154213.5000000000,,,
2.9199999953,22,175671.7812500000,213537.6875000000,165485.0781250000,164519.9062500000,131963.5781250000,120119.6328125000,131477.3125000000,154190.5937500000,,,
2.9239999952,22,176056.3593750000,203180.1250000000,166046.7656250000,165328.5781250000,132749.2812500000,120878.3515625000,132333.8593750000,151535.3593750000,,,
2.9279999954,22,176161.0468750000,186869.3125000000,166170.8125000000,165595.8593750000,132954.7031250000,121108.1875000000,132583.6250000000,149405.9218750000,,,
2.9319999954,22,175796.8593750000,188470.9218750000,165594.6250000000,164781.8750000000,132143.0156250000,120344.2734375000,131731.9375000000,151150.3593750000,,,
2.9359999953,22,175502.9375000000,206015.8593750000,165190.3593750000,164124.1250000000,131557.7031250000,119758.6640625000,131078.2812500000,154211.8281250000,,,
2.9399999953,22,175659.3125000000,213561.7812500000,165467.7500000000,164478.9531250000,131941.3437500000,120109.5546875000,131468.0156250000,154194.3125000000,,,
2.9439999952,23,176047.1406250000,203246.0312500000,166038.2343750000,165317.5000000000,132736.9843750000,120883.0468750000,132332.7812500000,151548.2343750000,,,
2.9479999952,23,176160.2187500000,186917.6250000000,166181.0312500000,165603.3125000000,132961.8593750000,121121.3046875000,132598.3125000000,149412.3906250000,,,
2.9519999952,23,175793.2343750000,188437.2500000000,165603.7968750000,164793.5000000000,132150.6875000000,120349.6093750000,131739.1562500000,151138.8437500000,,,
2.9559999951,23,175500.6875000000,205983.8125000000,165198.2343750000,164140.5156250000,131566.0156250000,119762.9843750000,131082.6875000000,154211.0468750000,,,
2.9599999951,23,175664.6718750000,213575.1562500000,165480.0625000000,164500.1406250000,131956.6250000000,120119.7187500000,131479.9687500000,154206.7656250000,,,
2.9639999950,23,176057.5625000000,203302.2500000000,166044.2031250000,165333.9375000000,132747.4843750000,120888.0390625000,132332.1718750000,151562.1250000000,,,
2.9679999952,23,176170.2968750000,186953.3125000000,166181.2968750000,165588.0000000000,132968.7343750000,121115.9140625000,132598.1562500000,149410.5625000000,,,
2.9719999952,23,175803.4531250000,188374.3593750000,165603.5312500000,164790.1718750000,132156.1562500000,120340.5703125000,131744.7812500000,151119.0781250000,,,
2.9759999951,23,175505.9687500000,205909.3281250000,165194.9218750000,164140.1093750000,131563.8125000000,119751.4218750000,131081.0156250000,154195.9062500000,,,
2.9799999951,23,175679.3750000000,213575.3437500000,165486.3437500000,164501.3281250000,131961.4531250000,120120.3593750000,131489.6250000000,154222.2343750000,,,
2.9839999950,23,176065.8281250000,203367.2031250000,166044.9843750000,165333.9375000000,132746.4843750000,120888.6250000000,132338.8437500000,151592.8125000000,,,
2.9879999952,23,176164.8906250000,186997.7968750000,166175.0468750000,165600.2500000000,132962.3437500000,121121.3046875000,132595.6718750000,149433.1250000000,,,
2.9919999952,23,175788.6250000000,188328.3281250000,165594.4062500000,164797.3125000000,132150.0156250000,120353.2578125000,131745.5156250000,151124.8750000000,,,
2.9959999952,23,175486.0937500000,205845.4375000000,165179.6250000000,164141.2656250000,131554.0000000000,119765.0781250000,131081.1562500000,154204.7187500000,,,
2.9999999951,23,175638.0156250000,213571.4531250000,165449.1093750000,164490.5156250000,131926.5937500000,120107.0312500000,131466.3750000000,154220.6093750000,,,
3.0039999951,23,176044.2656250000,203441.6875000000,166031.5468750000,165333.4218750000,132731.8906250000,120892.5703125000,132339.0000000000,151603.7343750000,,,
3.0079999950,23,176169.2812500000,187047.2500000000,166184.3593750000,165626.6718750000,132970.7500000000,121132.1953125000,132614.8125000000,149441.2031250000,,,
3.0119999952,23,175813.1406250000,188286.6718750000,165620.8750000000,164806.2656250000,132175.0937500000,120368.8906250000,131770.2968750000,151127.3125000000,,,
3.0159999952,23,175508.9687500000,205807.1406250000,165199.5781250000,164133.8125000000,131569.7500000000,119757.1093750000,131089.4687500000,154209.0156250000,,,
3.0199999951,23,175657.2968750000,213607.4531250000,165458.4375000000,164490.1093750000,131932.7812500000,120091.5781250000,131459.1875000000,154232.8125000000,,,
3.0239999951,23,176050.5937500000,203582.5312500000,166029.4062500000,165326.3906250000,132726.4687500000,120865.4218750000,132322.5156250000,151614.9375000000,,,
3.0279999950,23,176172.7187500000,187122.7031250000,166184.5781250000,165608.5468750000,132970.5781250000,121117.7656250000,132610.2500000000,149427.2031250000,,,
3.0319999952,23,175815.1718750000,188234.4218750000,165618.4375000000,164797.3906250000,132174.2031250000,120365.6484375000,131770.0312500000,151098.6406250000,,,
3.0359999952,23,175511.8125000000,205743.5937500000,165197.5156250000,164138.0468750000,131568.0781250000,119763.0625000000,131096.3906250000,154196.5625000000,,,
3.0399999951,23,175670.7968750000,213636.0156250000,165471.9843750000,164502.0781250000,131944.2968750000,120113.3046875000,131484.4843750000,154255.9218750000,,,
3.0439999951,23,176071.7343750000,203741.7500000000,166051.4843750000,165324.7656250000,132745.9531250000,120897.7421875000,132356.0937500000,151667.4062500000,,,
3.0479999951,23,176185.1093750000,187196.5625000000,166199.3281250000,165604.1093750000,132983.5156250000,121144.2968750000,132631.8750000000,149450.4062500000,,,
3.0519999950,23,175812.7031250000,188186.2187500000,165623.9843750000,164802.7031250000,132178.6093750000,120368.9218750000,131783.0937500000,151085.9375000000,,,
3.0559999952,23,175506.1093750000,205679.1718750000,165198.5156250000,164145.2812500000,131568.2187500000,119755.1484375000,131102.1562500000,154182.1093750000,,,
3.0599999952,23,175666.1562500000,213621.9375000000,165467.3437500000,164502.2656250000,131939.1718750000,120095.7890625000,131473.7500000000,154250.0781250000,,,
3.0639999951,23,176064.1406250000,203720.2656250000,166040.3750000000,165323.9531250000,132734.3281250000,120868.7734375000,132329.5937500000,151648.0468750000,,,
3.0679999951,23,176188.0000000000,187204.6093750000,166197.8281250000,165604.6718750000,132983.3281250000,121128.5781250000,132618.7343750000,149440.8750000000,,,
3.0719999950,24,175832.6093750000,188132.8750000000,165635.5468750000,164817.4218750000,132192.7187500000,120385.0937500000,131783.8437500000,151087.8906250000,,,
3.0759999950,24,175529.0468750000,205626.1875000000,165215.0000000000,164151.2187500000,131585.7656250000,119780.8203125000,131111.3281250000,154201.0781250000,,,
3.0799999950,24,175677.7968750000,213625.6093750000,165481.2968750000,164503.3593750000,131953.7031250000,120115.3984375000,131488.7656250000,154275.2656250000,,,
3.0839999949,24,176069.8593750000,203803.1718750000,166050.9375000000,165332.6718750000,132747.2968750000,120879.4531250000,132346.3593750000,151678.4531250000,,,
3.0879999949,24,176187.8437500000,187238.0937500000,166203.1875000000,165612.7031250000,132995.2343750000,121134.7421875000,132636.5625000000,149445.1093750000,,,
3.0919999948,24,175826.9062500000,188054.8281250000,165638.2031250000,164815.9531250000,132204.0156250000,120384.9609375000,131802.0468750000,151066.8125000000,,,
3.0959999950,24,175510.0781250000,205542.3437500000,165203.6875000000,164143.2500000000,131582.3750000000,119766.6328125000,131112.6718750000,154178.0312500000,,,
3.0999999950,24,175653.3593750000,213602.0625000000,165461.9375000000,164480.5312500000,131942.6562500000,120093.2968750000,131479.3593750000,154261.8750000000,,,
3.1039999949,24,176040.8125000000,203792.0625000000,166027.7656250000,165301.1875000000,132732.3750000000,120859.2265625000,132334.4218750000,151665.0156250000,,,
3.1079999949,24,176177.3906250000,187256.3281250000,166200.0468750000,165617.4687500000,132995.5000000000,121125.0078125000,132636.3593750000,149446.7187500000,,,
3.1119999948,24,175834.1875000000,188002.3281250000,165647.7812500000,164844.7500000000,132216.4531250000,120386.7031250000,131808.7812500000,151064.0468750000,,,
3.1159999950,24,175521.2343750000,205473.0156250000,165212.7812500000,164145.4687500000,131593.1093750000,119768.5312500000,131114.8906250000,154182.6250000000,,,
3.1199999950,24,175666.7656250000,213579.1875000000,165473.0937500000,164474.0156250000,131951.1250000000,120098.6875000000,131485.5312500000,154277.7656250000,,,
3.1239999949,24,176053.4062500000,203777.0781250000,166033.4062500000,165313.4218750000,132733.1562500000,120867.0312500000,132340.9843750000,151678.5625000000,,,
3.1279999949,24,176179.4218750000,187260.4843750000,166193.4218750000,165611.0937500000,132982.5937500000,121130.3984375000,132637.9375000000,149456.7500000000,,,
3.1319999949,24,175833.6562500000,187929.1875000000,165644.2343750000,164838.6406250000,132204.8437500000,120394.1875000000,131817.3750000000,151055.4843750000,,,
3.1359999948,24,175526.8437500000,205404.2968750000,165218.9531250000,164171.4062500000,131586.8125000000,119775.1562500000,131128.0625000000,154182.3281250000,,,
3.1399999950,24,175669.9062500000,213578.4531250000,165476.3281250000,164503.8125000000,131943.8125000000,120099.1953125000,131489.3281250000,154286.6093750000,,,
3.1439999950,24,176053.6250000000,203855.8593750000,166031.5468750000,165322.9687500000,132725.6250000000,120869.6328125000,132343.6718750000,151694.0625000000,,,
3.1479999949,24,176187.5781250000,187319.4375000000,166201.4687500000,165624.2031250000,132990.7343750000,121141.6640625000,132647.6406250000,149464.3437500000,,,
3.1519999949,24,175831.8906250000,187890.6406250000,165644.5312500000,164833.3281250000,132209.2968750000,120385.5000000000,131820.5937500000,151032.4687500000,,,
3.1559999948,24,175508.3281250000,205342.0156250000,165198.9687500000,164146.8906250000,131571.7656250000,119754.5625000000,131111.6562500000,154151.8906250000,,,
3.1599999950,24,175644.8281250000,213580.0468750000,165449.6718750000,164483.2968750000,131919.7187500000,120068.9453125000,131465.4062500000,154264.2343750000,,,
3.1639999950,24,176043.7031250000,203908.8593750000,166026.8906250000,165311.6406250000,132719.1875000000,120842.2734375000,132330.2343750000,151682.0000000000,,,
3.1679999949,24,176173.1718750000,187362.2812500000,166194.7656250000,165611.4843750000,132980.2968750000,121110.7890625000,132633.5312500000,149438.8437500000,,,
3.1719999949,24,175819.2031250000,187846.6093750000,165635.8125000000,164847.4375000000,132198.4843750000,120376.9375000000,131807.4687500000,151003.1875000000,,,
3.1759999949,24,175500.7343750000,205295.6562500000,165193.5000000000,164167.9843750000,131565.6718750000,119750.4296875000,131108.9218750000,154139.8125000000,,,
3.1799999948,24,175632.7812500000,213604.6875000000,165439.2343750000,164487.0468750000,131909.8281250000,120066.9843750000,131462.6250000000,154267.1875000000,,,
3.1839999950,24,176033.6406250000,204044.6250000000,166016.6406250000,165313.0468750000,132709.9218750000,120854.8281250000,132329.1093750000,151706.7343750000,,,
3.1879999950,24,176166.9218750000,187444.8125000000,166186.7187500000,165608.7031250000,132975.8125000000,121130.5859375000,132641.3906250000,149450.1875000000,,,
3.1919999949,24,175818.6093750000,187803.7187500000,165634.2656250000,164839.8437500000,132199.2031250000,120385.4140625000,131827.1562500000,150989.5312500000,,,
3.1959999949,24,175509.1406250000,205230.7500000000,165197.2968750000,164158.8281250000,131566.8281250000,119754.7187500000,131120.9531250000,154134.1875000000,,,
3.1999999948,25,175648.1093750000,213614.9843750000,165446.5937500000,164468.3281250000,131911.2968750000,120065.5859375000,131465.7500000000,154283.3437500000,,,
3.2039999948,25,176051.0781250000,204107.5468750000,166031.8125000000,165293.0781250000,132719.2812500000,120843.4062500000,132336.1406250000,151724.5312500000,,,
3.2079999947,25,176183.5781250000,187485.9218750000,166200.9531250000,165604.8437500000,132986.7500000000,121118.6484375000,132641.3906250000,149453.8593750000,,,
3.2119999947,25,175830.0625000000,187756.1562500000,165642.0625000000,164829.7031250000,132207.4218750000,120382.0078125000,131813.8593750000,150980.6562500000,,,
3.2159999947,25,175508.8437500000,205180.2812500000,165189.4218750000,164133.0625000000,131560.5781250000,119745.3046875000,131097.6718750000,154131.1718750000,,,
3.2199999946,25,175656.0468750000,213622.0781250000,165447.1562500000,164459.6093750000,131913.5000000000,120074.0390625000,131464.3281250000,154302.8437500000,,,
3.2239999948,25,176060.7031250000,204160.2343750000,166030.4843750000,165294.2656250000,132718.7812500000,120860.8359375000,132336.1093750000,151753.6406250000,,,
3.2279999948,25,176198.4375000000,187528.7656250000,166207.5000000000,165607.0625000000,132994.1875000000,121140.7500000000,132652.5000000000,149480.9531250000,,,
3.2319999947,25,175838.4843750000,187709.6718750000,165645.8750000000,164827.3750000000,132213.5000000000,120398.0234375000,131827.8750000000,150985.7031250000,,,
3.2359999947,25,175526.4062500000,205120.8125000000,165203.3593750000,164136.5625000000,131577.0937500000,119768.5859375000,131120.3125000000,154143.1093750000,,,
3.2399999946,25,175673.6093750000,213626.3906250000,165461.0468750000,164469.7343750000,131928.2968750000,120086.5625000000,131477.3906250000,154321.0781250000,,,
3.2439999948,25,176062.2031250000,204227.9843750000,166026.3750000000,165290.7812500000,132714.5468750000,120850.8906250000,132331.3906250000,151755.7343750000,,,
3.2479999948,25,176203.2968750000,187569.7656250000,166208.5468750000,165610.1562500000,132994.8593750000,121139.1171875000,132651.0312500000,149466.0156250000,,,
3.2519999947,25,175852.5625000000,187663.9375000000,165658.8906250000,164839.4687500000,132223.4062500000,120404.8906250000,131834.6718750000,150961.3125000000,,,
3.2559999947,25,175530.7812500000,205056.0625000000,165208.1718750000,164144.5937500000,131573.6093750000,119759.6562500000,131120.1562500000,154119.5937500000,,,
3.2599999947,25,175653.6875000000,213617.7343750000,165445.3593750000,164452.0000000000,131904.2968750000,120059.2890625000,131455.9375000000,154297.8281250000,,,
3.2639999946,25,176042.7343750000,204266.5000000000,166016.7968750000,165289.5781250000,132702.1250000000,120840.5312500000,132321.4062500000,151750.0468750000,,,
3.2679999948,25,176178.6093750000,187618.0312500000,166196.1250000000,165616.7187500000,132984.1562500000,121136.8359375000,132648.9531250000,149463.8125000000,,,
3.2719999948,25,175836.3437500000,187629.4843750000,165654.9375000000,164855.3750000000,132225.3906250000,120426.1875000000,131850.1250000000,150960.7500000000,,,
3.2759999947,25,175520.8125000000,205007.9687500000,165212.9062500000,164163.0937500000,131583.7500000000,119781.4375000000,131138.5312500000,154130.6875000000,,,
3.2799999947,25,175646.2500000000,213640.3593750000,165441.2500000000,164473.3437500000,131905.7968750000,120072.1875000000,131463.1093750000,154322.4531250000,,,
3.2839999946,25,176036.4062500000,204384.0312500000,166007.8125000000,165298.8437500000,132694.4218750000,120830.1796875000,132317.0937500000,151771.5000000000,,,
3.2879999948,25,176188.1406250000,187691.1093750000,166202.9375000000,165635.9843750000,132988.6562500000,121125.0625000000,132657.2187500000,149465.7500000000,,,
3.2919999948,25,175850.9062500000,187594.1875000000,165665.0312500000,164879.3593750000,132231.3593750000,120410.2812500000,131860.5000000000,150943.8593750000,,,
3.2959999947,25,175512.6250000000,204939.3906250000,165198.4531250000,164172.2187500000,131562.3906250000,119744.3125000000,131123.0000000000,154098.3281250000,,,
3.2999999947,25,175632.8437500000,213645.1093750000,165430.3593750000,164463.6406250000,131883.3750000000,120037.4296875000,131449.8593750000,154305.6562500000,,,
3.3039999946,25,176033.3437500000,204507.8750000000,166012.0000000000,165284.2031250000,132687.6093750000,120821.1640625000,132321.1718750000,151785.9062500000,,,
3.3079999946,25,176196.9843750000,187766.5937500000,166219.9531250000,165632.4843750000,132998.9843750000,121139.7343750000,132673.9062500000,149475.7187500000,,,
3.3119999948,25,175857.8750000000,187533.9843750000,165674.8125000000,164889.9687500000,132238.0781250000,120422.3203125000,131868.2500000000,150929.4531250000,,,
3.3159999948,25,175527.1406250000,204871.8125000000,165205.0312500000,164180.4843750000,131566.7968750000,119755.8984375000,131119.7031250000,154100.5156250000,,,
3.3199999947,25,175645.2812500000,213652.6718750000,165426.6875000000,164464.9531250000,131880.0468750000,120036.7265625000,131429.1406250000,154318.5781250000,,,
3.3239999947,25,176030.6406250000,204597.0781250000,165988.9843750000,165285.3281250000,132666.0000000000,120800.5156250000,132277.7968750000,151792.2343750000,,,
3.3279999946,26,176177.3593750000,187797.5468750000,166180.2031250000,165617.9062500000,132963.0468750000,121104.7031250000,132614.0156250000,149446.4843750000,,,
3.3319999946,26,175840.8437500000,187447.4375000000,165647.1093750000,164865.6406250000,132210.2812500000,120386.4609375000,131810.5000000000,150881.2187500000,,,
3.3359999945,26,175518.5781250000,204771.8281250000,165197.5781250000,164149.3593750000,131553.8125000000,119735.4609375000,131094.5625000000,154074.0468750000,,,
3.3399999945,26,175650.0625000000,213619.6875000000,165437.1406250000,164448.8125000000,131881.6562500000,120036.5703125000,131436.1718750000,154329.6562500000,,,
3.3439999945,26,176048.9375000000,204572.4531250000,166014.2187500000,165274.0468750000,132683.8750000000,120815.3750000000,132301.2187500000,151814.8750000000,,,
3.3479999944,26,176197.3593750000,187802.2968750000,166210.1875000000,165628.3593750000,132986.5625000000,121113.8203125000,132648.7187500000,149473.5156250000,,,
3.3519999946,26,175859.4843750000,187394.5781250000,165672.4843750000,164892.0937500000,132235.4218750000,120403.0625000000,131856.1718750000,150897.9843750000,,,
3.3559999946,26,175533.1718750000,204714.5156250000,165210.7187500000,164174.8906250000,131570.9843750000,119748.1250000000,131116.5312500000,154089.6093750000,,,
3.3599999945,26,175643.8437500000,213600.6406250000,165429.8750000000,164450.0156250000,131881.0156250000,120029.5703125000,131427.7812500000,154329.7187500000,,,
3.3639999945,26,176039.4687500000,204555.3750000000,166007.6250000000,165275.7812500000,132682.4843750000,120811.6718750000,132294.4218750000,151811.8750000000,,,
3.3679999944,26,176190.3593750000,187827.0156250000,166205.1406250000,165627.0937500000,132986.8125000000,121124.8984375000,132642.8750000000,149478.2656250000,,,
3.3719999946,26,175852.9687500000,187356.8281250000,165672.2656250000,164891.2031250000,132239.0937500000,120413.3125000000,131861.9687500000,150883.7656250000,,,
3.3759999946,26,175534.5937500000,204668.0000000000,165220.0468750000,164177.6875000000,131578.8437500000,119759.4140625000,131139.7343750000,154084.8750000000,,,
3.3799999945,26,175654.2187500000,213606.0937500000,165444.7343750000,164460.5781250000,131890.6250000000,120041.9296875000,131457.6562500000,154341.2187500000,,,
3.3839999945,26,176035.9218750000,204615.9375000000,166003.5468750000,165283.8281250000,132672.3437500000,120799.8203125000,132301.5312500000,151808.8437500000,,,
3.3879999944,26,176186.2812500000,187868.1406250000,166200.4218750000,165625.1093750000,132976.1875000000,121103.6015625000,132647.8906250000,149456.8125000000,,,
3.3919999944,26,175857.6562500000,187293.1562500000,165673.1250000000,164878.7343750000,132237.0468750000,120401.3984375000,131868.5937500000,150854.2656250000,,,
3.3959999946,26,175541.5156250000,204570.9843750000,165221.8125000000,164166.0468750000,131579.5625000000,119749.8671875000,131136.6718750000,154068.4687500000,,,
3.3999999946,26,175664.2500000000,213583.0156250000,165450.1875000000,164458.4375000000,131895.3125000000,120031.0937500000,131452.0468750000,154349.1562500000,,,
3.4039999945,26,176043.3593750000,204689.8125000000,166006.3125000000,165268.8437500000,132674.6875000000,120789.7890625000,132296.7812500000,151832.7187500000,,,
3.4079999945,26,176196.1875000000,187923.5000000000,166207.2031250000,165618.2187500000,132984.4218750000,121111.5156250000,132650.7031250000,149476.3437500000,,,
3.4119999944,26,175870.8125000000,187258.5312500000,165687.9531250000,164877.5312500000,132252.9062500000,120426.0546875000,131875.5937500000,150862.3750000000,,,
3.4159999946,26,175548.7500000000,204523.1562500000,165229.1406250000,164168.2968750000,131589.1406250000,119768.8046875000,131139.1406250000,154070.9687500000,,,
3.4199999946,26,175658.6406250000,213604.3750000000,165442.3281250000,164453.8437500000,131889.0312500000,120031.3671875000,131438.8281250000,154347.2343750000,,,
3.4239999945,26,176042.7343750000,204812.4375000000,166007.0625000000,165264.3593750000,132674.5781250000,120793.0546875000,132286.9375000000,151846.2500000000,,,
3.4279999945,26,176205.9531250000,187998.2031250000,166222.5468750000,165629.6718750000,132999.8750000000,121118.6796875000,132657.8593750000,149478.1093750000,,,
3.4319999944,26,175875.6406250000,187205.6093750000,165694.1875000000,164893.4843750000,132261.4375000000,120415.1093750000,131879.5625000000,150837.7656250000,,,
3.4359999944,26,175544.5937500000,204458.7656250000,165221.7656250000,164164.1406250000,131582.7812500000,119744.0468750000,131130.5156250000,154053.3593750000,,,
3.4399999946,26,175661.5625000000,213622.4218750000,165439.0468750000,164430.7812500000,131886.0937500000,120024.1250000000,131440.8906250000,154367.1875000000,,,
3.4439999945,26,176053.9531250000,204900.3593750000,166010.6250000000,165249.3593750000,132679.0468750000,120793.3828125000,132299.2812500000,151883.8906250000,,,
3.4479999945,26,176228.0781250000,188082.4531250000,166239.8281250000,165629.6406250000,133017.7031250000,121135.3046875000,132680.9531250000,149518.0937500000,,,
3.4519999945,26,175906.9375000000,187205.9531250000,165726.3437500000,164918.1718750000,132293.0000000000,120449.2265625000,131918.0625000000,150872.3437500000,,,
3.4559999944,27,175574.0156250000,204428.5625000000,165252.2031250000,164184.0468750000,131612.3125000000,119780.7890625000,131160.7031250000,154090.8593750000,,,
3.4599999944,27,175680.1250000000,213646.0000000000,165463.0781250000,164445.8750000000,131909.1250000000,120037.6640625000,131455.4375000000,154402.1562500000,,,
3.4639999943,27,176057.8437500000,204987.5625000000,166020.4531250000,165261.1718750000,132687.1875000000,120785.4921875000,132311.9062500000,151908.7031250000,,,
3.4679999943,27,176214.2656250000,188130.8906250000,166221.5312500000,165620.3750000000,133002.3750000000,121120.6875000000,132681.2812500000,149513.7343750000,,,
3.4719999942,27,175878.8750000000,187132.5937500000,165686.7031250000,164885.6875000000,132262.0000000000,120427.2343750000,131906.9843750000,150834.6562500000,,,
3.4759999942,27,175546.9531250000,204331.3593750000,165214.1406250000,164154.9218750000,131580.4687500000,119754.3750000000,131154.5156250000,154054.2812500000,,,
3.4799999944,27,175665.2656250000,213605.0937500000,165435.7187500000,164437.1406250000,131884.6718750000,120027.7968750000,131459.5000000000,154386.6875000000,,,
3.4839999944,27,176057.9218750000,204997.7187500000,166010.5781250000,165264.6875000000,132680.2343750000,120797.4843750000,132316.9531250000,151912.4218750000,,,
3.4879999943,27,176222.4687500000,188136.1406250000,166233.5781250000,165628.6875000000,133014.0937500000,121129.5390625000,132696.6562500000,149514.2343750000,,,
3.4919999943,27,175886.7656250000,187060.6093750000,165706.7343750000,164902.2812500000,132278.2500000000,120436.1875000000,131922.8593750000,150820.1250000000,,,
3.4959999942,27,175564.6562500000,204240.7968750000,165243.7031250000,164179.1875000000,131601.9062500000,119777.5468750000,131175.8906250000,154054.8906250000,,,
3.4999999944,27,175659.9375000000,213580.1718750000,165439.1875000000,164447.4687500000,131877.6093750000,120027.2343750000,131456.3750000000,154385.5000000000,,,
3.5039999944,27,176028.8750000000,204994.9062500000,165987.7187500000,165252.6093750000,132648.7500000000,120776.5859375000,132297.7500000000,151885.6250000000,,,
3.5079999943,27,176194.2343750000,188152.4531250000,166202.8125000000,165626.1406250000,132977.3125000000,121115.4609375000,132676.9375000000,149488.4375000000,,,
3.5119999943,27,175870.3750000000,187003.2031250000,165682.3593750000,164907.2187500000,132250.0312500000,120430.6953125000,131916.3437500000,150784.6406250000,,,
3.5159999942,27,175534.9687500000,204166.9843750000,165203.8437500000,164169.1875000000,131559.5000000000,119748.6093750000,131155.4062500000,154008.0625000000,,,
3.5199999942,27,175642.1406250000,213580.4375000000,165411.9375000000,164425.0156250000,131849.4531250000,120002.1250000000,131446.5312500000,154362.5937500000,,,
3.5239999944,27,176039.9531250000,205131.8593750000,165990.7500000000,165244.4531250000,132647.2968750000,120773.4765625000,132310.1406250000,151912.3750000000,,,
3.5279999943,27,176211.4218750000,188249.6875000000,166221.1093750000,165628.9843750000,132992.5000000000,121118.1171875000,132701.9843750000,149499.7500000000,,,
3.5319999943,27,175876.6562500000,186978.7968750000,165696.7031250000,164908.5937500000,132264.4375000000,120417.4921875000,131933.2343750000,150764.8125000000,,,
3.5359999943,27,175537.4687500000,204121.9843750000,165216.0312500000,164170.0781250000,131572.8593750000,119732.6484375000,131169.5937500000,153991.9218750000,,,
3.5399999942,27,175653.1406250000,213599.2968750000,165433.5000000000,164446.4218750000,131869.7031250000,119997.7031250000,131468.3906250000,154370.1562500000,,,
3.5439999944,27,176048.4531250000,205177.2968750000,166005.0000000000,165270.1250000000,132658.8906250000,120769.2656250000,132322.9375000000,151922.1562500000,,,
3.5479999944,27,176215.0937500000,188295.5000000000,166225.3125000000,165646.5781250000,132990.7500000000,121113.4765625000,132707.0312500000,149503.8593750000,,,
3.5519999943,27,175874.1093750000,186941.0312500000,165691.0937500000,164906.2031250000,132252.0468750000,120416.0468750000,131939.4375000000,150752.7500000000,,,
3.5559999943,27,175525.0625000000,204061.2031250000,165197.9687500000,164142.9218750000,131547.5937500000,119724.6796875000,131165.9687500000,153982.3125000000,,,
3.5599999942,27,175638.7656250000,213581.6718750000,165413.1406250000,164407.7343750000,131844.8593750000,119996.7109375000,131463.7187500000,154374.6406250000,,,
3.5639999942,27,176033.4218750000,205187.4375000000,165990.8593750000,165240.1718750000,132643.1718750000,120764.8437500000,132326.4218750000,151922.7031250000,,,
3.5679999944,27,176205.2031250000,188311.0468750000,166218.3593750000,165625.9218750000,132985.6093750000,121108.5703125000,132714.0781250000,149500.0781250000,,,
3.5719999943,27,175891.7500000000,186875.1406250000,165709.8750000000,164928.1406250000,132273.6875000000,120443.2968750000,131962.7656250000,150753.6875000000,,,
3.5759999943,27,175558.8906250000,203979.4531250000,165228.3906250000,164177.1250000000,131579.4062500000,119760.8906250000,131202.3906250000,153996.6718750000,,,
3.5799999943,27,175663.8281250000,213563.7812500000,165428.4062500000,164429.0156250000,131860.2812500000,120011.6484375000,131491.2187500000,154389.5312500000,,,
3.5839999942,28,176054.3437500000,205220.0781250000,165995.7968750000,165245.0000000000,132651.1093750000,120781.7968750000,132348.4687500000,151942.8906250000,,,
3.5879999942,28,176235.4531250000,188363.7031250000,166233.5781250000,165638.3125000000,133005.0781250000,121141.2656250000,132746.8281250000,149532.0000000000,,,
3.5919999941,28,175911.6093750000,186852.7031250000,165722.7500000000,164936.0000000000,132291.8281250000,120465.2890625000,131990.7187500000,150761.4843750000,,,
3.5959999941,28,175566.1406250000,203934.5000000000,165235.6093750000,164176.4531250000,131590.7812500000,119774.9687500000,131215.8281250000,154000.0937500000,,,
3.5999999940,28,175658.3750000000,213590.5625000000,165429.6406250000,164427.9687500000,131863.0781250000,120015.6171875000,131493.1093750000,154398.8125000000,,,
3.6039999940,28,176034.5000000000,205324.0468750000,165991.5000000000,165239.7656250000,132644.5625000000,120769.1875000000,132345.9531250000,151944.8593750000,,,
3.6079999942,28,176202.3281250000,188424.6250000000,166218.7187500000,165633.2500000000,132988.6406250000,121118.8125000000,132737.3906250000,149495.5625000000,,,
3.6119999941,28,175882.2031250000,186797.0000000000,165707.8125000000,164938.6562500000,132276.2656250000,120442.5703125000,131990.7500000000,150703.0937500000,,,
3.6159999941,28,175543.1718750000,203856.7656250000,165219.0312500000,164185.5781250000,131571.7812500000,119748.9296875000,131215.9062500000,153949.5312500000,,,
3.6199999941,28,175640.9375000000,213577.3906250000,165414.4531250000,164415.2031250000,131845.0781250000,119994.3515625000,131486.8437500000,154370.4843750000,,,
3.6239999940,28,176025.5625000000,205409.4687500000,165978.6875000000,165213.6406250000,132629.1875000000,120758.2734375000,132336.8906250000,151942.3281250000,,,
3.6279999942,28,176206.8906250000,188498.4062500000,166218.9531250000,165615.7343750000,132986.0312500000,121121.5234375000,132744.0937500000,149499.2500000000,,,
3.6319999942,28,175893.5781250000,186771.0312500000,165716.6250000000,164932.9218750000,132279.6718750000,120457.0078125000,132001.7187500000,150697.5781250000,,,
3.6359999941,28,175553.9062500000,203820.0468750000,165227.5000000000,164181.9531250000,131572.9687500000,119772.1562500000,131222.4843750000,153957.4531250000,,,
3.6399999941,28,175632.3281250000,213582.6093750000,165407.5000000000,164420.9843750000,131831.9062500000,119997.7265625000,131480.7812500000,154374.1875000000,,,
3.6439999940,28,176015.4062500000,205461.9375000000,165972.6718750000,165228.2343750000,132619.5156250000,120754.9687500000,132331.7343750000,151948.3750000000,,,
3.6479999940,28,176196.7187500000,188537.6250000000,166209.9687500000,165624.5000000000,132979.0312500000,121119.2656250000,132737.8281250000,149499.6250000000,,,
3.6519999942,28,175892.3750000000,186724.5781250000,165716.6875000000,164931.6250000000,132288.6562500000,120463.9218750000,132008.4218750000,150690.0156250000,,,
3.6559999941,28,175559.9843750000,203735.4687500000,165234.2968750000,164175.1093750000,131589.1718750000,119774.1640625000,131237.1718750000,153954.7656250000,,,
3.6599999941,28,175649.3437500000,213562.6406250000,165417.5156250000,164408.5781250000,131849.9375000000,120006.0156250000,131501.3750000000,154399.4531250000,,,
3.6639999941,28,176032.1093750000,205504.3437500000,165977.3125000000,165228.4218750000,132630.4531250000,120765.3515625000,132348.2343750000,151986.0312500000,,,
3.6679999940,28,176211.1250000000,188590.0625000000,166211.7656250000,165632.2187500000,132982.0312500000,121130.1875000000,132748.4687500000,149529.8437500000,,,
3.6719999942,28,175900.6875000000,186690.7812500000,165714.4531250000,164942.4687500000,132282.2187500000,120482.7265625000,132018.5312500000,150698.4843750000,,,
3.6759999942,28,175562.0625000000,203672.2031250000,165230.5156250000,164183.3750000000,131576.6718750000,119796.5390625000,131240.4531250000,153960.1875000000,,,
3.6799999941,28,175652.8750000000,213567.0937500000,165424.4531250000,164417.6093750000,131845.5000000000,120030.6406250000,131505.9062500000,154415.1718750000,,,
3.6839999941,28,176032.3906250000,205567.6406250000,165985.7343750000,165233.7812500000,132628.2500000000,120788.3906250000,132353.0312500000,152001.8750000000,,,
3.6879999940,28,176202.4687500000,188646.0156250000,166217.3437500000,165637.4218750000,132982.7343750000,121148.5312500000,132759.4062500000,149527.0312500000,,,
3.6919999940,28,175884.1562500000,186649.4218750000,165712.0937500000,164949.8437500000,132284.4531250000,120489.0859375000,132026.2656250000,150666.8125000000,,,
3.6959999942,28,175537.4687500000,203617.8281250000,165212.4531250000,164173.9062500000,131568.5937500000,119788.5703125000,131232.1406250000,153929.7500000000,,,
3.6999999941,28,175634.3906250000,213577.6875000000,165404.5000000000,164405.3281250000,131836.7812500000,120025.0312500000,131495.7500000000,154404.5781250000,,,
3.7039999941,28,176025.0312500000,205645.5000000000,165976.4062500000,165225.4687500000,132628.7968750000,120788.5546875000,132353.3593750000,152007.5937500000,,,
3.7079999940,28,176202.7500000000,188726.3125000000,166210.2187500000,165633.5156250000,132984.8281250000,121158.4843750000,132758.0937500000,149537.7343750000,,,
3.7119999940,29,175887.7343750000,186636.5781250000,165707.6250000000,164951.3750000000,132285.1250000000,120507.5625000000,132026.0937500000,150668.0156250000,,,
3.7159999940,29,175536.0937500000,203550.8281250000,165205.5625000000,164177.6562500000,131560.8437500000,119800.1015625000,131233.9843750000,153924.2500000000,,,
3.7199999939,29,175627.1250000000,213562.0781250000,165396.3750000000,164395.9375000000,131822.4062500000,120031.3125000000,131490.7343750000,154411.7343750000,,,
3.7239999939,29,176003.8437500000,205714.0312500000,165955.6406250000,165197.8906250000,132598.4062500000,120782.5468750000,132328.0937500000,152016.3906250000,,,
3.7279999938,29,176178.7500000000,188768.5000000000,166190.6562500000,165614.8750000000,132958.7031250000,121153.6015625000,132740.6093750000,149528.0468750000,,,
3.7319999938,29,175870.4062500000,186567.2187500000,165695.3906250000,164938.7968750000,132270.8281250000,120500.9687500000,132017.8906250000,150635.0468750000,,,
3.7359999940,29,175533.5468750000,203461.3593750000,165203.3906250000,164168.1875000000,131558.2968750000,119798.9218750000,131223.5468750000,153903.1406250000,,,
3.7399999939,29,175635.4687500000,213538.3906250000,165397.7656250000,164397.8750000000,131824.3906250000,120033.9375000000,131479.3593750000,154410.0000000000,,,
3.7439999939,29,176025.5156250000,205753.3281250000,165965.0781250000,165215.1093750000,132611.7812500000,120797.1328125000,132326.3125000000,152035.8125000000,,,
3.7479999939,29,176215.2500000000,188820.2187500000,166218.9062500000,165632.9218750000,132988.3906250000,121175.7265625000,132750.7187500000,149556.6718750000,,,
3.7519999938,29,175916.2968750000,186533.0468750000,165739.9687500000,164951.9687500000,132315.2187500000,120540.1015625000,132045.4843750000,150663.6250000000,,,
3.7559999940,29,175554.9687500000,203389.5468750000,165226.4062500000,164175.0625000000,131580.2812500000,119810.8906250000,131238.5781250000,153918.0156250000,,,
3.7599999940,29,175641.0156250000,213527.8437500000,165408.4218750000,164404.9843750000,131831.3125000000,120028.7109375000,131483.8593750000,154428.9531250000,,,
3.7639999939,29,176017.3906250000,205824.4531250000,165965.4687500000,165219.8281250000,132607.5000000000,120798.9062500000,132322.7500000000,152059.5000000000,,,
3.7679999939,29,176205.3593750000,188867.5000000000,166218.5468750000,165636.2656250000,132986.5625000000,121194.5078125000,132751.6406250000,149571.4687500000,,,
3.7719999938,29,175899.9843750000,186474.4062500000,165726.0000000000,164952.9218750000,132304.5937500000,120551.9531250000,132034.3906250000,150652.8906250000,,,
3.7759999938,29,175551.5625000000,203315.8906250000,165222.7031250000,164172.8593750000,131578.2500000000,119829.1562500000,131234.4218750000,153916.5468750000,,,
3.7799999940,29,175655.0468750000,213526.6406250000,165421.3281250000,164394.2968750000,131846.7968750000,120061.4296875000,131495.5312500000,154451.6718750000,,,
3.7839999939,29,176036.7031250000,205889.7187500000,165982.3593750000,165209.4531250000,132626.7031250000,120804.7812500000,132332.5937500000,152078.8593750000,,,
3.7879999939,29,176217.7500000000,188927.5937500000,166228.1562500000,165632.2968750000,132999.5468750000,121182.7578125000,132749.6718750000,149565.3906250000,,,
3.7919999938,29,175915.1093750000,186435.9218750000,165744.3906250000,164972.4843750000,132325.7500000000,120557.3437500000,132037.8125000000,150631.7812500000,,,
3.7959999938,29,175559.0000000000,203247.0781250000,165233.8125000000,164186.7812500000,131589.2968750000,119836.3125000000,131228.1718750000,153903.2656250000,,,
3.7999999940,29,175636.1875000000,213511.2187500000,165401.0156250000,164387.2500000000,131825.1250000000,120049.8203125000,131465.2500000000,154444.7031250000,,,
3.8039999940,29,176020.8750000000,205957.7187500000,165964.0625000000,165200.0312500000,132605.8906250000,120819.3984375000,132311.0312500000,152104.4531250000,,,
3.8079999939,29,176206.4375000000,188984.3125000000,166219.4062500000,165635.7031250000,132987.6093750000,121202.6875000000,132745.9687500000,149593.6093750000,,,
3.8119999939,29,175895.7812500000,186389.7812500000,165727.0468750000,164962.2812500000,132304.0000000000,120557.7734375000,132029.1093750000,150630.9687500000,,,
3.8159999938,29,175536.8125000000,203173.0156250000,165205.4375000000,164163.9843750000,131555.8593750000,119833.0937500000,131205.9062500000,153899.4687500000,,,
3.8199999938,29,175623.3750000000,213500.8593750000,165377.5468750000,164383.9531250000,131797.8750000000,120045.7421875000,131443.6250000000,154451.3593750000,,,
3.8239999940,29,176018.3281250000,206016.6406250000,165953.3593750000,165205.9062500000,132592.0937500000,120808.2656250000,132298.5000000000,152112.0937500000,,,
3.8279999939,29,176202.2187500000,189038.7343750000,166206.9062500000,165632.2812500000,132974.5000000000,121192.2812500000,132730.1250000000,149588.4218750000,,,
3.8319999939,29,175893.3906250000,186355.6718750000,165717.5156250000,164958.5000000000,132299.5781250000,120557.7187500000,132020.5937500000,150614.1250000000,,,
3.8359999938,29,175537.8125000000,203108.4531250000,165207.3593750000,164163.6562500000,131564.5937500000,119829.6875000000,131210.2968750000,153888.2187500000,,,
3.8399999938,30,175622.2968750000,213497.9375000000,165388.4062500000,164390.5468750000,131810.3125000000,120036.5937500000,131450.5156250000,154454.0312500000,,,
3.8439999938,30,176019.3281250000,206082.1718750000,165968.1406250000,165207.9843750000,132604.1093750000,120807.9453125000,132305.7187500000,152131.4218750000,,,
3.8479999937,30,176219.8125000000,189106.2031250000,166239.3437500000,165629.9375000000,133004.0000000000,121219.3437500000,132756.1093750000,149625.2031250000,,,
3.8519999937,30,175889.2656250000,186323.1093750000,165723.0625000000,164961.5312500000,132305.1250000000,120566.4375000000,132024.8593750000,150618.2812500000,,,
3.8559999936,30,175506.1562500000,203033.9687500000,165184.3281250000,164158.8281250000,131539.3281250000,119809.1406250000,131183.9843750000,153861.2187500000,,,
3.8599999936,30,175589.0625000000,213468.4375000000,165357.5937500000,164366.9218750000,131778.1250000000,120024.1250000000,131414.7968750000,154433.9218750000,,,
3.8639999938,30,175978.7187500000,206116.0625000000,165925.7031250000,165184.0781250000,132562.1406250000,120785.6015625000,132259.8593750000,152108.6562500000,,,
3.8679999937,30,176180.7656250000,189141.6562500000,166192.9375000000,165622.5937500000,132956.4687500000,121186.5390625000,132706.0625000000,149583.3593750000,,,
3.8719999937,30,175888.6718750000,186289.7656250000,165716.2343750000,164977.0468750000,132290.4531250000,120562.7656250000,132005.3593750000,150583.9062500000,,,
3.8759999936,30,175538.2656250000,202986.7343750000,165209.8593750000,164190.7500000000,131553.8750000000,119833.1250000000,131191.2656250000,153861.2656250000,,,
3.8799999936,30,175620.7187500000,213473.6093750000,165383.2031250000,164393.8437500000,131794.4687500000,120038.0703125000,131424.6718750000,154449.7500000000,,,
3.8839999938,30,176001.6406250000,206174.0937500000,165944.2656250000,165201.9375000000,132575.7343750000,120790.1640625000,132267.7343750000,152134.5625000000,,,
3.8879999937,30,176191.2187500000,189198.6718750000,166204.7968750000,165639.5468750000,132969.6718750000,121185.8437500000,132712.9375000000,149605.8906250000,,,
3.8919999937,30,175898.0000000000,186258.9843750000,165734.5468750000,164984.2812500000,132312.7187500000,120575.0781250000,132020.2500000000,150602.0625000000,,,
3.8959999937,30,175540.0312500000,202921.9687500000,165217.0156250000,164181.3281250000,131564.8125000000,119842.5937500000,131188.5468750000,153883.7968750000,,,
3.8999999936,30,175612.5312500000,213462.5000000000,165380.3125000000,164376.5781250000,131793.2031250000,120037.4296875000,131409.0625000000,154476.3750000000,,,
3.9039999936,30,175992.6562500000,206205.2343750000,165937.6718750000,165193.1406250000,132567.0468750000,120790.9687500000,132247.4843750000,152157.6406250000,,,
3.9079999938,30,176192.0625000000,189233.8750000000,166201.0156250000,165637.8281250000,132960.8437500000,121202.4453125000,132692.2812500000,149628.2031250000,,,
3.9119999937,30,175887.3593750000,186210.7812500000,165715.2343750000,164970.0156250000,132290.1093750000,120579.6328125000,131986.5625000000,150594.4218750000,,,
3.9159999937,30,175527.0312500000,202837.1718750000,165192.6875000000,164179.0000000000,131536.0781250000,119841.3593750000,131155.8281250000,153869.2656250000,,,
3.9199999936,30,175599.5000000000,213440.0625000000,165354.0312500000,164374.4062500000,131761.8125000000,120036.7578125000,131374.3281250000,154474.3906250000,,,
3.9239999936,30,175981.2656250000,206270.2968750000,165918.4218750000,165170.0781250000,132545.1875000000,120797.7812500000,132218.1093750000,152172.3281250000,,,
3.9279999938,30,176185.3750000000,189289.0468750000,166195.4062500000,165623.9062500000,132957.5000000000,121216.0390625000,132680.6406250000,149638.2968750000,,,
3.9319999937,30,175899.9375000000,186176.0625000000,165730.0468750000,164991.3437500000,132309.2031250000,120602.7265625000,131995.9531250000,150602.8125000000,,,
3.9359999937,30,175546.6406250000,202772.2968750000,165215.3281250000,164182.7500000000,131562.4843750000,119858.7656250000,131161.7812500000,153887.3593750000,,,
3.9399999937,30,175610.3125000000,213426.3750000000,165367.0937500000,164365.2343750000,131778.1562500000,120038.0703125000,131368.3906250000,154496.8125000000,,,
3.9439999936,30,175976.8906250000,206307.5000000000,165910.1250000000,165156.0468750000,132540.4062500000,120777.9296875000,132205.6406250000,152182.9062500000,,,
3.9479999936,30,176170.1875000000,189325.2031250000,166174.9218750000,165602.1093750000,132937.5937500000,121179.7812500000,132662.1093750000,149630.0781250000,,,
3.9519999938,30,175880.8906250000,186113.7031250000,165709.3437500000,164972.7968750000,132286.5937500000,120570.9453125000,131978.2500000000,150570.8593750000,,,
3.9559999937,30,175524.4062500000,202674.6406250000,165191.4062500000,164177.6406250000,131535.2187500000,119837.2031250000,131146.7031250000,153857.1093750000,,,
3.9599999937,30,175602.2343750000,213392.9531250000,165356.6250000000,164371.8593750000,131762.5156250000,120034.6640625000,131366.4375000000,154497.5625000000,,,
3.9639999936,30,175997.9375000000,206360.9218750000,165934.4062500000,165181.0156250000,132557.2812500000,120801.1562500000,132222.2187500000,152221.4375000000,,,
3.9679999936,31,176201.2500000000,189384.6562500000,166210.0781250000,165630.1250000000,132968.2031250000,121212.8750000000,132682.6718750000,149669.1406250000,,,
3.9719999935,31,175906.2656250000,186088.2812500000,165738.8125000000,164985.0000000000,132317.6562500000,120598.3828125000,131997.4843750000,150588.1875000000,,,
3.9759999935,31,175545.9375000000,202626.7812500000,165217.5000000000,164171.8906250000,131563.9531250000,119853.1875000000,131164.9218750000,153872.0156250000,,,
3.9799999935,31,175620.1562500000,213395.9843750000,165378.2500000000,164368.5781250000,131787.1093750000,120040.3750000000,131376.3281250000,154519.7500000000,,,
3.9839999934,31,175997.5937500000,206429.8125000000,165933.9687500000,165183.2968750000,132560.6406250000,120783.2109375000,132207.5000000000,152238.7500000000,,,
3.9879999934,31,176204.0937500000,189460.0312500000,166213.3750000000,165642.3281250000,132976.7031250000,121199.7890625000,132676.0312500000,149687.3750000000,,,
3.9919999936,31,175924.0000000000,186078.5156250000,165758.2031250000,165002.9531250000,132340.8750000000,120604.2812500000,132008.9843750000,150605.6250000000,,,
3.9959999935,31,175566.4062500000,202579.9843750000,165236.9218750000,164176.3125000000,131583.3125000000,119864.4765625000,131172.1406250000,153897.1250000000,,,
3.9999999935,31,175620.9062500000,213406.0937500000,165377.5937500000,164347.7187500000,131782.6562500000,120033.5937500000,131360.2343750000,154537.5937500000,,,
4.0039999934,31,175985.1562500000,206501.6718750000,165921.5000000000,165160.1250000000,132541.9375000000,120768.8359375000,132183.6718750000,152243.6562500000,,,
4.0079999934,31,176189.1875000000,189513.5156250000,166195.4375000000,165632.4843750000,132951.3750000000,121193.1640625000,132650.4843750000,149678.0937500000,,,
4.0119999936,31,175900.9843750000,186036.4062500000,165733.1875000000,165001.4218750000,132310.0625000000,120594.5234375000,131979.4218750000,150573.6875000000,,,
4.0159999935,31,175532.6093750000,202505.0937500000,165203.2812500000,164178.0625000000,131545.1250000000,119843.4765625000,131138.4218750000,153860.7343750000,,,
4.0199999935,31,175602.4531250000,213393.7031250000,165360.5156250000,164353.0468750000,131762.4843750000,120031.4453125000,131344.6093750000,154536.3281250000,,,
4.0239999935,31,175994.0468750000,206566.6562500000,165927.3437500000,165166.1406250000,132547.5781250000,120801.5625000000,132187.5625000000,152288.0781250000,,,
4.0279999934,31,176203.2343750000,189582.0781250000,166210.4218750000,165625.2031250000,132968.9531250000,121231.0390625000,132662.0156250000,149718.5937500000,,,
4.0319999934,31,175909.8281250000,185996.8125000000,165743.2656250000,164998.9531250000,132325.1875000000,120628.6093750000,131987.3125000000,150585.3750000000,,,
4.0359999936,31,175561.3125000000,202424.5781250000,165232.2187500000,164199.9218750000,131575.7500000000,119892.5312500000,131160.2500000000,153888.6250000000,,,
4.0399999935,31,175610.7187500000,213368.3593750000,165368.7812500000,164377.6250000000,131771.0781250000,120050.2734375000,131348.4687500000,154556.0625000000,,,
4.0439999935,31,175991.6875000000,206619.4375000000,165928.5781250000,165182.0156250000,132546.9843750000,120800.5937500000,132184.3281250000,152300.8906250000,,,
4.0479999934,31,176192.7500000000,189624.5000000000,166207.9062500000,165626.5156250000,132964.8750000000,121216.0390625000,132654.9218750000,149709.0937500000,,,
4.0519999934,31,175907.9062500000,185942.5312500000,165749.9687500000,165006.9687500000,132329.1406250000,120617.1328125000,131990.3437500000,150560.9687500000,,,
4.0559999936,31,175538.5312500000,202333.4375000000,165208.8437500000,164181.5312500000,131549.6875000000,119858.2578125000,131127.9843750000,153848.3437500000,,,
4.0599999935,31,175600.1250000000,213335.7656250000,165354.3750000000,164341.4843750000,131752.3281250000,120030.3750000000,131314.2656250000,154544.0468750000,,,
4.0639999935,31,175973.2656250000,206644.2812500000,165906.8281250000,165130.5937500000,132521.6875000000,120781.9843750000,132143.4375000000,152298.4531250000,,,
4.0679999935,31,176183.1718750000,189667.3750000000,166194.7968750000,165603.7968750000,132947.7343750000,121213.9531250000,132621.6093750000,149720.9062500000,,,
4.0719999934,31,175897.5781250000,185918.8437500000,165739.6250000000,164993.0000000000,132315.7968750000,120612.7890625000,131958.6093750000,150561.4531250000,,,
4.0759999934,31,175539.7187500000,202270.7500000000,165217.3593750000,164182.4375000000,131555.1093750000,119863.9921875000,131117.8281250000,153856.8125000000,,,
4.0799999936,31,175600.7031250000,213342.3906250000,165358.8593750000,164360.4531250000,131751.5781250000,120032.0312500000,131299.2656250000,154568.3750000000,,,
4.0839999935,31,175984.7500000000,206814.4062500000,165918.6093750000,165171.6406250000,132525.7968750000,120788.5546875000,132132.4531250000,152350.6250000000,,,
4.0879999935,31,176206.1875000000,189791.0781250000,166219.5937500000,165642.3281250000,132967.2656250000,121234.3593750000,132631.8750000000,149753.2187500000,,,
4.0919999934,31,175917.3750000000,185902.0000000000,165760.0312500000,165008.3125000000,132331.8906250000,120636.2578125000,131971.3593750000,150568.7968750000,,,
4.0959999934,32,175546.1250000000,202219.4062500000,165216.7968750000,164188.2500000000,131550.3593750000,119874.4296875000,131111.9687500000,153855.9218750000,,,
4.0999999933,32,175614.2031250000,213340.8750000000,165366.6875000000,164361.9531250000,131756.8906250000,120042.3359375000,131305.9531250000,154579.2968750000,,,
4.1039999933,32,175998.9375000000,206840.6093750000,165928.3437500000,165163.0312500000,132534.0468750000,120789.1171875000,132147.4062500000,152363.3593750000,,,
4.1079999933,32,176207.9843750000,189843.4531250000,166216.7812500000,165640.8593750000,132964.9843750000,121222.6406250000,132631.1250000000,149760.7031250000,,,
4.1119999932,32,175921.3906250000,185884.6406250000,165762.4375000000,165023.3593750000,132337.0781250000,120635.0234375000,131974.3281250000,150561.8281250000,,,
4.1159999932,32,175555.8593750000,202166.1875000000,165228.2343750000,164204.7812500000,131563.2812500000,119879.7656250000,131121.1250000000,153852.6250000000,,,
4.1199999934,32,175615.2187500000,213326.8437500000,165367.7343750000,164372.2812500000,131757.9843750000,120043.1640625000,131299.4062500000,154584.2031250000,,,
4.1239999933,32,175992.7343750000,206812.3750000000,165924.2343750000,165159.7187500000,132529.6562500000,120794.6171875000,132127.0781250000,152358.6875000000,,,
4.1279999933,32,176210.4218750000,189834.0625000000,166216.5156250000,165639.0156250000,132963.9375000000,121243.8828125000,132613.6406250000,149766.1562500000,,,
4.1319999932,32,175934.2343750000,185823.7343750000,165773.5000000000,165024.7500000000,132348.6406250000,120666.0000000000,131974.3281250000,150562.9843750000,,,
4.1359999932,32,175560.5781250000,202062.5781250000,165233.7031250000,164188.9062500000,131567.2031250000,119896.8750000000,131124.6093750000,153849.9218750000,,,
4.1399999934,32,175613.8281250000,213270.4687500000,165368.8281250000,164339.9843750000,131755.4687500000,120052.7421875000,131302.9531250000,154592.0937500000,,,
4.1439999933,32,175986.1406250000,206791.7656250000,165918.0156250000,165149.2343750000,132522.2500000000,120786.2734375000,132127.2500000000,152364.8593750000,,,
4.1479999933,32,176201.0156250000,189836.2968750000,166209.5468750000,165627.4531250000,132957.1406250000,121217.3593750000,132614.4062500000,149764.0625000000,,,
4.1519999932,32,175929.1406250000,185758.4531250000,165770.6562500000,165016.8437500000,132345.7968750000,120642.4765625000,131971.5625000000,150544.9843750000,,,
4.1559999932,32,175567.7500000000,201969.7968750000,165240.8281250000,164197.9062500000,131571.7656250000,119885.6640625000,131118.5468750000,153839.0625000000,,,
4.1599999932,32,175624.9843750000,213249.2187500000,165380.2500000000,164340.8125000000,131761.9531250000,120048.5000000000,131298.2812500000,154598.5781250000,,,
4.1639999934,32,176005.3437500000,206867.8437500000,165939.5000000000,165144.5781250000,132536.0937500000,120800.2187500000,132129.2031250000,152391.6562500000,,,
4.1679999933,32,176217.9375000000,189923.8906250000,166226.2187500000,165622.6406250000,132969.0312500000,121245.7578125000,132613.0937500000,149787.5468750000,,,
4.1719999933,32,175938.3437500000,185753.0312500000,165779.9062500000,165022.4843750000,132353.3593750000,120665.4375000000,131968.2968750000,150549.6250000000,,,
4.1759999932,32,175559.7031250000,201933.7343750000,165235.3437500000,164190.1093750000,131565.0781250000,119883.8671875000,131100.8750000000,153833.7187500000,,,
4.1799999932,32,175611.4375000000,213281.0000000000,165363.1406250000,164337.8750000000,131745.6718750000,120038.7656250000,131269.1562500000,154607.3437500000,,,
4.1839999934,32,175992.2812500000,207018.1718750000,165916.8593750000,165131.0468750000,132515.7343750000,120787.7500000000,132097.2812500000,152422.1875000000,,,
4.1879999933,32,176224.0000000000,190062.2656250000,166224.0000000000,165628.7656250000,132968.3906250000,121248.9531250000,132603.6875000000,149816.9218750000,,,
4.1919999933,32,175954.3281250000,185777.8125000000,165782.8281250000,165034.5468750000,132357.2656250000,120678.5312500000,131966.1562500000,150562.9531250000,,,
4.1959999932,32,175577.4843750000,201914.5156250000,165234.2031250000,164201.6718750000,131567.0156250000,119900.2343750000,131098.3750000000,153848.7968750000,,,
4.1999999932,32,175639.1250000000,213298.2187500000,165378.9687500000,164360.0468750000,131763.0781250000,120063.5546875000,131278.5625000000,154638.1718750000,,,
4.2039999932,32,176028.4687500000,207087.3750000000,165950.0156250000,165157.1250000000,132549.0468750000,120820.1484375000,132121.7968750000,152462.8125000000,,,
4.2079999933,32,176234.8125000000,190109.0781250000,166242.4531250000,165636.1093750000,132990.9375000000,121256.4375000000,132622.0312500000,149823.9531250000,,,
4.2119999933,32,175943.8906250000,185726.4843750000,165787.0468750000,165024.4843750000,132370.0625000000,120677.6953125000,131973.3593750000,150533.5625000000,,,
4.2159999933,32,175565.7031250000,201812.3593750000,165236.7656250000,164195.8125000000,131575.2656250000,119903.8281250000,131101.1093750000,153821.5156250000,,,
4.2199999932,32,175613.5781250000,213239.7812500000,165363.8437500000,164337.6875000000,131750.2812500000,120048.0234375000,131266.3281250000,154613.6562500000,,,
4.2239999932,33,175996.0937500000,207068.4218750000,165922.2968750000,165129.5781250000,132522.1406250000,120795.9531250000,132097.9062500000,152435.2968750000,,,
4.2279999931,33,176224.5625000000,190113.2031250000,166231.1562500000,165628.2031250000,132975.7656250000,121252.7656250000,132597.9687500000,149813.8437500000,,,
4.2319999931,33,175949.3906250000,185674.0156250000,165791.0625000000,165040.0156250000,132367.8593750000,120674.4531250000,131961.0312500000,150517.6562500000,,,
4.2359999930,33,175568.6093750000,201732.1875000000,165231.6875000000,164202.0156250000,131561.5156250000,119895.6718750000,131092.3593750000,153802.7968750000,,,
4.2399999930,33,175615.9218750000,213224.2812500000,165353.5937500000,164346.6875000000,131731.3437500000,120045.2578125000,131255.4687500000,154610.6562500000,,,
4.2439999930,33,175997.7031250000,207140.6250000000,165913.3125000000,165143.4687500000,132504.2031250000,120788.3125000000,132087.9687500000,152444.5468750000,,,
4.2479999932,33,176218.2031250000,190181.9531250000,166217.0000000000,165634.6406250000,132956.6406250000,121241.4687500000,132593.0937500000,149806.7343750000,,,
4.2519999931,33,175948.8593750000,185647.1406250000,165787.4375000000,165043.0000000000,132361.5156250000,120680.4062500000,131968.2968750000,150503.5625000000,,,
4.2559999931,33,175563.0468750000,201672.6406250000,165230.7031250000,164192.8750000000,131559.9062500000,119889.7421875000,131087.0625000000,153785.9218750000,,,
4.2599999930,33,175606.4218750000,213210.1093750000,165354.1875000000,164325.0000000000,131730.5156250000,120023.4531250000,131244.3437500000,154597.2343750000,,,
4.2639999930,33,175989.7656250000,207176.5312500000,165917.0000000000,165120.4843750000,132506.3437500000,120770.1796875000,132077.4687500000,152443.2656250000,,,
4.2679999932,33,176214.9531250000,190222.5000000000,166226.6875000000,165624.1562500000,132963.2343750000,121227.7109375000,132587.6406250000,149810.1406250000,,,
4.2719999931,33,175943.2187500000,185600.8437500000,165793.3437500000,165027.8437500000,132365.7968750000,120667.1796875000,131964.4062500000,150487.3437500000,,,
4.2759999931,33,175571.6562500000,201594.4843750000,165244.8281250000,164194.6406250000,131569.7187500000,119893.0703125000,131093.5937500000,153785.1718750000,,,
4.2799999930,33,175613.5000000000,213197.8750000000,165363.4687500000,164327.2812500000,131733.7031250000,120026.6718750000,131245.5000000000,154616.3125000000,,,
4.2839999930,33,175979.4843750000,207254.7500000000,165906.1562500000,165105.9218750000,132489.5000000000,120762.1562500000,132062.9218750000,152459.8906250000,,,
4.2879999930,33,176205.5781250000,190303.9375000000,166214.7656250000,165613.1250000000,132946.1250000000,121225.1640625000,132576.3750000000,149813.5156250000,,,
4.2919999931,33,175950.4218750000,185584.1875000000,165796.3437500000,165048.3593750000,132362.9531250000,120673.5625000000,131968.2968750000,150479.4843750000,,,
4.2959999931,33,175571.0156250000,201535.2031250000,165240.6250000000,164206.5781250000,131557.2500000000,119873.4375000000,131088.4218750000,153764.9218750000,,,
4.2999999931,33,175599.2812500000,213192.1406250000,165340.4531250000,164327.7500000000,131703.7968750000,119992.2343750000,131223.1250000000,154594.4218750000,,,
4.3039999930,33,175979.2968750000,207307.8906250000,165897.8906250000,165125.1562500000,132476.2187500000,120737.0546875000,132054.3125000000,152453.5156250000,,,
4.3079999930,33,176214.8593750000,190357.8281250000,166214.7187500000,165635.3593750000,132942.5312500000,121214.0078125000,132582.3593750000,149814.9062500000,,,
4.3119999932,33,175956.9843750000,185554.8437500000,165793.3437500000,165066.9531250000,132359.3125000000,120676.1640625000,131983.4218750000,150470.7187500000,,,
4.3159999931,33,175573.3750000000,201462.1718750000,165238.4531250000,164211.9062500000,131557.0312500000,119883.5781250000,131103.6875000000,153758.4843750000,,,
4.3199999931,33,175621.0156250000,213178.3593750000,165364.1875000000,164331.8906250000,131728.2343750000,120021.1171875000,131257.1562500000,154624.8125000000,,,
4.3239999930,33,175987.9062500000,207371.5625000000,165912.5625000000,165113.8906250000,132490.5781250000,120749.6875000000,132074.9062500000,152487.9218750000,,,
4.3279999930,33,176212.5468750000,190421.5468750000,166223.6562500000,165625.5937500000,132956.2656250000,121216.8750000000,132592.4218750000,149826.7656250000,,,
4.3319999930,33,175949.0000000000,185530.5468750000,165799.0000000000,165064.2343750000,132370.0625000000,120668.1718750000,131990.1562500000,150454.5156250000,,,
4.3359999931,33,175571.8437500000,201398.9531250000,165246.0156250000,164216.0781250000,131565.5937500000,119875.6328125000,131111.4687500000,153744.3750000000,,,
4.3399999931,33,175612.8906250000,213165.6093750000,165362.7343750000,164344.1406250000,131725.6406250000,119996.2031250000,131254.7500000000,154612.2656250000,,,
4.3439999931,33,175986.8437500000,207430.8281250000,165918.2031250000,165123.6250000000,132495.2187500000,120738.5546875000,132081.7812500000,152495.4062500000,,,
4.3479999930,33,176215.9843750000,190495.5000000000,166232.7187500000,165635.2500000000,132963.1875000000,121216.0937500000,132604.4843750000,149837.7187500000,,,
4.3519999930,34,175955.8281250000,185514.6875000000,165812.9531250000,165080.1406250000,132383.6406250000,120675.6875000000,132000.0000000000,150449.5156250000,,,
4.3559999929,34,175573.1093750000,201343.2968750000,165250.6250000000,164222.7812500000,131572.1406250000,119886.9296875000,131113.3906250000,153739.6562500000,,,
4.3599999929,34,175609.8593750000,213170.3125000000,165360.4062500000,164337.0625000000,131725.5625000000,120010.2578125000,131252.4375000000,154622.3906250000,,,
4.3639999928,34,175978.5312500000,207483.8125000000,165903.7187500000,165105.8437500000,132484.2500000000,120736.7890625000,132069.9531250000,152501.0312500000,,,
4.3679999928,34,176222.5468750000,190554.8906250000,166231.3750000000,165627.7968750000,132966.1875000000,121214.1093750000,132607.0625000000,149846.9062500000,,,
4.3719999928,34,175966.3125000000,185499.7500000000,165812.9843750000,165065.3593750000,132390.0468750000,120673.6484375000,132006.3906250000,150445.2031250000,,,
4.3759999929,34,175583.2812500000,201289.2968750000,165252.0156250000,164212.7968750000,131578.0312500000,119880.0312500000,131115.2187500000,153735.0156250000,,,
4.3799999929,34,175628.7343750000,213173.2812500000,165371.5937500000,164328.1406250000,131738.9687500000,120010.4687500000,131263.0937500000,154641.0937500000,,,
4.3839999929,34,176002.1562500000,207563.3437500000,165924.4218750000,165112.5468750000,132502.9062500000,120740.6718750000,132084.1875000000,152537.5468750000,,,
4.3879999928,34,176215.9062500000,190634.8125000000,166232.0468750000,165619.4843750000,132962.2500000000,121198.0703125000,132604.4062500000,149854.1562500000,,,
4.3919999928,34,175964.4218750000,185480.0937500000,165825.9531250000,165077.8125000000,132398.4218750000,120678.5312500000,132024.2187500000,150439.7812500000,,,
4.3959999930,34,175574.0781250000,201224.7968750000,165255.6718750000,164230.9531250000,131576.5000000000,119879.5000000000,131132.0312500000,153725.8125000000,,,
4.3999999929,34,175615.1406250000,213156.0937500000,165370.2187500000,164342.7187500000,131732.5000000000,120007.3593750000,131277.7656250000,154640.7968750000,,,
4.4039999929,34,175999.3437500000,207641.9218750000,165926.4062500000,165121.2968750000,132501.7656250000,120763.5546875000,132098.7656250000,152565.1718750000,,,
4.4079999928,34,176235.1093750000,190713.2968750000,166250.7656250000,165642.0937500000,132982.8125000000,121251.2578125000,132638.0781250000,149890.2343750000,,,
4.4119999928,34,175973.6718750000,185450.4531250000,165832.0468750000,165086.6562500000,132409.8437500000,120707.1484375000,132048.1250000000,150437.6406250000,,,
4.4159999928,34,175598.7812500000,201153.5781250000,165275.3750000000,164232.8906250000,131601.0156250000,119913.9140625000,131164.0312500000,153730.8593750000,,,
4.4199999929,34,175632.8437500000,213155.0781250000,165383.7968750000,164328.1093750000,131747.2812500000,120024.0156250000,131299.4531250000,154649.1875000000,,,
4.4239999929,34,176021.2812500000,207712.6093750000,165951.0625000000,165112.1406250000,132525.7656250000,120785.0156250000,132140.7343750000,152580.9218750000,,,
4.4279999929,34,176264.4531250000,190795.9375000000,166283.5156250000,165656.0937500000,133014.8906250000,121274.4609375000,132688.0625000000,149907.2656250000,,,
4.4319999928,34,176017.0625000000,185455.1718750000,165877.3750000000,165115.2343750000,132454.6406250000,120756.5781250000,132106.0468750000,150458.4062500000,,,
4.4359999928,34,175632.4375000000,201136.9218750000,165310.6875000000,164241.8125000000,131633.9531250000,119961.5234375000,131208.7500000000,153757.6875000000,,,
4.4399999930,34,175634.1093750000,213178.9375000000,165382.8281250000,164325.5625000000,131744.3125000000,120043.9687500000,131312.5000000000,154666.0312500000,,,
4.4439999929,34,176005.2187500000,207760.3437500000,165929.7343750000,165102.5937500000,132502.1875000000,120782.3828125000,132139.3125000000,152581.1250000000,,,
4.4479999929,34,176252.0625000000,190860.7968750000,166264.7968750000,165636.1875000000,132997.4843750000,121282.9609375000,132690.5625000000,149908.0312500000,,,
4.4519999928,34,176000.4687500000,185447.8437500000,165853.9843750000,165095.2968750000,132440.5000000000,120760.9765625000,132108.2500000000,150441.5312500000,,,
4.4559999928,34,175622.7343750000,201070.6406250000,165295.5468750000,164230.3125000000,131629.9687500000,119965.5468750000,131217.5468750000,153739.1250000000,,,
4.4599999927,34,175651.3437500000,213167.3281250000,165394.8437500000,164323.6250000000,131765.9218750000,120066.9843750000,131338.6718750000,154681.4375000000,,,
4.4639999929,34,176028.7656250000,207840.2968750000,165945.9843750000,165107.3906250000,132527.5156250000,120801.0781250000,132157.5781250000,152615.4375000000,,,
4.4679999929,34,176293.4375000000,190952.9531250000,166301.5625000000,165655.5000000000,133037.3437500000,121306.7812500000,132718.2187500000,149950.9062500000,,,
4.4719999928,34,176055.3437500000,185450.9062500000,165910.5781250000,165123.4843750000,132490.8906250000,120787.8281250000,132142.8281250000,150472.0312500000,,,
4.4759999928,34,175642.0156250000,201002.1093750000,165319.5625000000,164252.6875000000,131643.7187500000,119942.7734375000,131213.1718750000,153726.7343750000,,,
4.4799999928,35,175653.9843750000,213154.8906250000,165398.4218750000,164334.7031250000,131760.2343750000,120031.2265625000,131311.0468750000,154675.7968750000,,,
4.4839999927,35,176019.4062500000,207896.5000000000,165939.6562500000,165117.6875000000,132511.4375000000,120758.5078125000,132119.6875000000,152612.2968750000,,,
4.4879999927,35,176262.4062500000,191003.8593750000,166274.3906250000,165666.6093750000,133004.5156250000,121256.4375000000,132671.1093750000,149926.0625000000,,,
4.4919999926,35,176012.0000000000,185397.2031250000,165871.4687500000,165131.3281250000,132451.3125000000,120740.6718750000,132097.9531250000,150421.8437500000,,,
4.4959999926,35,175617.6406250000,200914.2187500000,165295.7968750000,164242.4062500000,131619.2656250000,119924.1015625000,131187.7500000000,153699.6875000000,,,
4.4999999925,35,175641.3437500000,213126.1562500000,165385.9375000000,164335.5625000000,131744.2031250000,120018.8359375000,131291.2812500000,154670.4062500000,,,
4.5039999927,35,176024.2812500000,207940.3281250000,165944.1875000000,165126.1093750000,132513.2343750000,120758.4062500000,132109.1718750000,152632.0625000000,,,
4.5079999927,35,176270.9375000000,191063.2656250000,166282.3125000000,165651.4062500000,133013.5000000000,121252.3359375000,132658.9687500000,149943.5312500000,,,
4.5119999927,35,176022.0312500000,185382.4531250000,165880.0625000000,165115.1406250000,132465.8437500000,120730.8593750000,132086.2812500000,150420.0156250000,,,
4.5159999926,35,175645.1562500000,200860.7968750000,165323.2343750000,164251.3437500000,131648.6875000000,119923.4062500000,131192.3593750000,153712.9375000000,,,
4.5199999926,35,175645.6562500000,213111.4062500000,165388.6718750000,164313.0312500000,131745.2656250000,119989.7343750000,131267.8906250000,154673.3281250000,,,
4.5239999928,35,176005.7812500000,207988.2812500000,165919.7343750000,165083.6250000000,132485.4843750000,120710.6328125000,132051.9062500000,152620.1875000000,,,
4.5279999927,35,176257.3906250000,191117.0156250000,166264.1250000000,165635.2343750000,132988.7968750000,121211.6718750000,132613.0781250000,149921.9843750000,,,
4.5319999927,35,176002.7656250000,185317.7656250000,165857.7187500000,165103.9062500000,132435.3750000000,120696.5546875000,132049.6250000000,150373.7187500000,,,
4.5359999926,35,175601.6250000000,200738.4843750000,165272.8281250000,164227.2031250000,131593.3750000000,119876.8984375000,131132.9687500000,153654.6250000000,,,
4.5399999926,35,175618.7031250000,213082.7031250000,165358.2343750000,164305.8750000000,131711.4687500000,119963.5078125000,131231.5937500000,154654.1875000000,,,
4.5439999925,35,175986.1093750000,208184.2656250000,165901.5156250000,165069.9531250000,132463.3750000000,120685.4453125000,132035.2187500000,152641.6875000000,,,
4.5479999927,35,176253.3125000000,191275.8281250000,166264.7656250000,165641.9531250000,132990.9218750000,121202.8750000000,132614.6875000000,149923.5156250000,,,
4.5519999927,35,176013.9062500000,185302.2656250000,165871.9843750000,165129.9843750000,132452.7031250000,120692.7421875000,132052.1718750000,150355.0312500000,,,
4.5559999926,35,175619.8125000000,200683.7187500000,165291.9843750000,164242.0937500000,131613.2187500000,119875.3437500000,131132.1406250000,153645.0781250000,,,
4.5599999926,35,175632.1718750000,213080.1562500000,165363.5781250000,164310.4843750000,131715.5000000000,119950.5234375000,131213.1406250000,154656.7500000000,,,
4.5639999926,35,175996.2500000000,208243.8437500000,165899.5625000000,165074.2500000000,132458.3125000000,120668.7343750000,132008.6562500000,152656.9843750000,,,
4.5679999928,35,176245.0625000000,191335.6406250000,166246.4531250000,165626.8125000000,132969.3437500000,121181.1171875000,132576.8281250000,149922.9218750000,,,
4.5719999927,35,176004.5156250000,185279.0000000000,165858.6875000000,165113.9687500000,132433.5468750000,120675.6875000000,132020.8750000000,150333.2500000000,,,
4.5759999927,35,175617.6562500000,200621.5625000000,165285.6875000000,164237.2812500000,131597.1562500000,119855.2500000000,131103.2031250000,153623.9218750000,,,
4.5799999926,35,175636.9218750000,213065.6718750000,165374.4062500000,164307.5000000000,131714.2031250000,119935.4765625000,131198.6406250000,154651.9218750000,,,
4.5839999926,35,176004.5156250000,208180.7812500000,165919.8125000000,165079.3593750000,132468.2656250000,120660.9609375000,132005.3125000000,152640.0000000000,,,
4.5879999925,35,176246.3437500000,191325.9062500000,166255.0781250000,165633.6718750000,132968.6562500000,121166.3437500000,132560.6093750000,149920.4843750000,,,
4.5919999927,35,176004.5468750000,185263.6406250000,165864.5781250000,165130.8593750000,132436.3750000000,120671.3671875000,132012.2031250000,150329.7343750000,,,
4.5959999927,35,175614.7656250000,200546.3593750000,165294.1562500000,164244.5312500000,131602.9531250000,119850.2109375000,131103.9218750000,153610.7812500000,,,
4.5999999926,35,175626.9687500000,213028.0625000000,165372.4218750000,164313.4375000000,131708.7968750000,119920.7500000000,131182.7343750000,154640.1250000000,,,
4.6039999926,35,175974.2656250000,208135.8593750000,165886.1718750000,165068.6093750000,132435.8906250000,120631.4531250000,131959.5781250000,152612.7187500000,,,
4.6079999926,36,176214.6093750000,191305.9218750000,166220.8906250000,165621.0937500000,132930.0625000000,121129.8671875000,132525.8750000000,149887.3906250000,,,
4.6119999925,36,175983.3750000000,185200.2031250000,165840.8125000000,165123.5468750000,132405.0625000000,120642.8515625000,131986.9843750000,150285.2343750000,,,
4.6159999925,36,175595.6406250000,200443.7656250000,165265.3281250000,164239.1718750000,131566.5625000000,119820.9218750000,131066.9921875000,153571.1875000000,,,
4.6199999924,36,175607.3906250000,212990.0625000000,165341.8750000000,164307.5625000000,131669.6250000000,119883.4140625000,131147.2500000000,154619.8281250000,,,
4.6239999924,36,175974.0156250000,208197.2500000000,165886.2031250000,165082.2656250000,132424.4062500000,120606.6718750000,131954.8593750000,152620.7500000000,,,
4.6279999923,36,176219.7812500000,191371.5937500000,166228.6875000000,165620.9531250000,132934.8281250000,121116.2109375000,132524.8593750000,149899.0468750000,,,
4.6319999925,36,175983.3281250000,185168.2031250000,165846.5625000000,165108.7031250000,132414.8593750000,120633.8671875000,131986.7031250000,150279.8125000000,,,
4.6359999925,36,175592.2031250000,200365.0625000000,165266.5781250000,164239.1093750000,131572.9375000000,119814.8046875000,131066.0000000000,153564.4843750000,,,
4.6399999924,36,175601.2656250000,212970.4843750000,165332.2968750000,164302.8593750000,131667.0000000000,119887.8906250000,131139.0937500000,154631.0937500000,,,
4.6439999924,36,175963.5625000000,208307.8125000000,165866.7343750000,165076.8125000000,132408.0468750000,120598.1953125000,131938.7656250000,152641.9687500000,,,
4.6479999924,36,176226.6562500000,191474.0156250000,166227.1406250000,165651.7187500000,132932.4375000000,121123.4531250000,132521.6875000000,149913.0000000000,,,
4.6519999926,36,175990.8906250000,185141.3593750000,165848.6562500000,165154.5156250000,132411.7500000000,120632.7421875000,131979.7031250000,150269.9687500000,,,
4.6559999925,36,175588.7656250000,200297.8437500000,165261.3593750000,164243.2343750000,131562.5781250000,119799.5703125000,131056.3203125000,153544.9062500000,,,
4.6599999925,36,175594.3281250000,212959.4531250000,165331.1718750000,164285.2187500000,131658.6093750000,119861.5546875000,131135.1718750000,154620.4062500000,,,
4.6639999924,36,175956.3437500000,208437.0156250000,165868.3125000000,165039.2343750000,132403.7031250000,120575.4765625000,131934.6093750000,152657.2500000000,,,
4.6679999924,36,176228.9687500000,191602.5312500000,166241.8281250000,165623.1093750000,132946.7656250000,121115.2187500000,132535.0468750000,149923.5625000000,,,
4.6719999923,36,176017.4218750000,185156.6406250000,165882.2812500000,165129.1718750000,132448.5468750000,120655.8125000000,132018.1562500000,150284.0000000000,,,
4.6759999925,36,175605.5156250000,200257.7812500000,165278.2187500000,164233.7968750000,131580.0000000000,119810.3203125000,131076.2812500000,153554.6406250000,,,
4.6799999925,36,175613.3906250000,212972.1406250000,165347.1250000000,164285.4843750000,131670.7031250000,119875.2890625000,131145.9843750000,154646.7031250000,,,
4.6839999924,36,175977.7187500000,208546.5000000000,165883.4375000000,165072.3593750000,132412.3906250000,120593.9062500000,131938.1718750000,152700.6718750000,,,
4.6879999924,36,176228.0156250000,191694.7656250000,166234.7343750000,165643.2812500000,132936.0156250000,121111.2187500000,132521.6562500000,149928.5000000000,,,
4.6919999924,36,175991.6093750000,185123.1718750000,165854.5000000000,165140.5000000000,132419.9062500000,120630.8359375000,131992.4062500000,150238.3593750000,,,
4.6959999925,36,175599.3593750000,200171.1718750000,165274.2343750000,164250.8906250000,131574.1406250000,119809.5468750000,131071.8203125000,153527.6562500000,,,
4.6999999925,36,175600.0625000000,212930.2968750000,165336.3750000000,164287.6875000000,131659.5781250000,119866.0625000000,131136.2500000000,154629.3437500000,,,
4.7039999925,36,175961.7343750000,208483.9218750000,165872.1406250000,165046.3750000000,132402.6875000000,120578.3984375000,131924.6875000000,152673.8750000000,,,
4.7079999924,36,176222.5312500000,191677.4375000000,166229.3437500000,165631.2812500000,132927.9843750000,121101.8906250000,132514.7968750000,149924.8906250000,,,
4.7119999924,36,176010.5000000000,185090.7968750000,165870.5625000000,165154.3593750000,132433.6093750000,120646.5546875000,132008.3750000000,150249.8281250000,,,
4.7159999923,36,175619.0781250000,200100.2500000000,165289.0625000000,164258.5312500000,131586.4531250000,119812.5468750000,131080.8906250000,153534.9531250000,,,
4.7199999925,36,175619.8906250000,212918.3125000000,165347.1093750000,164306.3593750000,131666.2812500000,119863.5937500000,131135.9843750000,154648.0468750000,,,
4.7239999925,36,175979.1093750000,208472.9843750000,165880.8906250000,165066.3906250000,132407.9687500000,120573.4375000000,131929.4062500000,152682.9218750000,,,
4.7279999924,36,176240.0937500000,191689.8125000000,166242.1875000000,165630.6406250000,132936.6875000000,121099.1796875000,132514.7656250000,149933.5937500000,,,
4.7319999924,36,176008.4375000000,185062.7343750000,165869.3906250000,165135.6875000000,132428.8906250000,120630.9687500000,131992.1406250000,150229.6093750000,,,
4.7359999924,37,175603.4687500000,200021.6406250000,165274.9531250000,164246.8593750000,131569.8593750000,119798.6328125000,131062.0312500000,153503.3593750000,,,
4.7399999923,37,175598.4218750000,212877.2968750000,165330.2031250000,164290.6875000000,131643.7968750000,119845.0859375000,131121.3125000000,154621.8593750000,,,
4.7439999923,37,175961.2031250000,208500.5000000000,165865.3906250000,165053.1875000000,132385.4843750000,120561.8515625000,131920.5000000000,152671.3125000000,,,
4.7479999922,37,176224.0781250000,191732.9843750000,166229.4375000000,165626.5156250000,132917.7187500000,121091.6953125000,132513.1562500000,149920.6406250000,,,
4.7519999922,37,176003.0468750000,185016.4218750000,165868.9062500000,165148.2500000000,132423.0937500000,120625.5546875000,132000.0781250000,150204.4843750000,,,
4.7559999921,37,175614.3906250000,199931.5937500000,165287.3906250000,164255.3437500000,131576.4218750000,119795.8671875000,131073.2968750000,153492.4687500000,,,
4.7599999923,37,175609.8281250000,212851.5312500000,165337.3125000000,164286.7187500000,131648.0625000000,119838.5390625000,131116.5937500000,154636.6406250000,,,
4.7639999923,37,175957.3125000000,208588.0156250000,165856.0468750000,165036.5781250000,132374.8437500000,120537.5000000000,131890.8593750000,152694.3125000000,,,
4.7679999922,37,176207.7968750000,191822.1250000000,166208.2812500000,165605.7812500000,132900.7656250000,121057.2578125000,132470.4843750000,149922.9218750000,,,
4.7719999922,37,175988.0781250000,184991.8437500000,165848.0000000000,165142.6406250000,132409.1718750000,120600.2109375000,131963.8750000000,150187.7343750000,,,
4.7759999922,37,175596.8750000000,199858.0937500000,165263.9843750000,164258.8750000000,131557.3593750000,119775.3750000000,131041.5390625000,153472.2968750000,,,
4.7799999923,37,175608.8906250000,212830.0468750000,165336.3750000000,164307.7187500000,131643.6093750000,119838.1406250000,131109.5937500000,154639.2187500000,,,
4.7839999923,37,175965.7500000000,208669.9375000000,165865.5781250000,165051.6250000000,132376.2343750000,120552.7031250000,131894.6406250000,152723.5000000000,,,
4.7879999923,37,176218.1718750000,191919.0781250000,166220.2500000000,165615.8125000000,132902.1406250000,121083.7265625000,132481.6250000000,149948.1406250000,,,
4.7919999922,37,175996.9218750000,184992.0625000000,165857.3437500000,165147.6250000000,132407.3750000000,120627.7500000000,131973.9062500000,150188.8593750000,,,
4.7959999922,37,175595.4218750000,199795.2031250000,165263.0468750000,164257.0312500000,131546.3906250000,119787.0937500000,131042.3671875000,153460.0937500000,,,
4.7999999921,37,175594.8125000000,212812.5000000000,165320.0156250000,164290.8437500000,131621.3593750000,119828.9921875000,131094.7500000000,154630.7656250000,,,
4.8039999923,37,175958.6562500000,208721.2968750000,165857.0937500000,165045.9531250000,132363.9687500000,120535.3515625000,131887.9687500000,152724.2812500000,,,
4.8079999923,37,176225.7656250000,191991.5000000000,166224.9062500000,165636.6562500000,132907.0937500000,121073.1093750000,132487.8125000000,149955.7343750000,,,
4.8119999922,37,176010.2343750000,184987.2656250000,165872.3593750000,165179.7343750000,132429.2343750000,120619.6796875000,131987.6093750000,150186.3437500000,,,
4.8159999922,37,175618.1718750000,199740.5625000000,165286.8906250000,164272.1250000000,131579.7031250000,119790.3125000000,131055.6718750000,153468.6406250000,,,
4.8199999921,37,175616.9062500000,212813.9531250000,165345.4218750000,164276.4531250000,131654.7656250000,119835.3203125000,131107.8906250000,154655.0156250000,,,
4.8239999923,37,175968.0312500000,208781.7343750000,165871.5312500000,165026.0937500000,132384.0312500000,120531.7578125000,131881.9843750000,152744.7968750000,,,
4.8279999923,37,176224.0781250000,192045.7343750000,166231.1093750000,165610.4687500000,132914.7968750000,121060.4765625000,132472.2031250000,149956.5625000000,,,
4.8319999923,37,176001.3750000000,184948.1250000000,165871.7968750000,165149.6406250000,132425.4843750000,120609.2734375000,131980.2031250000,150162.2656250000,,,
4.8359999922,37,175598.2968750000,199643.0937500000,165275.6250000000,164251.2812500000,131559.7187500000,119769.3671875000,131052.3203125000,153432.6562500000,,,
4.8399999922,37,175590.3750000000,212751.9687500000,165323.3437500000,164269.5468750000,131622.3437500000,119805.6015625000,131095.9687500000,154630.6875000000,,,
4.8439999921,37,175948.2187500000,208773.8125000000,165854.0468750000,165025.1250000000,132358.3906250000,120519.5781250000,131883.4375000000,152743.2343750000,,,
4.8479999923,37,176213.9687500000,192067.8125000000,166225.0781250000,165619.6093750000,132904.4687500000,121060.0468750000,132490.3593750000,149964.9062500000,,,
4.8519999923,37,175993.0156250000,184891.2968750000,165866.4375000000,165163.4218750000,132421.1093750000,120607.7187500000,131993.7812500000,150150.4843750000,,,
4.8559999922,37,175591.5312500000,199532.9843750000,165266.2031250000,164258.9375000000,131553.1406250000,119768.0000000000,131050.5000000000,153419.5312500000,,,
4.8599999922,37,175592.9218750000,212711.4843750000,165317.5000000000,164275.0000000000,131619.2656250000,119809.0937500000,131093.9687500000,154640.0937500000,,,
4.8639999921,38,175955.2656250000,208801.1562500000,165844.1406250000,165024.7031250000,132351.2031250000,120522.1796875000,131879.5156250000,152759.5468750000,,,
4.8679999921,38,176235.1250000000,192131.6406250000,166224.9375000000,165643.4843750000,132904.5468750000,121072.4140625000,132490.6875000000,149989.0625000000,,,
4.8719999921,38,176019.0781250000,184906.1250000000,165871.0781250000,165172.1406250000,132427.5468750000,120627.6171875000,131999.0000000000,150167.0625000000,,,
4.8759999920,38,175603.0625000000,199511.6093750000,165259.3125000000,164250.5312500000,131548.0781250000,119769.1484375000,131042.1796875000,153424.2031250000,,,
4.8799999920,38,175597.7031250000,212751.2656250000,165310.7031250000,164265.0468750000,131612.4687500000,119800.2109375000,131080.3281250000,154653.8125000000,,,
4.8839999919,38,175951.1406250000,208940.4843750000,165843.1718750000,165018.4062500000,132346.5468750000,120496.2187500000,131866.4843750000,152780.2812500000,,,
4.8879999921,38,176215.3437500000,192264.2500000000,166217.6093750000,165606.1250000000,132893.5000000000,121040.4375000000,132470.1875000000,149990.2500000000,,,
4.8919999921,38,176003.3281250000,184919.6718750000,165873.7031250000,165156.2968750000,132424.9375000000,120605.2734375000,131987.9531250000,150146.7500000000,,,
4.8959999920,38,175606.1562500000,199465.9375000000,165282.5781250000,164262.2656250000,131562.7656250000,119760.4843750000,131049.4218750000,153411.4531250000,,,
4.8999999920,38,175603.7343750000,212737.5312500000,165332.9687500000,164290.9843750000,131625.1093750000,119792.8125000000,131083.9218750000,154652.7031250000,,,
4.9039999919,38,175957.8906250000,208968.9531250000,165858.0625000000,165034.7656250000,132352.6250000000,120489.9140625000,131867.7187500000,152781.9531250000,,,
4.9079999921,38,176223.6718750000,192294.6406250000,166226.4375000000,165616.0000000000,132897.4687500000,121035.4531250000,132473.1875000000,149983.9218750000,,,
4.9119999921,38,176008.2656250000,184887.0781250000,165874.0312500000,165154.3281250000,132424.6406250000,120602.1406250000,131987.1718750000,150126.8593750000,,,
4.9159999921,38,175609.8281250000,199374.9062500000,165278.8906250000,164260.7500000000,131559.1718750000,119760.8671875000,131049.1562500000,153394.7031250000,,,
4.9199999920,38,175603.0468750000,212689.8906250000,165323.5000000000,164268.8281250000,131615.6406250000,119792.5937500000,131085.0156250000,154653.9375000000,,,
4.9239999920,38,175953.7656250000,208969.7031250000,165843.4531250000,165003.9687500000,132340.5000000000,120492.7343750000,131865.5625000000,152796.2343750000,,,
4.9279999919,38,176216.2500000000,192321.5468750000,166208.5781250000,165601.6250000000,132884.4062500000,121040.0078125000,132471.0468750000,150000.7031250000,,,
4.9319999921,38,176007.0156250000,184856.6875000000,165861.9531250000,165160.5781250000,132418.9062500000,120613.0000000000,131992.4375000000,150134.3593750000,,,
4.9359999921,38,175600.9218750000,199300.7343750000,165257.5781250000,164258.5312500000,131545.3125000000,119761.8828125000,131041.5625000000,153390.9218750000,,,
4.9399999920,38,175583.3750000000,212666.2656250000,165293.5937500000,164257.8593750000,131591.3125000000,119777.3593750000,131066.7812500000,154646.0781250000,,,
4.9439999920,38,175935.9062500000,209002.8750000000,165821.7968750000,164990.5000000000,132324.2500000000,120478.9218750000,131854.2187500000,152786.7187500000,,,
4.9479999919,38,176209.1718750000,192369.9843750000,166206.4531250000,165598.1562500000,132885.0468750000,121031.5859375000,132475.2031250000,149988.9062500000,,,
4.9519999921,38,176005.0000000000,184824.2031250000,165871.1562500000,165164.6406250000,132428.7812500000,120606.8593750000,132006.0937500000,150102.8750000000,,,
4.9559999921,38,175606.6875000000,199217.3437500000,165275.8906250000,164257.3750000000,131561.2187500000,119759.9531250000,131063.4296875000,153365.8125000000,,,
4.9599999920,38,175583.5937500000,212640.4062500000,165303.5937500000,164243.5937500000,131598.5781250000,119772.3984375000,131077.6875000000,154641.5468750000,,,
4.9639999920,38,175933.4687500000,209048.3906250000,165824.6718750000,164992.3593750000,132320.7343750000,120474.9453125000,131851.2500000000,152797.2343750000,,,
4.9679999920,38,176210.3281250000,192425.2656250000,166208.5468750000,165599.9531250000,132878.6093750000,121032.3906250000,132472.7968750000,150002.0312500000,,,
4.9719999919,38,176004.4843750000,184797.4687500000,165873.4843750000,165164.5781250000,132422.2343750000,120604.5546875000,132008.1250000000,150097.2968750000,,,
4.9759999921,38,175600.6875000000,199127.7031250000,165269.4062500000,164258.0156250000,131548.1875000000,119756.1953125000,131060.6328125000,153353.5312500000,,,
4.9799999921,38,175580.8593750000,212606.1562500000,165298.5000000000,164259.5781250000,131587.7187500000,119768.9921875000,131076.5937500000,154648.7656250000,,,
4.9839999920,38,175928.0781250000,209126.1250000000,165820.9687500000,165003.6250000000,132311.7500000000,120462.6875000000,131852.7656250000,152818.5000000000,,,
4.9879999920,38,176194.9843750000,192504.9375000000,166201.3125000000,165603.9843750000,132868.6875000000,121017.3984375000,132470.2968750000,149999.5625000000,,,
4.9919999919,39,175979.2968750000,184750.3125000000,165853.2031250000,165156.5000000000,132402.7343750000,120592.2656250000,131991.1718750000,150060.4687500000,,,
4.9959999919,39,175582.1718750000,199032.9218750000,165252.8281250000,164246.9218750000,131529.0625000000,119750.2968750000,131043.8750000000,153322.2968750000,,,
4.9999999919,39,175560.8281250000,212569.8125000000,165279.2500000000,164236.7187500000,131561.3281250000,119751.6875000000,131063.0234375000,154625.2656250000,,,
5.0039999918,39,175907.2343750000,209161.0156250000,165792.3750000000,164975.3437500000,132276.2656250000,120449.2812500000,131836.2500000000,152804.9843750000,,,
5.0079999918,39,176193.2656250000,192576.2500000000,166184.6250000000,165594.4375000000,132849.4062500000,121022.2031250000,132470.1093750000,150006.6562500000,,,
5.0119999917,39,175993.6718750000,184747.8125000000,165856.6718750000,165173.4531250000,132408.4218750000,120602.0312500000,132017.0781250000,150066.4218750000,,,
5.0159999919,39,175586.7656250000,198973.8593750000,165250.3593750000,164255.9531250000,131532.9531250000,119747.0468750000,131064.9531250000,153320.3125000000,,,
5.0199999919,39,175568.0937500000,212557.0000000000,165280.8593750000,164251.5312500000,131572.3750000000,119755.1484375000,131077.5625000000,154643.3750000000,,,
5.0239999918,39,175934.0000000000,209220.9375000000,165819.4375000000,165005.6562500000,132313.3281250000,120465.5625000000,131865.1093750000,152851.1406250000,,,
5.0279999918,39,176210.7812500000,192643.3125000000,166208.6250000000,165619.5312500000,132881.2968750000,121024.0000000000,132491.0625000000,150032.7812500000,,,
5.0319999917,39,176010.2812500000,184748.5937500000,165881.7500000000,165170.4843750000,132438.4843750000,120614.1562500000,132037.2343750000,150076.0312500000,,,
5.0359999919,39,175610.6250000000,198926.1406250000,165284.3750000000,164250.8906250000,131566.3437500000,119763.1171875000,131093.4062500000,153331.1875000000,,,
5.0399999919,39,175572.7031250000,212551.1718750000,165285.8750000000,164234.7187500000,131573.9843750000,119748.3125000000,131083.0312500000,154651.4687500000,,,
5.0439999918,39,175923.5937500000,209265.0156250000,165806.2968750000,164982.3750000000,132294.2656250000,120442.2265625000,131861.2187500000,152848.8437500000,,,
5.0479999918,39,176200.3437500000,192705.2343750000,166192.8593750000,165587.1093750000,132860.1093750000,121007.5546875000,132493.3125000000,150028.3593750000,,,
5.0519999918,39,176002.6562500000,184733.2500000000,165870.3281250000,165176.5937500000,132422.7656250000,120598.7578125000,132049.1406250000,150053.3281250000,,,
5.0559999917,39,175603.1250000000,198856.2187500000,165274.5468750000,164268.9375000000,131553.7656250000,119746.2968750000,131104.9531250000,153304.6562500000,,,
5.0599999919,39,175584.6875000000,212544.9843750000,165306.9843750000,164244.1250000000,131591.7656250000,119744.3125000000,131114.7343750000,154656.8906250000,,,
5.0639999919,39,175949.1250000000,209320.9843750000,165843.1562500000,164990.9531250000,132330.2656250000,120447.8046875000,131896.6562500000,152874.2343750000,,,
5.0679999918,39,176227.0312500000,192778.3750000000,166226.5156250000,165624.9062500000,132898.7343750000,121019.6796875000,132519.6562500000,150056.3125000000,,,
5.0719999918,39,176023.2968750000,184732.5000000000,165896.5625000000,165203.7656250000,132457.6406250000,120608.8671875000,132067.1093750000,150059.6406250000,,,
5.0759999917,39,175615.5625000000,198791.9687500000,165288.8437500000,164277.7031250000,131573.9062500000,119744.2578125000,131108.9375000000,153295.0312500000,,,
5.0799999919,39,175592.0156250000,212534.7343750000,165309.4218750000,164256.5468750000,131595.4687500000,119739.8046875000,131103.6562500000,154654.0781250000,,,
5.0839999919,39,175938.2656250000,209516.7031250000,165828.3750000000,164993.8906250000,132311.3750000000,120426.7500000000,131873.9375000000,152889.3906250000,,,
5.0879999918,39,176220.9218750000,192983.4843750000,166227.6250000000,165624.0625000000,132893.9062500000,121002.4609375000,132520.4843750000,150049.0937500000,,,
5.0919999918,39,176039.4843750000,184759.1875000000,165919.0625000000,165222.7343750000,132472.7343750000,120615.6328125000,132091.3281250000,150042.4375000000,,,
5.0959999918,39,175623.1562500000,198756.6718750000,165294.0468750000,164278.7031250000,131573.8750000000,119749.6796875000,131121.8906250000,153286.3281250000,,,
5.0999999917,39,175591.6718750000,212540.9062500000,165297.4843750000,164257.1093750000,131581.5781250000,119747.8828125000,131106.4687500000,154666.8906250000,,,
5.1039999919,39,175923.1406250000,209502.7812500000,165800.4531250000,164987.9375000000,132282.2968750000,120421.4687500000,131862.7187500000,152887.0937500000,,,
5.1079999919,39,176191.8593750000,192979.5781250000,166183.0937500000,165592.8437500000,132847.7968750000,120988.6718750000,132492.3750000000,150041.0156250000,,,
5.1119999918,39,176000.7343750000,184710.9375000000,165865.3593750000,165187.9218750000,132420.0625000000,120596.9375000000,132055.0625000000,150011.8437500000,,,
5.1159999918,39,175610.3906250000,198650.1718750000,165268.6562500000,164282.3281250000,131548.2031250000,119751.9609375000,131105.5312500000,153269.4687500000,,,
5.1199999917,40,175590.2812500000,212498.7968750000,165291.8437500000,164265.6875000000,131570.5312500000,119736.6718750000,131095.5625000000,154666.8437500000,,,
5.1239999917,40,175936.9218750000,209528.3281250000,165816.1093750000,164983.3750000000,132294.0781250000,120422.6953125000,131863.7500000000,152904.7968750000,,,
5.1279999916,40,176224.1093750000,193039.1250000000,166222.9218750000,165604.6718750000,132883.2500000000,121009.1406250000,132514.6406250000,150073.6406250000,,,
5.1319999916,40,176030.7968750000,184727.2812500000,165909.6718750000,165208.5468750000,132461.4531250000,120619.5156250000,132087.1250000000,150028.7343750000,,,
5.1359999916,40,175623.6718750000,198613.3437500000,165295.8281250000,164283.6875000000,131572.6406250000,119759.3046875000,131125.2031250000,153267.5000000000,,,
5.1399999915,40,175574.9531250000,212499.9687500000,165288.2812500000,164229.2187500000,131563.7187500000,119717.6015625000,131091.5937500000,154657.1093750000,,,
5.1439999917,40,175913.9062500000,209643.6562500000,165797.1250000000,164954.6093750000,132269.6406250000,120395.6328125000,131848.1406250000,152907.1562500000,,,
5.1479999917,40,176208.7343750000,193161.7968750000,166206.7187500000,165604.3750000000,132865.3281250000,120989.3125000000,132506.2656250000,150066.9531250000,,,
5.1519999916,40,176025.9531250000,184719.4218750000,165900.7187500000,165215.0312500000,132452.0312500000,120609.9453125000,132083.7187500000,150004.0625000000,,,
5.1559999916,40,175616.1562500000,198537.2656250000,165287.7968750000,164282.0312500000,131561.3281250000,119746.5937500000,131119.9062500000,153234.8593750000,,,
5.1599999915,40,175587.2656250000,212469.7187500000,165303.5781250000,164239.4375000000,131574.6875000000,119728.0078125000,131107.6250000000,154654.6406250000,,,
5.1639999917,40,175931.2968750000,209674.7187500000,165817.9062500000,164975.3437500000,132289.0000000000,120406.7968750000,131871.8750000000,152922.0625000000,,,
5.1679999917,40,176213.7500000000,193201.1250000000,166213.4062500000,165613.9062500000,132874.2343750000,120991.8125000000,132520.8906250000,150074.6875000000,,,
5.1719999916,40,176012.2187500000,184684.9531250000,165886.6250000000,165212.7812500000,132444.9218750000,120595.2421875000,132082.4843750000,149985.6875000000,,,
5.1759999916,40,175605.4843750000,198448.8906250000,165273.9531250000,164283.7500000000,131555.7187500000,119732.1093750000,131119.5625000000,153222.3906250000,,,
5.1799999916,40,175585.3125000000,212433.6093750000,165292.3906250000,164251.2031250000,131569.9687500000,119721.7031250000,131105.0781250000,154668.9843750000,,,
5.1839999915,40,175936.0156250000,209669.0625000000,165813.0312500000,164976.0937500000,132288.5312500000,120414.1406250000,131876.2656250000,152947.1718750000,,,
5.1879999917,40,176206.7500000000,193221.6093750000,166197.0468750000,165600.0312500000,132860.0156250000,120987.9453125000,132517.2031250000,150086.7500000000,,,
5.1919999917,40,176008.8281250000,184654.3437500000,165878.3906250000,165207.9218750000,132434.2812500000,120596.7734375000,132085.7812500000,149981.7656250000,,,
5.1959999916,40,175597.0000000000,198362.3437500000,165263.0156250000,164282.3281250000,131539.1718750000,119729.5625000000,131114.8750000000,153207.5625000000,,,
5.1999999916,40,175569.0781250000,212395.7343750000,165278.9531250000,164232.1093750000,131549.5156250000,119714.0078125000,131096.8125000000,154657.7187500000,,,
5.2039999915,40,175912.0000000000,209667.3437500000,165792.2656250000,164968.5625000000,132262.1093750000,120403.4140625000,131856.7187500000,152927.2343750000,,,
5.2079999917,40,176201.8437500000,193245.3281250000,166200.9375000000,165609.2031250000,132855.4375000000,120985.9375000000,132513.9843750000,150075.1718750000,,,
5.2119999917,40,176018.8593750000,184630.5312500000,165899.1562500000,165225.9218750000,132451.0625000000,120604.2812500000,132103.0000000000,149961.8125000000,,,
5.2159999916,40,175611.0625000000,198298.5312500000,165283.2187500000,164278.3281250000,131557.5468750000,119735.9765625000,131134.0156250000,153191.3281250000,,,
5.2199999916,40,175592.0781250000,212388.1562500000,165301.8593750000,164242.9687500000,131570.2812500000,119724.2812500000,131116.4062500000,154669.7187500000,,,
5.2239999915,40,175924.6093750000,209719.0781250000,165804.5000000000,164978.8125000000,132273.4531250000,120394.2421875000,131866.2968750000,152941.9687500000,,,
5.2279999915,40,176199.1093750000,193304.7968750000,166196.3437500000,165597.2187500000,132849.9062500000,120974.4062500000,132503.3437500000,150076.6718750000,,,
5.2319999917,40,176017.7656250000,184620.2343750000,165894.4843750000,165200.4218750000,132445.2968750000,120610.8046875000,132098.3281250000,149960.0156250000,,,
5.2359999917,40,175602.0468750000,198213.5781250000,165268.2500000000,164269.5312500000,131542.6562500000,119736.2109375000,131125.5468750000,153178.5156250000,,,
5.2399999916,40,175561.9531250000,212338.0937500000,165265.7500000000,164227.9062500000,131533.5625000000,119700.1953125000,131091.7031250000,154646.6406250000,,,
5.2439999916,40,175900.3437500000,209765.2968750000,165778.4062500000,164951.7500000000,132241.0156250000,120372.8906250000,131852.9687500000,152931.8281250000,,,
5.2479999915,41,176200.8593750000,193381.2343750000,166200.7656250000,165593.7812500000,132847.7187500000,120968.1250000000,132523.0312500000,150075.0312500000,,,
5.2519999915,41,176038.0625000000,184592.7343750000,165920.6093750000,165228.7343750000,132466.9687500000,120613.8906250000,132136.4687500000,149941.7500000000,,,
5.2559999914,41,175638.3906250000,198128.7500000000,165316.4687500000,164312.9843750000,131584.3906250000,119749.7578125000,131179.0781250000,153172.0156250000,,,
5.2599999914,41,175591.7968750000,212326.7187500000,165302.0937500000,164243.1562500000,131566.4218750000,119711.9375000000,131129.7500000000,154666.2187500000,,,
5.2639999914,41,175912.5156250000,209851.6562500000,165784.7031250000,164933.9843750000,132249.6562500000,120375.3046875000,131864.8437500000,152962.7031250000,,,
5.2679999913,41,176205.2812500000,193483.1093750000,166194.0156250000,165579.0625000000,132846.3437500000,120969.0937500000,132523.8593750000,150098.0781250000,,,
5.2719999915,41,176034.2343750000,184599.3906250000,165904.2031250000,165221.6250000000,132456.2968750000,120611.5234375000,132123.1093750000,149945.1093750000,,,
5.2759999915,41,175623.7812500000,198082.0000000000,165286.7031250000,164285.0781250000,131560.0312500000,119742.2187500000,131153.5000000000,153167.0625000000,,,
5.2799999914,41,175581.7187500000,212320.4531250000,165286.5625000000,164214.0000000000,131550.1875000000,119698.0234375000,131117.0937500000,154664.6093750000,,,
5.2839999914,41,175923.2187500000,209945.5468750000,165802.1406250000,164941.8750000000,132259.7656250000,120376.1093750000,131874.6875000000,152984.8750000000,,,
5.2879999913,41,176221.1093750000,193590.8281250000,166222.4218750000,165607.3593750000,132867.2968750000,120983.2031250000,132545.1093750000,150114.8125000000,,,
5.2919999915,41,176036.1093750000,184609.5468750000,165919.2187500000,165241.2031250000,132463.2500000000,120621.4531250000,132136.8437500000,149929.8437500000,,,
5.2959999915,41,175617.0625000000,198027.2187500000,165288.4375000000,164299.3593750000,131553.2187500000,119743.5937500000,131158.1093750000,153144.4687500000,,,
5.2999999914,41,175557.5468750000,212303.8125000000,165261.7343750000,164217.3281250000,131518.6562500000,119676.5625000000,131098.7812500000,154645.5781250000,,,
5.3039999914,41,175908.5156250000,209969.7656250000,165779.9062500000,164937.4843750000,132232.2812500000,120359.2656250000,131860.9062500000,152976.4375000000,,,
5.3079999913,41,176209.2968750000,193629.1718750000,166197.2343750000,165578.9062500000,132838.5312500000,120964.9843750000,132527.2656250000,150104.9062500000,,,
5.3119999913,41,176045.9843750000,184585.6562500000,165918.0156250000,165219.7031250000,132462.3906250000,120619.3828125000,132144.7656250000,149918.2343750000,,,
5.3159999915,41,175635.0625000000,197946.0000000000,165299.7968750000,164287.5468750000,131566.0156250000,119745.9531250000,131174.7343750000,153135.8437500000,,,
5.3199999915,41,175591.9687500000,212282.2343750000,165293.8593750000,164226.2343750000,131549.7968750000,119699.4140625000,131129.7500000000,154671.3281250000,,,
5.3239999914,41,175926.1406250000,210001.2187500000,165798.1406250000,164945.6250000000,132249.5781250000,120380.6953125000,131877.5625000000,153000.9687500000,,,
5.3279999914,41,176207.7187500000,193676.6875000000,166204.4687500000,165598.0312500000,132844.4687500000,120974.8593750000,132538.9843750000,150111.1406250000,,,
5.3319999913,41,176026.4062500000,184569.3750000000,165909.2343750000,165235.3437500000,132452.6562500000,120622.1718750000,132143.8437500000,149894.9843750000,,,
5.3359999915,41,175614.0937500000,197863.5312500000,165285.4375000000,164295.8593750000,131548.7968750000,119751.9609375000,131170.7343750000,153103.0000000000,,,
5.3399999915,41,175570.0000000000,212250.9218750000,165272.8906250000,164224.9218750000,131523.3125000000,119697.5937500000,131117.6875000000,154646.4843750000,,,
5.3439999914,41,175913.8593750000,210024.6718750000,165790.6406250000,164947.6406250000,132231.6093750000,120359.0781250000,131878.2031250000,152977.9687500000,,,
5.3479999914,41,176216.9687500000,193720.6406250000,166214.0156250000,165602.2343750000,132842.4843750000,120964.3984375000,132553.0468750000,150103.1406250000,,,
5.3519999913,41,176035.1718750000,184548.1562500000,165918.1718750000,165258.7812500000,132453.2968750000,120610.6171875000,132156.5625000000,149876.0468750000,,,
5.3559999913,41,175617.3437500000,197789.5000000000,165292.9531250000,164309.3593750000,131548.2031250000,119735.9218750000,131177.6562500000,153082.4843750000,,,
5.3599999915,41,175545.5625000000,212207.5625000000,165255.5937500000,164209.0937500000,131500.1093750000,119659.2890625000,131103.8437500000,154621.0781250000,,,
5.3639999914,41,175882.4687500000,210041.4843750000,165764.2968750000,164929.1406250000,132204.1406250000,120336.7578125000,131860.8750000000,152969.9218750000,,,
5.3679999914,41,176186.7656250000,193774.9062500000,166189.1562500000,165585.9218750000,132818.3437500000,120949.5937500000,132539.3437500000,150098.2031250000,,,
5.3719999914,41,176037.4062500000,184541.9375000000,165922.2968750000,165252.6406250000,132459.1093750000,120620.2734375000,132174.3437500000,149877.2187500000,,,
5.3759999913,42,175629.2968750000,197728.3437500000,165299.8437500000,164311.8750000000,131556.2500000000,119751.5000000000,131198.5000000000,153089.0625000000,,,
5.3799999913,42,175580.0781250000,212230.5937500000,165284.1562500000,164226.6718750000,131523.5781250000,119690.1875000000,131132.6562500000,154666.5468750000,,,
5.3839999912,42,175909.8281250000,210435.9843750000,165777.7812500000,164918.3593750000,132208.0625000000,120350.4921875000,131865.2656250000,153074.3906250000,,,
5.3879999912,42,176205.0312500000,194183.3281250000,166200.5781250000,165595.5781250000,132830.9218750000,120969.5781250000,132549.0468750000,150152.5156250000,,,
5.3919999911,42,176039.7031250000,184587.8593750000,165928.0468750000,165264.6250000000,132470.2500000000,120631.1328125000,132185.6562500000,149857.8281250000,,,
5.3959999911,42,175614.2031250000,197681.1718750000,165291.6093750000,164307.0000000000,131553.8906250000,119744.6328125000,131200.0625000000,153061.5156250000,,,
5.3999999913,42,175552.3281250000,212205.2500000000,165261.4062500000,164207.3593750000,131507.7031250000,119674.7656250000,131122.7812500000,154646.2500000000,,,
5.4039999912,42,175879.2031250000,210504.0312500000,165752.5156250000,164905.4843750000,132185.3437500000,120318.3906250000,131846.8437500000,153058.4843750000,,,
5.4079999912,42,176194.4375000000,194295.3593750000,166197.2031250000,165581.2031250000,132828.2187500000,120953.7265625000,132551.5156250000,150145.2812500000,,,
5.4119999912,42,176040.9687500000,184595.9218750000,165931.7968750000,165250.5468750000,132475.0468750000,120630.5937500000,132192.5781250000,149833.6093750000,,,
5.4159999911,42,175629.1875000000,197610.1406250000,165305.7968750000,164311.8593750000,131566.1562500000,119746.7812500000,131211.8125000000,153037.6718750000,,,
5.4199999913,42,175572.8125000000,212179.0781250000,165276.2343750000,164221.4375000000,131519.6093750000,119675.1640625000,131136.0937500000,154642.4843750000,,,
5.4239999913,42,175889.6875000000,210442.8750000000,165753.4062500000,164901.0468750000,132187.9375000000,120323.4062500000,131854.6250000000,153047.3750000000,,,
5.4279999912,42,176194.5000000000,194226.7968750000,166186.4218750000,165576.0312500000,132818.9062500000,120947.8203125000,132549.5781250000,150133.5312500000,,,
5.4319999912,42,176039.6718750000,184552.7968750000,165924.2656250000,165255.6875000000,132470.4843750000,120626.8125000000,132195.7968750000,149821.9687500000,,,
5.4359999911,42,175642.9843750000,197530.7968750000,165314.2968750000,164325.9843750000,131577.0468750000,119768.6406250000,131225.2968750000,153040.7812500000,,,
5.4399999911,42,175591.8593750000,212136.3125000000,165297.4531250000,164238.1718750000,131540.9062500000,119703.3281250000,131157.1406250000,154663.8125000000,,,
5.4439999913,42,175907.0468750000,210153.1406250000,165786.9531250000,164937.1250000000,132224.9531250000,120343.1718750000,131892.8437500000,153010.7656250000,,,
5.4479999912,42,176203.2343750000,193937.4687500000,166201.5781250000,165603.2812500000,132830.6875000000,120945.5703125000,132562.9687500000,150112.0000000000,,,
5.4519999912,42,176046.4062500000,184469.4843750000,165936.0156250000,165279.6406250000,132475.8281250000,120615.8437500000,132202.9062500000,149817.6250000000,,,
5.4559999912,42,175625.2812500000,197405.7812500000,165302.1250000000,164320.8906250000,131561.4531250000,119730.6875000000,131216.2656250000,153002.3437500000,,,
5.4599999911,42,175550.4687500000,212051.5625000000,165255.7187500000,164192.2187500000,131501.3281250000,119649.9531250000,131128.6562500000,154616.0625000000,,,
5.4639999913,42,175889.6406250000,210077.9687500000,165766.4687500000,164918.4062500000,132208.4062500000,120329.1406250000,131885.1250000000,152984.4531250000,,,
5.4679999913,42,176192.5625000000,193893.8906250000,166190.3125000000,165584.4218750000,132820.6250000000,120945.0625000000,132563.4218750000,150104.8906250000,,,
5.4719999912,42,176040.4062500000,184436.3125000000,165931.6718750000,165259.1250000000,132474.2187500000,120635.4765625000,132217.1718750000,149822.0000000000,,,
5.4759999912,42,175626.1875000000,197322.9843750000,165305.6093750000,164304.9375000000,131564.5625000000,119750.6953125000,131234.5781250000,153003.2812500000,,,
5.4799999911,42,175550.9531250000,212011.7343750000,165255.9687500000,164209.6562500000,131495.1562500000,119648.2890625000,131131.1562500000,154619.7968750000,,,
5.4839999911,42,175875.6562500000,210192.5781250000,165745.5468750000,164922.1093750000,132178.9062500000,120310.9843750000,131854.7343750000,153001.0000000000,,,
5.4879999913,42,176183.6875000000,194048.9375000000,166176.2812500000,165578.5312500000,132801.0468750000,120932.3203125000,132539.2656250000,150110.0937500000,,,
5.4919999912,42,176030.2656250000,184432.5781250000,165912.6406250000,165252.0156250000,132455.5156250000,120613.1328125000,132191.7187500000,149785.6718750000,,,
5.4959999912,42,175618.6718750000,197249.2187500000,165289.0312500000,164315.4687500000,131552.2343750000,119730.5546875000,131217.4687500000,152969.7031250000,,,
5.4999999912,42,175572.3281250000,212010.6562500000,165273.0000000000,164224.5156250000,131514.3906250000,119671.0937500000,131147.5156250000,154643.6718750000,,,
5.5039999911,43,175911.5156250000,210385.1250000000,165780.4687500000,164922.3750000000,132213.3125000000,120341.3750000000,131891.3437500000,153075.7031250000,,,
5.5079999911,43,176212.6875000000,194272.3125000000,166209.0937500000,165606.3906250000,132837.3125000000,120951.7343750000,132579.5468750000,150164.4531250000,,,
5.5119999910,43,176060.2968750000,184485.3906250000,165951.3750000000,165297.2968750000,132496.2656250000,120645.2187500000,132236.4062500000,149808.0000000000,,,
5.5159999910,43,175639.0625000000,197226.1875000000,165309.8437500000,164339.3125000000,131573.0156250000,119761.1328125000,131242.0625000000,152984.5625000000,,,
5.5199999909,43,175553.9531250000,212014.5937500000,165245.4531250000,164209.3125000000,131487.6250000000,119657.1171875000,131129.2187500000,154634.3281250000,,,
5.5239999909,43,175877.9218750000,210487.4062500000,165736.6875000000,164902.1250000000,132167.7500000000,120315.0078125000,131860.4687500000,153063.2500000000,,,
5.5279999911,43,176202.8125000000,194403.8750000000,166190.5312500000,165600.5156250000,132815.9531250000,120961.4453125000,132574.0000000000,150163.3125000000,,,
5.5319999910,43,176050.3281250000,184498.1093750000,165934.1875000000,165279.2500000000,132478.4531250000,120648.5390625000,132235.8750000000,149784.3125000000,,,
5.5359999910,43,175629.0781250000,197161.6406250000,165300.2500000000,164330.3593750000,131561.5156250000,119757.1640625000,131247.3750000000,152954.6875000000,,,
5.5399999910,43,175566.2968750000,212000.6718750000,165265.1093750000,164221.6562500000,131502.9062500000,119666.9296875000,131155.2187500000,154641.9531250000,,,
5.5439999909,43,175892.5937500000,210565.4843750000,165757.9375000000,164908.0781250000,132185.7968750000,120322.8671875000,131882.6562500000,153091.9062500000,,,
5.5479999911,43,176206.1875000000,194504.2968750000,166199.8281250000,165585.3125000000,132826.0468750000,120959.0859375000,132588.3125000000,150175.6718750000,,,
5.5519999911,43,176056.8125000000,184491.9843750000,165949.0468750000,165267.7968750000,132494.5468750000,120655.3281250000,132254.8125000000,149773.7968750000,,,
5.5559999910,43,175641.7656250000,197077.7968750000,165318.4843750000,164329.2031250000,131578.2968750000,119767.5937500000,131265.0000000000,152946.5312500000,,,
5.5599999910,43,175558.9531250000,211955.2187500000,165252.7656250000,164210.4375000000,131488.2031250000,119664.1953125000,131140.3593750000,154636.6875000000,,,
5.5639999909,43,175882.2031250000,210533.4218750000,165743.1875000000,164906.4218750000,132168.2812500000,120309.4843750000,131864.9531250000,153078.0625000000,,,
5.5679999909,43,176205.2500000000,194485.5000000000,166196.2187500000,165580.2187500000,132818.9531250000,120950.3125000000,132580.5937500000,150168.6093750000,,,
5.5719999911,43,176046.0937500000,184456.7656250000,165937.5468750000,165274.0937500000,132483.2031250000,120638.5078125000,132243.2968750000,149752.1562500000,,,
5.5759999910,43,175626.6406250000,196989.4218750000,165308.4218750000,164327.3750000000,131570.3906250000,119756.3281250000,131258.2812500000,152916.2187500000,,,
5.5799999910,43,175563.5937500000,211909.7500000000,165274.2031250000,164206.8125000000,131510.8125000000,119662.6406250000,131171.2812500000,154628.1093750000,,,
5.5839999910,43,175868.2812500000,210500.1718750000,165739.9062500000,164894.8906250000,132170.2968750000,120308.8671875000,131879.6250000000,153061.4531250000,,,
5.5879999909,43,176183.7656250000,194470.3437500000,166178.8593750000,165581.7968750000,132805.4062500000,120944.3906250000,132575.5000000000,150150.5625000000,,,
5.5919999911,43,176041.8281250000,184427.4843750000,165932.9531250000,165281.5468750000,132481.6406250000,120648.6250000000,132250.2500000000,149737.7187500000,,,
5.5959999911,43,175619.6718750000,196906.6250000000,165292.6093750000,164317.7031250000,131558.5625000000,119753.8593750000,131258.5000000000,152893.8281250000,,,
5.5999999910,43,175548.4375000000,211879.6250000000,165240.5468750000,164172.9062500000,131482.3906250000,119657.6250000000,131149.3125000000,154620.7343750000,,,
5.6039999910,43,175896.4531250000,210548.3437500000,165758.5625000000,164879.8125000000,132187.2968750000,120326.7031250000,131899.5781250000,153100.3437500000,,,
5.6079999909,43,176192.5156250000,194546.2031250000,166180.7656250000,165571.6250000000,132808.5781250000,120938.2187500000,132590.4843750000,150176.3593750000,,,
5.6119999909,43,176025.4375000000,184442.2968750000,165916.3437500000,165278.1718750000,132469.7656250000,120628.5859375000,132246.5468750000,149731.1406250000,,,
5.6159999911,43,175599.7656250000,196844.3750000000,165277.3593750000,164323.9218750000,131547.6406250000,119743.9687500000,131246.4843750000,152880.3593750000,,,
5.6199999910,43,175524.1250000000,211860.8281250000,165223.7500000000,164190.9843750000,131467.7187500000,119646.6015625000,131132.7656250000,154618.0781250000,,,
5.6239999910,43,175866.9218750000,210620.8750000000,165737.9843750000,164884.3125000000,132170.0781250000,120300.2031250000,131881.2656250000,153098.3906250000,,,
5.6279999909,43,176199.8593750000,194651.2343750000,166201.3125000000,165577.8281250000,132827.7343750000,120946.6406250000,132598.4062500000,150191.0156250000,,,
5.6319999909,44,176056.3593750000,184442.2968750000,165947.8593750000,165282.2968750000,132503.1875000000,120664.2578125000,132264.0156250000,149746.5468750000,,,
5.6359999909,44,175639.0937500000,196766.9687500000,165318.2656250000,164347.0625000000,131589.9218750000,119759.4921875000,131274.4062500000,152886.3593750000,,,
5.6399999908,44,175585.1718750000,211826.9218750000,165284.7968750000,164222.0000000000,131523.4531250000,119664.2265625000,131177.6406250000,154650.6718750000,,,
5.6439999908,44,175883.2812500000,210677.2812500000,165742.5156250000,164885.6250000000,132170.4062500000,120282.8203125000,131873.5312500000,153119.0000000000,,,
5.6479999907,44,176160.0312500000,194708.3906250000,166142.7812500000,165563.5625000000,132775.4531250000,120892.6484375000,132544.8125000000,150154.9375000000,,,
5.6519999907,44,176022.2187500000,184393.1250000000,165908.1093750000,165270.5468750000,132468.8437500000,120622.6875000000,132237.5156250000,149689.3906250000,,,
5.6559999909,44,175618.7343750000,196664.5781250000,165293.9375000000,164329.0156250000,131569.9843750000,119753.0312500000,131266.2031250000,152850.9062500000,,,
5.6599999908,44,175533.1718750000,211770.1875000000,165229.9531250000,164179.5937500000,131475.9531250000,119631.2031250000,131135.1250000000,154609.0937500000,,,
5.6639999908,44,175852.5937500000,210704.9218750000,165717.9687500000,164860.7656250000,132152.0000000000,120272.0625000000,131852.5312500000,153098.5781250000,,,
5.6679999908,44,176186.2656250000,194796.5000000000,166191.9687500000,165553.4218750000,132822.3593750000,120919.3671875000,132582.7031250000,150176.5781250000,,,
5.6719999907,44,176046.4843750000,184406.9375000000,165947.1093750000,165271.5156250000,132509.3437500000,120640.7109375000,132271.5937500000,149687.7031250000,,,
5.6759999909,44,175622.4843750000,196605.5937500000,165291.9375000000,164327.6562500000,131573.0468750000,119748.7109375000,131263.3593750000,152829.6406250000,,,
5.6799999909,44,175532.9843750000,211764.5937500000,165219.5937500000,164175.3750000000,131468.0937500000,119614.8671875000,131131.7187500000,154600.2187500000,,,
5.6839999908,44,175864.8281250000,210756.5000000000,165718.1875000000,164864.9218750000,132152.1093750000,120263.1328125000,131864.2031250000,153112.6562500000,,,
5.6879999908,44,176183.9843750000,194866.6093750000,166171.8906250000,165567.9843750000,132803.9375000000,120909.7343750000,132564.7968750000,150190.8750000000,,,
5.6919999907,44,176054.7500000000,184441.0781250000,165949.2656250000,165291.2656250000,132507.9531250000,120643.9843750000,132272.0000000000,149698.6875000000,,,
5.6959999907,44,175614.1406250000,196571.5625000000,165278.4062500000,164329.0781250000,131557.8906250000,119738.4140625000,131261.9843750000,152821.0468750000,,,
5.6999999909,44,175535.5781250000,211764.6718750000,165223.6718750000,164171.4062500000,131470.5000000000,119619.3515625000,131148.2656250000,154615.6406250000,,,
5.7039999908,44,175861.1562500000,210788.0156250000,165726.1875000000,164864.5000000000,132159.4062500000,120265.6015625000,131880.1875000000,153129.6093750000,,,
5.7079999908,44,176169.8125000000,194908.1562500000,166160.8906250000,165564.3906250000,132797.9531250000,120907.2421875000,132584.4531250000,150200.8593750000,,,
5.7119999907,44,176034.3906250000,184433.2500000000,165929.2187500000,165285.0937500000,132498.4843750000,120634.9453125000,132279.2187500000,149690.3437500000,,,
5.7159999907,44,175623.1093750000,196495.7968750000,165298.0781250000,164333.8437500000,131582.6406250000,119747.7187500000,131285.2656250000,152817.2187500000,,,
5.7199999909,44,175544.1093750000,211719.9531250000,165234.1875000000,164186.1406250000,131483.5468750000,119623.5312500000,131157.0312500000,154619.5000000000,,,
5.7239999908,44,175866.8437500000,210834.3750000000,165719.9375000000,164865.7343750000,132152.5312500000,120259.0546875000,131870.2031250000,153142.4687500000,,,
5.7279999908,44,176184.1406250000,194991.1718750000,166167.1875000000,165560.4218750000,132799.2187500000,120898.6015625000,132588.2031250000,150209.1093750000,,,
5.7319999908,44,176053.2500000000,184420.2187500000,165941.0781250000,165303.9531250000,132506.0468750000,120644.0078125000,132305.6718750000,149681.2031250000,,,
5.7359999907,44,175634.3125000000,196412.1562500000,165302.0937500000,164349.9687500000,131582.8125000000,119755.6328125000,131313.2187500000,152802.2812500000,,,
5.7399999907,44,175546.2656250000,211691.2343750000,165229.0312500000,164189.9218750000,131476.1875000000,119624.2031250000,131171.7031250000,154618.8593750000,,,
5.7439999909,44,175865.7031250000,210896.3593750000,165720.1250000000,164872.9375000000,132152.0000000000,120256.5078125000,131892.3125000000,153153.8593750000,,,
5.7479999908,44,176190.5781250000,195078.8593750000,166183.7656250000,165562.3593750000,132816.2187500000,120910.8359375000,132619.3750000000,150220.7031250000,,,
5.7519999908,44,176039.5937500000,184414.9843750000,165934.4062500000,165290.5312500000,132503.6718750000,120646.7187500000,132304.1093750000,149658.4375000000,,,
5.7559999907,44,175625.5937500000,196329.3593750000,165298.0937500000,164347.9531250000,131582.9218750000,119767.3046875000,131311.7187500000,152777.4375000000,,,
5.7599999907,45,175547.3593750000,211645.7187500000,165232.8906250000,164185.7656250000,131480.7500000000,119631.2031250000,131178.7031250000,154612.2343750000,,,
5.7639999907,45,175865.4218750000,210923.9531250000,165717.8125000000,164858.9218750000,132149.2968750000,120256.8593750000,131894.6406250000,153154.6875000000,,,
5.7679999906,45,176206.5625000000,195154.8125000000,166192.7187500000,165590.8125000000,132823.1093750000,120918.6640625000,132632.0156250000,150232.8593750000,,,
5.7719999906,45,176080.9843750000,184433.4062500000,165969.7031250000,165346.1093750000,132534.8281250000,120655.6484375000,132343.4531250000,149667.6562500000,,,
5.7759999905,45,175643.5468750000,196275.9062500000,165311.3437500000,164352.1406250000,131591.8750000000,119744.7968750000,131334.6562500000,152760.7812500000,,,
5.7799999905,45,175537.2968750000,211632.1875000000,165218.4062500000,164165.3281250000,131462.0625000000,119600.3593750000,131173.2656250000,154593.0312500000,,,
5.7839999907,45,175843.8281250000,210980.8437500000,165688.8437500000,164828.0937500000,132117.2187500000,120235.0546875000,131872.8125000000,153146.3750000000,,,
5.7879999906,45,176163.5625000000,195233.6250000000,166146.8906250000,165533.2031250000,132777.3281250000,120883.5546875000,132598.9375000000,150206.5156250000,,,
5.7919999906,45,176045.5000000000,184434.3437500000,165941.5312500000,165296.7343750000,132509.4843750000,120638.7812500000,132335.7343750000,149632.1250000000,,,
5.7959999905,45,175641.8281250000,196206.6406250000,165319.0156250000,164357.5781250000,131601.2343750000,119758.2656250000,131351.6250000000,152749.8437500000,,,
5.7999999905,45,175551.9218750000,211617.9531250000,165238.4531250000,164186.2656250000,131483.9687500000,119615.1093750000,131191.3437500000,154612.0937500000,,,
5.8039999907,45,175860.7968750000,211019.2812500000,165711.9843750000,164845.0468750000,132144.2968750000,120243.5000000000,131891.3750000000,153171.1562500000,,,
5.8079999906,45,176188.1875000000,195288.6406250000,166174.7812500000,165552.6406250000,132808.6093750000,120892.4843750000,132616.9062500000,150231.4062500000,,,
5.8119999906,45,176071.1718750000,184433.4375000000,165966.8750000000,165309.7343750000,132537.2656250000,120642.3984375000,132344.9375000000,149637.7812500000,,,
5.8159999906,45,175652.6406250000,196139.2187500000,165324.7812500000,164350.7187500000,131610.7343750000,119752.4140625000,131347.0468750000,152737.9062500000,,,
5.8199999905,45,175544.7500000000,211575.8437500000,165226.8281250000,164165.5625000000,131474.2031250000,119600.7656250000,131177.0156250000,154599.4687500000,,,
5.8239999905,45,175860.8750000000,211065.5000000000,165706.8750000000,164839.0937500000,132137.8906250000,120236.7968750000,131880.5000000000,153182.7187500000,,,
5.8279999907,45,176189.2343750000,195363.6250000000,166173.1406250000,165557.8437500000,132806.6250000000,120895.3046875000,132618.7031250000,150242.7812500000,,,
5.8319999906,45,176078.7343750000,184429.3281250000,165976.6718750000,165323.1718750000,132549.2343750000,120660.6875000000,132365.8593750000,149638.2968750000,,,
5.8359999906,45,175681.0468750000,196060.7656250000,165358.9062500000,164379.6875000000,131646.1562500000,119785.4296875000,131382.5781250000,152746.7500000000,,,
5.8399999905,45,175558.7343750000,211551.0625000000,165239.6875000000,164200.3750000000,131490.3281250000,119617.2812500000,131180.1250000000,154618.0312500000,,,
5.8439999905,45,175859.9375000000,211108.8906250000,165704.3281250000,164868.4375000000,132138.1406250000,120240.7343750000,131878.5781250000,153195.4375000000,,,
5.8479999907,45,176187.5156250000,195441.1250000000,166171.6093750000,165568.8750000000,132806.4375000000,120892.3828125000,132619.8281250000,150250.2031250000,,,
5.8519999906,45,176078.2968750000,184440.6875000000,165974.0781250000,165330.8437500000,132548.8281250000,120662.2500000000,132364.1875000000,149630.2968750000,,,
5.8559999906,45,175656.7968750000,196000.7656250000,165332.2187500000,164376.3125000000,131620.2500000000,119757.7812500000,131360.7968750000,152709.3437500000,,,
5.8599999906,45,175545.8906250000,211521.3437500000,165228.9062500000,164179.0000000000,131475.0156250000,119588.4531250000,131174.5781250000,154591.9843750000,,,
5.8639999905,45,175857.0937500000,211140.7656250000,165705.3125000000,164838.0000000000,132135.1875000000,120221.3984375000,131879.1875000000,153190.5468750000,,,
5.8679999905,45,176192.2656250000,195507.1562500000,166183.4687500000,165551.7500000000,132815.3906250000,120893.6718750000,132630.7968750000,150258.3281250000,,,
5.8719999907,45,176083.1093750000,184452.1875000000,165990.4375000000,165324.9687500000,132563.4843750000,120666.4609375000,132386.9687500000,149623.3750000000,,,
5.8759999906,45,175648.6406250000,195927.7812500000,165329.3437500000,164366.7812500000,131618.6406250000,119763.0390625000,131370.8281250000,152688.9531250000,,,
5.8799999906,45,175541.2968750000,211489.4531250000,165226.9687500000,164168.3750000000,131473.7968750000,119601.1640625000,131184.9531250000,154596.3593750000,,,
5.8839999905,45,175840.7968750000,211187.4531250000,165690.0468750000,164823.8593750000,132121.5781250000,120221.5625000000,131876.5312500000,153198.4687500000,,,
5.8879999905,46,176168.8750000000,195580.5468750000,166157.0781250000,165538.0000000000,132793.7187500000,120879.6953125000,132616.0000000000,150248.8125000000,,,
5.8919999904,46,176064.8906250000,184431.3437500000,165968.1718750000,165307.2968750000,132548.9687500000,120663.0781250000,132371.9375000000,149597.5000000000,,,
5.8959999904,46,175649.5312500000,195842.8125000000,165328.4375000000,164350.8750000000,131625.4843750000,119772.9609375000,131373.9218750000,152674.7187500000,,,
5.8999999904,46,175544.2968750000,211440.2031250000,165226.6250000000,164155.0468750000,131482.2500000000,119603.7656250000,131191.2343750000,154596.4843750000,,,
5.9039999903,46,175852.7343750000,211214.2500000000,165697.5312500000,164822.7343750000,132137.5937500000,120228.3984375000,131888.8281250000,153219.3281250000,,,
5.9079999903,46,176189.4843750000,195634.5312500000,166172.9062500000,165555.0781250000,132820.2187500000,120900.5859375000,132633.0781250000,150279.5312500000,,,
5.9119999905,46,176078.6718750000,184433.6718750000,165976.1562500000,165319.8281250000,132568.8437500000,120679.5468750000,132383.5625000000,149607.7968750000,,,
5.9159999904,46,175648.7968750000,195765.3437500000,165325.4531250000,164356.5625000000,131630.0937500000,119771.0312500000,131377.2187500000,152660.8437500000,,,
5.9199999904,46,175525.9531250000,211398.2187500000,165210.0468750000,164138.2343750000,131467.7656250000,119590.4062500000,131179.9687500000,154582.1093750000,,,
5.9239999903,46,175837.4375000000,211237.8281250000,165690.5625000000,164805.3593750000,132127.7500000000,120222.5781250000,131884.1250000000,153215.9062500000,,,
5.9279999903,46,176171.7500000000,195695.6406250000,166166.9531250000,165542.8593750000,132806.4843750000,120882.9687500000,132628.4687500000,150268.4218750000,,,
5.9319999905,46,176060.5937500000,184437.9375000000,165968.8125000000,165331.9531250000,132552.9375000000,120659.6718750000,132377.5781250000,149578.3750000000,,,
5.9359999904,46,175640.9687500000,195699.0937500000,165324.4687500000,164367.4218750000,131623.0156250000,119762.9843750000,131376.5156250000,152634.0156250000,,,
5.9399999904,46,175524.9687500000,211379.8593750000,165208.0312500000,164161.2968750000,131459.6093750000,119583.5390625000,131172.9375000000,154576.3750000000,,,
5.9439999904,46,175840.1718750000,211290.8593750000,165687.1250000000,164812.1406250000,132119.0625000000,120216.5156250000,131874.1718750000,153224.1406250000,,,
5.9479999903,46,176177.3281250000,195773.6250000000,166167.1875000000,165529.7968750000,132804.3437500000,120889.6718750000,132626.7187500000,150277.9687500000,,,
5.9519999903,46,176066.1562500000,184430.6250000000,165971.8906250000,165325.9218750000,132557.3125000000,120662.6250000000,132384.3593750000,149567.2031250000,,,
5.9559999905,46,175643.4375000000,195611.4062500000,165323.3593750000,164369.3125000000,131623.7187500000,119764.6484375000,131380.6250000000,152617.5468750000,,,
5.9599999904,46,175533.2500000000,211328.7500000000,165216.2968750000,164165.1562500000,131465.8906250000,119595.9062500000,131185.9531250000,154585.5156250000,,,
5.9639999904,46,175847.0156250000,211309.1250000000,165697.7031250000,164837.4531250000,132123.2500000000,120222.7656250000,131887.5312500000,153245.7812500000,,,
5.9679999903,46,176172.3437500000,195825.6406250000,166168.8750000000,165542.4218750000,132798.6250000000,120878.9453125000,132635.6093750000,150287.2812500000,,,
5.9719999903,46,176041.2031250000,184408.7656250000,165947.4687500000,165301.0312500000,132530.7812500000,120647.2265625000,132374.9218750000,149544.6250000000,,,
5.9759999905,46,175613.1250000000,195528.0468750000,165290.5312500000,164335.7187500000,131591.5000000000,119746.9453125000,131362.9687500000,152583.3281250000,,,
5.9799999904,46,175511.2343750000,211281.6875000000,165187.4375000000,164130.0468750000,131441.3750000000,119574.3437500000,131169.3125000000,154563.7968750000,,,
5.9839999904,46,175825.5000000000,211338.2812500000,165663.4687500000,164791.4531250000,132097.6093750000,120192.1640625000,131863.8750000000,153233.5468750000,,,
5.9879999903,46,176177.6562500000,195896.2031250000,166156.6718750000,165532.1250000000,132796.2656250000,120879.8281250000,132628.1250000000,150296.8281250000,,,
5.9919999903,46,176087.6406250000,184434.3281250000,165980.3281250000,165347.2656250000,132570.4843750000,120693.9531250000,132406.1875000000,149576.8125000000,,,
5.9959999903,46,175661.3281250000,195486.2031250000,165331.5156250000,164388.4062500000,131636.6406250000,119783.5000000000,131400.2031250000,152607.2812500000,,,
5.9999999905,46,175524.2187500000,211265.1406250000,165197.7656250000,164142.4375000000,131454.3281250000,119570.3203125000,131179.6718750000,154569.0000000000,,,
6.0039999904,46,175816.8125000000,211374.7500000000,165659.3906250000,164783.4843750000,132093.6406250000,120174.6718750000,131868.9687500000,153225.2031250000,,,
6.0079999904,46,176152.2968750000,195950.1718750000,166135.4062500000,165523.4062500000,132773.6250000000,120853.0312500000,132617.2812500000,150275.5000000000,,,
6.0119999903,46,176050.0781250000,184426.2500000000,165950.2500000000,165324.1250000000,132539.2656250000,120652.0781250000,132389.4531250000,149528.6406250000,,,
6.0159999903,47,175633.9687500000,195399.0312500000,165310.5781250000,164373.3750000000,131611.5625000000,119763.8437500000,131389.9375000000,152563.4843750000,,,
6.0199999902,47,175517.4531250000,211230.3750000000,165195.5937500000,164146.8437500000,131443.4218750000,119574.7734375000,131176.6406250000,154562.7500000000,,,
6.0239999902,47,175820.0312500000,211421.7500000000,165660.1718750000,164787.6718750000,132087.5156250000,120189.7734375000,131865.8281250000,153243.5468750000,,,
6.0279999902,47,176165.7968750000,196035.4375000000,166148.4375000000,165535.4687500000,132781.9687500000,120864.3281250000,132625.2812500000,150295.2656250000,,,
6.0319999901,47,176071.1718750000,184443.7187500000,165973.6093750000,165331.0625000000,132560.7656250000,120668.0703125000,132405.1406250000,149534.9218750000,,,
6.0359999901,47,175641.2968750000,195340.4218750000,165316.5781250000,164366.8437500000,131620.8125000000,119770.2500000000,131397.3125000000,152555.2656250000,,,
6.0399999903,47,175515.0156250000,211195.1875000000,165192.7968750000,164137.5625000000,131443.0937500000,119566.5625000000,131180.4218750000,154555.9062500000,,,
6.0439999902,47,175824.1875000000,211471.9062500000,165666.3437500000,164793.9062500000,132090.0625000000,120176.5000000000,131865.2656250000,153254.7656250000,,,
6.0479999902,47,176164.4062500000,196128.8125000000,166147.6875000000,165524.7968750000,132781.2968750000,120861.3203125000,132624.3593750000,150306.7187500000,,,
6.0519999901,47,176073.7187500000,184445.0312500000,165975.7812500000,165344.9062500000,132566.3750000000,120675.5000000000,132413.4687500000,149526.5781250000,,,
6.0559999901,47,175650.9687500000,195249.7968750000,165332.4062500000,164377.7500000000,131635.1718750000,119761.1328125000,131411.3125000000,152530.2187500000,,,
6.0599999903,47,175523.6718750000,211148.2187500000,165200.3593750000,164149.7187500000,131452.4843750000,119568.3593750000,131195.7968750000,154554.2187500000,,,
6.0639999902,47,175833.7343750000,211504.5781250000,165671.5937500000,164809.8593750000,132102.0781250000,120195.8125000000,131887.2968750000,153275.3437500000,,,
6.0679999902,47,176158.8281250000,196184.4375000000,166137.6250000000,165531.9843750000,132779.0000000000,120859.9296875000,132632.7031250000,150308.8750000000,,,
6.0719999901,47,176057.8125000000,184427.7031250000,165960.3125000000,165321.3281250000,132557.3906250000,120659.7500000000,132418.1250000000,149496.3437500000,,,
6.0759999901,47,175640.4843750000,195153.3125000000,165314.3750000000,164360.0781250000,131624.4843750000,119766.8984375000,131413.2656250000,152504.8750000000,,,
6.0799999901,47,175517.5000000000,211099.0312500000,165181.9531250000,164128.9062500000,131438.2968750000,119567.5000000000,131183.8281250000,154549.7343750000,,,
6.0839999903,47,175817.3437500000,211621.1093750000,165645.1250000000,164774.1093750000,132076.6093750000,120167.2187500000,131862.5625000000,153288.2656250000,,,
6.0879999902,47,176162.2343750000,196385.1718750000,166139.3437500000,165527.1093750000,132781.4062500000,120855.6328125000,132633.7812500000,150330.8593750000,,,
6.0919999902,47,176072.3750000000,184445.3750000000,165975.2031250000,165350.2500000000,132575.4218750000,120674.5312500000,132431.5156250000,149488.7812500000,,,
6.0959999901,47,175659.5781250000,195093.0937500000,165338.6875000000,164398.8437500000,131651.5000000000,119784.1171875000,131437.0000000000,152496.5000000000,,,
6.0999999901,47,175554.9687500000,211094.0156250000,165231.7500000000,164193.4062500000,131484.4531250000,119594.3828125000,131226.5000000000,154572.5156250000,,,
6.1039999903,47,175826.5000000000,211616.3437500000,165663.0625000000,164806.3750000000,132092.1406250000,120171.0234375000,131874.5312500000,153287.7031250000,,,
6.1079999902,47,176138.2187500000,196364.7656250000,166118.7500000000,165478.5937500000,132759.6562500000,120833.0468750000,132614.5000000000,150303.3906250000,,,
6.1119999902,47,176036.1875000000,184442.5625000000,165938.4531250000,165298.5625000000,132538.0000000000,120638.3515625000,132401.5312500000,149451.4218750000,,,
6.1159999901,47,175628.3906250000,195015.7812500000,165302.3906250000,164364.0468750000,131615.3750000000,119755.6640625000,131410.0000000000,152456.0312500000,,,
6.1199999901,47,175514.2343750000,211030.4375000000,165182.2031250000,164135.4218750000,131435.8281250000,119565.6796875000,131189.7812500000,154538.7343750000,,,
6.1239999901,47,175822.8281250000,211571.6250000000,165653.8750000000,164788.0468750000,132081.1406250000,120177.8906250000,131875.0937500000,153285.1562500000,,,
6.1279999902,47,176170.2968750000,196345.6875000000,166151.3437500000,165541.5625000000,132787.3906250000,120864.9453125000,132646.6250000000,150334.0312500000,,,
6.1319999902,47,176085.1718750000,184455.3593750000,165988.6875000000,165360.3750000000,132586.4843750000,120695.6640625000,132452.6250000000,149501.5156250000,,,
6.1359999902,47,175653.2812500000,194961.4375000000,165330.6562500000,164395.2187500000,131644.0468750000,119784.6015625000,131440.6250000000,152475.7187500000,,,
6.1399999901,47,175512.5937500000,211007.0468750000,165182.1718750000,164136.1718750000,131438.9062500000,119555.7031250000,131190.5625000000,154541.7187500000,,,
6.1439999901,48,175814.8750000000,211602.9375000000,165644.4843750000,164782.1562500000,132078.9375000000,120161.3984375000,131867.0625000000,153288.8281250000,,,
6.1479999900,48,176163.0625000000,196401.4062500000,166136.2656250000,165526.5468750000,132781.4062500000,120850.1328125000,132638.4218750000,150333.0625000000,,,
6.1519999900,48,176077.9531250000,184454.2187500000,165976.9062500000,165348.7187500000,132583.0625000000,120683.5468750000,132449.0781250000,149481.9375000000,,,
6.1559999899,48,175661.7500000000,194878.5312500000,165335.0625000000,164391.4843750000,131653.4375000000,119793.3203125000,131449.6406250000,152461.2656250000,,,
6.1599999899,48,175522.7343750000,210954.5625000000,165188.5000000000,164137.7812500000,131444.2500000000,119561.9765625000,131198.2656250000,154544.1093750000,,,
6.1639999899,48,175816.8437500000,211658.3437500000,165646.5156250000,164780.2656250000,132074.6406250000,120164.2656250000,131870.8750000000,153307.9062500000,,,
6.1679999901,48,176170.7031250000,196525.1093750000,166149.1875000000,165534.7187500000,132786.5625000000,120866.0156250000,132652.7656250000,150365.0000000000,,,
6.1719999900,48,176087.5625000000,184467.4531250000,165993.4687500000,165363.8750000000,132595.0468750000,120702.2109375000,132470.5468750000,149488.9375000000,,,
6.1759999900,48,175650.5937500000,194796.5000000000,165330.9375000000,164391.4531250000,131646.4531250000,119781.2187500000,131452.4062500000,152431.8593750000,,,
6.1799999899,48,175503.9062500000,210908.9062500000,165175.3281250000,164126.0781250000,131429.8906250000,119540.4140625000,131189.7031250000,154514.2500000000,,,
6.1839999899,48,175810.5937500000,211854.1406250000,165639.6562500000,164760.5625000000,132065.2343750000,120146.7265625000,131864.6562500000,153329.8125000000,,,
6.1879999901,48,176161.7187500000,196826.9843750000,166137.2031250000,165522.4375000000,132777.1718750000,120847.5078125000,132642.9062500000,150371.3593750000,,,
6.1919999900,48,176073.2031250000,184493.5781250000,165978.6875000000,165366.0937500000,132585.5781250000,120677.7265625000,132459.8125000000,149436.1562500000,,,
6.1959999900,48,175657.3593750000,194723.5937500000,165336.2343750000,164403.0156250000,131656.8437500000,119790.6640625000,131468.4687500000,152406.8906250000,,,
6.1999999899,48,175526.6250000000,210874.8437500000,165197.7031250000,164140.6406250000,131453.7187500000,119576.9140625000,131221.7500000000,154539.6562500000,,,
6.2039999899,48,175799.2656250000,211775.7656250000,165632.2812500000,164761.9843750000,132060.8125000000,120153.8359375000,131865.5625000000,153325.0468750000,,,
6.2079999899,48,176121.8125000000,196728.6875000000,166100.2343750000,165478.5312500000,132743.0000000000,120825.9140625000,132614.6250000000,150346.8437500000,,,
6.2119999900,48,176040.3437500000,184464.3125000000,165943.3125000000,165322.4531250000,132552.8593750000,120658.2734375000,132431.2187500000,149417.8437500000,,,
6.2159999900,48,175629.1718750000,194614.4375000000,165301.9062500000,164381.1562500000,131624.2812500000,119761.8593750000,131430.3750000000,152368.3437500000,,,
6.2199999900,48,175506.7812500000,210801.0625000000,165169.9375000000,164127.0156250000,131426.0000000000,119541.1406250000,131187.3750000000,154510.6250000000,,,
6.2239999899,48,175807.7812500000,211707.3437500000,165634.2343750000,164754.4687500000,132064.5000000000,120143.6406250000,131868.3906250000,153313.0000000000,,,
6.2279999899,48,176168.2031250000,196659.7500000000,166142.4375000000,165513.5156250000,132783.4218750000,120848.8750000000,132654.6718750000,150368.0156250000,,,
6.2319999901,48,176099.8906250000,184462.5625000000,166001.1875000000,165378.1406250000,132608.6718750000,120703.1250000000,132485.6093750000,149464.2656250000,,,
6.2359999900,48,175655.9687500000,194553.5781250000,165328.4375000000,164406.3750000000,131651.9218750000,119780.5234375000,131462.0781250000,152385.3281250000,,,
6.2399999900,48,175514.9375000000,210779.0156250000,165178.2656250000,164136.7500000000,131436.8437500000,119545.5078125000,131204.5937500000,154529.5625000000,,,
6.2439999899,48,175815.0937500000,211744.9062500000,165639.0625000000,164768.6875000000,132073.4062500000,120146.8593750000,131877.0000000000,153342.4687500000,,,
6.2479999899,48,176159.9218750000,196729.9531250000,166132.2343750000,165510.5625000000,132778.8281250000,120839.6484375000,132650.4843750000,150384.1875000000,,,
6.2519999899,48,176074.1718750000,184467.7656250000,165978.5000000000,165352.0625000000,132591.8593750000,120684.4296875000,132472.5312500000,149442.4843750000,,,
6.2559999900,48,175646.9687500000,194466.2656250000,165323.8750000000,164391.6250000000,131650.7187500000,119780.8984375000,131460.3437500000,152359.5312500000,,,
6.2599999900,48,175507.6406250000,210725.5468750000,165175.6875000000,164122.9375000000,131435.3906250000,119543.9765625000,131198.6875000000,154514.7343750000,,,
6.2639999900,48,175800.5312500000,211791.2500000000,165631.2031250000,164749.2343750000,132064.7812500000,120137.1250000000,131862.8593750000,153332.6093750000,,,
6.2679999899,48,176146.6406250000,196829.5156250000,166124.2500000000,165498.7812500000,132770.3593750000,120828.1406250000,132638.2343750000,150368.4375000000,,,
6.2719999899,49,176060.7343750000,184453.9062500000,165966.9687500000,165350.5156250000,132580.2968750000,120668.8437500000,132460.7031250000,149401.4531250000,,,
6.2759999898,49,175642.6875000000,194371.5625000000,165320.2500000000,164397.2031250000,131646.2656250000,119772.1328125000,131463.4843750000,152322.1562500000,,,
6.2799999898,49,175503.0000000000,210664.9062500000,165167.8750000000,164137.4843750000,131425.1562500000,119531.1562500000,131202.8437500000,154497.4843750000,,,
6.2839999897,49,175799.0312500000,211848.4375000000,165626.9062500000,164763.4062500000,132053.0468750000,120126.4453125000,131867.5781250000,153345.9375000000,,,
6.2879999897,49,176144.7968750000,196955.5468750000,166120.9218750000,165509.9218750000,132761.4218750000,120825.2968750000,132643.0312500000,150389.7968750000,,,
6.2919999897,49,176056.2812500000,184473.5937500000,165963.0468750000,165363.2812500000,132576.4843750000,120676.0312500000,132467.0312500000,149398.2343750000,,,
6.2959999898,49,175637.4843750000,194310.3750000000,165315.5312500000,164404.3125000000,131643.1250000000,119780.8437500000,131464.3593750000,152313.3125000000,,,
6.2999999898,49,175503.4843750000,210633.1250000000,165165.9218750000,164122.4687500000,131424.5000000000,119538.3984375000,131201.5000000000,154502.9843750000,,,
6.3039999898,49,175788.1875000000,211898.1093750000,165608.5468750000,164720.0781250000,132037.8437500000,120113.3828125000,131851.6406250000,153352.6093750000,,,
6.3079999897,49,176144.0156250000,197044.8437500000,166117.0000000000,165476.2500000000,132760.1875000000,120816.5781250000,132646.3906250000,150398.7812500000,,,
6.3119999897,49,176080.9843750000,184493.8437500000,165991.2343750000,165356.6250000000,132606.6875000000,120687.2968750000,132503.8750000000,149410.4843750000,,,
6.3159999899,49,175654.7812500000,194230.7500000000,165335.8437500000,164406.3750000000,131668.0781250000,119791.0625000000,131496.9218750000,152310.4062500000,,,
6.3199999898,49,175497.4375000000,210586.8593750000,165162.1718750000,164117.9843750000,131424.6875000000,119535.4765625000,131208.5000000000,154503.3281250000,,,
6.3239999898,49,175782.8593750000,211913.0781250000,165608.6718750000,164739.0781250000,132040.9843750000,120117.0859375000,131854.6562500000,153365.3281250000,,,
6.3279999897,49,176134.9843750000,197097.7812500000,166109.6250000000,165489.5312500000,132754.9843750000,120820.4453125000,132637.4062500000,150413.1562500000,,,
6.3319999897,49,176064.1875000000,184518.5937500000,165974.0781250000,165357.3750000000,132595.2031250000,120691.8828125000,132497.8750000000,149405.5781250000,,,
6.3359999896,49,175650.5468750000,194168.0312500000,165329.8906250000,164407.7187500000,131665.4687500000,119802.2734375000,131500.4843750000,152301.1406250000,,,
6.3399999898,49,175496.6875000000,210555.7187500000,165157.6093750000,164114.2812500000,131419.7812500000,119538.2968750000,131208.2968750000,154506.4687500000,,,
6.3439999898,49,175780.2343750000,211923.0000000000,165602.3125000000,164727.0312500000,132032.6406250000,120118.1328125000,131856.6875000000,153368.7031250000,,,
6.3479999898,49,176135.4531250000,197124.9062500000,166111.9687500000,165486.4687500000,132753.2187500000,120821.6484375000,132646.6250000000,150414.3593750000,,,
6.3519999897,49,176064.4843750000,184507.6562500000,165983.4062500000,165363.5937500000,132598.0781250000,120680.8359375000,132507.1250000000,149389.4843750000,,,
6.3559999897,49,175646.7031250000,194072.3906250000,165332.7812500000,164424.3906250000,131664.0468750000,119786.9375000000,131506.7656250000,152267.7187500000,,,
6.3599999899,49,175497.4687500000,210491.7500000000,165162.4062500000,164124.4218750000,131421.0468750000,119532.0703125000,131217.2812500000,154491.6718750000,,,
6.3639999898,49,175779.9531250000,211946.2343750000,165600.3906250000,164729.9843750000,132029.2343750000,120112.3671875000,131863.8750000000,153373.3437500000,,,
6.3679999898,49,176134.9531250000,197191.0468750000,166104.6718750000,165500.9843750000,132748.0625000000,120816.0468750000,132646.9531250000,150420.0468750000,,,
6.3719999897,49,176069.3125000000,184513.9531250000,165977.9375000000,165366.8125000000,132598.3437500000,120691.9921875000,132508.2031250000,149390.6718750000,,,
6.3759999897,49,175650.0625000000,194007.4218750000,165332.5625000000,164402.4375000000,131667.3281250000,119798.5781250000,131510.0937500000,152264.7656250000,,,
6.3799999896,49,175495.3750000000,210453.0625000000,165158.7031250000,164114.2343750000,131419.0937500000,119529.6015625000,131214.4062500000,154494.3281250000,,,
6.3839999898,49,175777.8906250000,211986.7343750000,165598.2968750000,164727.9218750000,132028.3437500000,120106.3359375000,131860.9218750000,153388.6875000000,,,
6.3879999898,49,176137.3437500000,197286.4531250000,166107.5937500000,165483.8437500000,132752.3593750000,120821.9453125000,132654.2656250000,150440.7187500000,,,
6.3919999897,49,176072.5312500000,184520.9375000000,165983.5156250000,165348.0468750000,132606.2343750000,120700.3359375000,132523.9375000000,149384.5781250000,,,
6.3959999897,49,175637.3125000000,193914.8281250000,165311.7500000000,164385.3437500000,131652.7656250000,119791.9765625000,131503.3125000000,152237.3281250000,,,
6.3999999897,50,175481.7500000000,210403.5781250000,165137.0000000000,164092.3906250000,131401.0625000000,119521.6640625000,131205.8750000000,154481.6875000000,,,
6.4039999896,50,175767.5468750000,212037.1562500000,165580.5156250000,164699.8125000000,132011.2656250000,120094.4531250000,131848.4531250000,153395.4687500000,,,
6.4079999896,50,176129.7968750000,197395.1562500000,166096.4531250000,165467.7500000000,132741.0468750000,120801.0000000000,132644.5937500000,150447.1406250000,,,
6.4119999895,50,176076.3906250000,184563.1718750000,165988.5625000000,165365.5625000000,132611.1875000000,120690.0625000000,132529.3593750000,149382.0625000000,,,
6.4159999895,50,175669.9687500000,193886.2343750000,165357.8906250000,164432.1250000000,131695.4375000000,119809.4921875000,131547.9375000000,152246.6562500000,,,
6.4199999894,50,175498.1406250000,210390.2500000000,165163.2656250000,164127.2656250000,131425.6875000000,119521.6406250000,131234.4375000000,154489.8437500000,,,
6.4239999896,50,175771.2500000000,212087.2656250000,165589.2500000000,164712.7031250000,132021.0000000000,120091.3359375000,131868.4375000000,153410.5156250000,,,
6.4279999896,50,176121.3593750000,197471.3125000000,166089.8281250000,165467.2968750000,132738.7031250000,120802.5234375000,132654.6718750000,150456.9062500000,,,
6.4319999896,50,176063.6250000000,184564.5937500000,165972.8906250000,165361.9062500000,132602.6875000000,120684.6953125000,132532.4375000000,149367.4062500000,,,
6.4359999895,50,175646.0312500000,193789.6250000000,165325.8281250000,164413.2343750000,131671.4531250000,119787.2031250000,131537.3125000000,152206.9843750000,,,
6.4399999895,50,175489.8281250000,210329.2812500000,165150.4218750000,164103.9062500000,131415.5156250000,119511.7109375000,131238.0625000000,154475.4687500000,,,
6.4439999897,50,175775.6406250000,212108.9375000000,165595.7968750000,164711.8281250000,132023.7968750000,120088.3359375000,131882.2500000000,153419.2343750000,,,
6.4479999896,50,176120.2031250000,197537.4531250000,166093.5937500000,165476.6562500000,132736.8906250000,120793.2187500000,132664.5156250000,150460.6250000000,,,
6.4519999896,50,176063.8125000000,184573.0781250000,165984.5312500000,165380.1562500000,132610.8750000000,120688.8046875000,132555.2187500000,149355.5781250000,,,
6.4559999895,50,175648.6718750000,193702.8125000000,165335.8437500000,164434.4843750000,131681.0000000000,119797.8750000000,131560.5937500000,152190.6562500000,,,
6.4599999895,50,175495.7500000000,210289.4062500000,165156.0312500000,164118.6562500000,131421.2656250000,119523.7812500000,131255.4687500000,154484.3750000000,,,
6.4639999894,50,175789.7500000000,212263.3750000000,165601.4531250000,164710.9375000000,132028.7500000000,120102.2812500000,131898.9375000000,153471.0781250000,,,
6.4679999896,50,176142.7500000000,197828.3125000000,166111.4531250000,165488.0781250000,132755.7187500000,120813.4687500000,132697.4062500000,150519.0781250000,,,
6.4719999896,50,176078.8593750000,184634.1250000000,165993.6250000000,165402.4687500000,132625.3593750000,120706.8828125000,132582.3125000000,149360.5156250000,,,
6.4759999895,50,175659.0468750000,193662.5937500000,165350.1875000000,164436.9531250000,131694.8125000000,119806.5156250000,131587.4531250000,152180.6718750000,,,
6.4799999895,50,175509.6718750000,210274.2968750000,165175.6093750000,164108.6718750000,131437.7343750000,119540.8125000000,131282.7031250000,154493.9531250000,,,
6.4839999895,50,175773.7343750000,212221.0781250000,165589.8437500000,164698.2812500000,132018.1093750000,120091.1250000000,131894.8281250000,153451.7968750000,,,
6.4879999897,50,176111.3437500000,197742.1875000000,166083.9375000000,165468.4531250000,132730.9218750000,120782.6796875000,132671.7656250000,150478.8437500000,,,
6.4919999896,50,176060.5937500000,184610.4843750000,165979.6562500000,165370.5468750000,132613.0937500000,120693.3359375000,132570.0468750000,149337.5937500000,,,
6.4959999896,50,175649.7343750000,193573.2031250000,165337.6562500000,164420.1406250000,131686.4218750000,119809.2500000000,131583.9375000000,152156.8593750000,,,
6.4999999895,50,175494.6250000000,210206.4687500000,165155.2656250000,164098.4531250000,131420.7031250000,119532.0703125000,131273.9218750000,154474.3906250000,,,
6.5039999895,50,175772.9062500000,212149.1093750000,165589.8437500000,164691.8750000000,132020.1093750000,120096.7031250000,131907.7656250000,153439.8906250000,,,
6.5079999894,50,176139.6406250000,197669.7187500000,166110.4687500000,165467.1562500000,132755.3593750000,120815.3984375000,132706.1718750000,150501.5781250000,,,
6.5119999896,50,176096.7031250000,184627.8125000000,166016.8281250000,165400.3437500000,132645.2812500000,120721.5781250000,132608.9687500000,149374.6875000000,,,
6.5159999896,50,175682.5468750000,193529.7968750000,165371.4531250000,164456.4218750000,131717.8906250000,119829.3437500000,131616.4375000000,152176.4687500000,,,
6.5199999895,50,175507.7187500000,210186.3281250000,165167.9843750000,164110.4218750000,131431.1093750000,119525.3671875000,131279.7500000000,154485.2031250000,,,
6.5239999895,50,175776.7656250000,212190.7343750000,165594.1406250000,164696.0781250000,132023.5000000000,120087.0234375000,131907.2812500000,153453.2500000000,,,
6.5279999895,51,176137.0156250000,197740.0156250000,166111.0781250000,165470.5468750000,132755.4687500000,120805.8515625000,132707.9687500000,150508.3750000000,,,
6.5319999894,51,176085.9218750000,184630.6406250000,166008.6250000000,165390.2812500000,132638.9531250000,120713.4531250000,132609.1093750000,149361.5156250000,,,
6.5359999894,51,175677.5000000000,193440.3437500000,165369.2343750000,164454.2187500000,131715.9218750000,119829.4218750000,131621.3281250000,152157.7343750000,,,
6.5399999893,51,175509.2500000000,210128.2812500000,165167.2968750000,164123.2968750000,131430.7343750000,119527.9375000000,131286.9687500000,154486.6562500000,,,
6.5439999893,51,175777.6875000000,212238.5625000000,165589.0468750000,164707.3906250000,132016.2343750000,120084.3125000000,131905.1875000000,153474.5156250000,,,
6.5479999892,51,176147.8750000000,197856.2343750000,166120.8750000000,165480.9531250000,132762.9531250000,120814.6484375000,132719.1875000000,150537.5468750000,,,
6.5519999894,51,176100.0312500000,184647.3125000000,166018.3750000000,165416.8906250000,132649.5000000000,120727.2890625000,132621.0156250000,149369.7187500000,,,
6.5559999894,51,175666.7187500000,193363.5000000000,165346.3750000000,164459.5312500000,131699.5312500000,119827.7578125000,131606.5937500000,152140.4375000000,,,
6.5599999893,51,175500.2031250000,210081.0468750000,165150.4687500000,164128.1406250000,131418.3593750000,119528.6406250000,131275.0781250000,154485.4218750000,,,
6.5639999893,51,175771.5937500000,212331.1562500000,165582.1250000000,164701.0937500000,132010.3750000000,120078.5703125000,131901.0000000000,153501.0937500000,,,
6.5679999893,51,176124.4375000000,198056.6406250000,166098.3437500000,165464.6406250000,132743.9062500000,120791.9609375000,132708.5000000000,150551.8750000000,,,
6.5719999894,51,176090.7968750000,184702.2500000000,166013.1718750000,165410.3281250000,132650.7812500000,120724.9296875000,132630.5312500000,149353.7812500000,,,
6.5759999894,51,175682.6562500000,193316.5156250000,165373.3437500000,164464.6562500000,131729.0468750000,119838.0312500000,131639.8593750000,152131.3750000000,,,
6.5799999894,51,175500.1250000000,210054.3593750000,165158.0625000000,164117.3906250000,131427.4843750000,119520.0781250000,131288.7656250000,154478.4375000000,,,
6.5839999893,51,175764.4531250000,212365.7500000000,165576.4375000000,164687.9218750000,132006.2968750000,120066.9609375000,131900.6718750000,153497.9687500000,,,
6.5879999893,51,176138.3281250000,198125.0468750000,166106.8437500000,165469.4062500000,132754.6875000000,120799.5468750000,132714.8906250000,150565.3125000000,,,
6.5919999892,51,176101.6093750000,184713.1406250000,166020.8750000000,165399.4375000000,132661.2187500000,120731.1562500000,132637.0000000000,149352.2812500000,,,
6.5959999894,51,175690.4843750000,193246.3750000000,165377.3593750000,164458.6250000000,131735.0312500000,119848.2265625000,131641.7343750000,152118.2656250000,,,
6.5999999894,51,175518.6875000000,210012.6562500000,165171.0781250000,164120.7187500000,131440.2031250000,119543.4140625000,131297.3437500000,154489.5468750000,,,
6.6039999893,51,175777.2031250000,212356.4687500000,165585.8437500000,164698.7656250000,132015.1875000000,120075.3281250000,131905.9843750000,153505.3593750000,,,
6.6079999893,51,176143.7500000000,198112.7812500000,166112.7968750000,165479.5781250000,132759.2812500000,120795.5546875000,132716.1250000000,150559.3125000000,,,
6.6119999893,51,176108.0156250000,184708.8750000000,166029.8281250000,165422.6093750000,132671.0312500000,120726.1406250000,132643.2187500000,149343.2500000000,,,
6.6159999894,51,175684.8437500000,193159.8437500000,165375.5937500000,164476.6718750000,131736.7656250000,119837.7109375000,131645.6875000000,152090.4687500000,,,
6.6199999894,51,175508.3125000000,209951.6250000000,165166.2500000000,164120.9062500000,131437.0781250000,119529.2031250000,131300.7968750000,154469.5312500000,,,
6.6239999894,51,175778.7500000000,212337.6093750000,165591.8593750000,164689.6406250000,132020.7343750000,120079.0000000000,131918.9375000000,153507.8281250000,,,
6.6279999893,51,176139.5625000000,198117.0468750000,166111.2343750000,165461.5468750000,132756.4062500000,120791.9609375000,132722.7187500000,150567.1406250000,,,
6.6319999893,51,176098.5000000000,184717.5625000000,166017.4218750000,165404.6093750000,132656.7343750000,120721.0390625000,132635.8906250000,149343.7031250000,,,
6.6359999892,51,175682.1718750000,193083.2968750000,165368.6093750000,164462.8125000000,131727.3593750000,119836.8203125000,131638.9687500000,152078.1562500000,,,
6.6399999894,51,175514.5781250000,209904.0937500000,165168.7968750000,164109.8281250000,131435.1875000000,119527.5078125000,131296.6406250000,154475.9687500000,,,
6.6439999894,51,175768.8750000000,212384.1718750000,165578.0625000000,164678.3750000000,132002.8437500000,120062.1015625000,131899.4375000000,153519.4687500000,,,
6.6479999893,51,176134.0156250000,198232.2187500000,166101.1562500000,165472.5000000000,132743.8281250000,120791.9296875000,132710.1718750000,150585.8593750000,,,
6.6519999893,51,176105.4687500000,184734.1718750000,166028.5156250000,165433.9843750000,132666.3125000000,120731.5000000000,132646.0937500000,149343.3593750000,,,
6.6559999892,52,175678.9531250000,193006.2656250000,165371.4375000000,164460.9218750000,131729.9843750000,119836.5312500000,131643.8750000000,152060.0625000000,,,
6.6599999892,52,175511.6875000000,209856.7343750000,165168.0156250000,164116.7187500000,131435.6093750000,119528.4765625000,131300.5625000000,154474.5000000000,,,
6.6639999892,52,175771.6250000000,212415.1093750000,165583.6718750000,164686.8750000000,132011.4531250000,120063.3359375000,131914.3906250000,153533.4531250000,,,
6.6679999891,52,176127.1250000000,198301.2187500000,166098.7968750000,165457.6875000000,132745.3281250000,120782.4921875000,132718.9062500000,150587.9062500000,,,
6.6719999891,52,176110.8593750000,184747.6093750000,166039.3281250000,165422.4687500000,132681.6875000000,120737.6171875000,132673.2031250000,149341.9062500000,,,
6.6759999890,52,175697.4218750000,192928.0781250000,165393.9062500000,164477.6406250000,131756.7500000000,119851.3046875000,131683.4531250000,152057.4843750000,,,
6.6799999892,52,175505.4843750000,209798.8750000000,165160.2343750000,164125.6875000000,131430.8281250000,119517.3984375000,131305.7968750000,154462.8125000000,,,
6.6839999892,52,175752.6093750000,212431.3281250000,165561.2187500000,164682.7968750000,131987.9375000000,120039.8906250000,131892.6093750000,153524.9218750000,,,
6.6879999891,52,176122.6093750000,198379.9375000000,166089.3281250000,165460.8281250000,132732.7187500000,120776.5625000000,132703.1406250000,150600.2343750000,,,
6.6919999891,52,176099.2812500000,184757.6093750000,166023.4531250000,165419.2500000000,132663.7656250000,120730.4531250000,132653.6562500000,149334.3125000000,,,
6.6959999891,52,175683.6406250000,192852.2812500000,165377.4687500000,164485.7187500000,131737.1718750000,119842.2656250000,131662.3906250000,152033.2343750000,,,
6.6999999892,52,175503.6406250000,209743.4375000000,165162.6250000000,164121.5156250000,131425.7187500000,119517.7734375000,131301.7343750000,154457.0156250000,,,
6.7039999892,52,175767.3593750000,212456.8125000000,165575.1250000000,164693.2343750000,131996.4062500000,120062.7734375000,131905.3125000000,153556.4375000000,,,
6.7079999892,52,176131.6562500000,198444.0937500000,166098.8281250000,165474.2656250000,132741.1406250000,120791.5000000000,132718.2343750000,150627.9375000000,,,
6.7119999891,52,176101.6406250000,184775.9218750000,166024.9062500000,165422.1562500000,132667.2812500000,120738.8750000000,132662.7187500000,149337.8750000000,,,
6.7159999891,52,175680.0468750000,192787.1250000000,165370.6562500000,164465.3750000000,131734.5468750000,119852.4062500000,131666.2031250000,152020.8906250000,,,
6.7199999890,52,175507.6093750000,209709.7812500000,165163.9843750000,164102.0781250000,131430.1718750000,119529.6562500000,131313.4687500000,154459.8281250000,,,
6.7239999892,52,175771.1406250000,212486.8750000000,165576.8281250000,164682.8593750000,132000.4062500000,120070.0703125000,131916.3437500000,153565.7343750000,,,
6.7279999892,52,176131.2500000000,198520.7500000000,166097.9062500000,165466.3281250000,132739.7500000000,120788.5000000000,132725.8281250000,150630.8906250000,,,
6.7319999891,52,176102.7031250000,184804.6562500000,166027.1250000000,165440.2812500000,132670.4218750000,120741.2343750000,132676.4531250000,149326.3281250000,,,
6.7359999891,52,175688.0468750000,192720.9062500000,165383.0937500000,164493.4843750000,131746.6093750000,119859.7265625000,131690.9531250000,152004.6875000000,,,
6.7399999890,52,175497.0468750000,209655.1875000000,165154.1406250000,164115.7812500000,131419.2187500000,119518.9843750000,131313.0625000000,154445.1250000000,,,
6.7439999892,52,175764.2187500000,212506.1875000000,165573.2968750000,164690.6875000000,131992.8906250000,120053.6562500000,131914.1093750000,153563.8437500000,,,
6.7479999892,52,176134.0625000000,198587.8281250000,166102.2343750000,165467.4843750000,132741.9531250000,120788.9531250000,132730.4531250000,150639.5312500000,,,
6.7519999892,52,176103.8125000000,184824.8593750000,166029.0000000000,165440.2031250000,132672.8281250000,120748.4765625000,132677.2343750000,149320.1718750000,,,
6.7559999891,52,175693.1875000000,192652.0781250000,165387.8437500000,164499.7343750000,131753.9375000000,119866.6796875000,131691.0937500000,151987.2343750000,,,
6.7599999891,52,175510.5781250000,209615.9843750000,165164.5781250000,164117.8437500000,131432.1562500000,119527.4296875000,131319.9531250000,154445.6093750000,,,
6.7639999890,52,175769.8281250000,212522.8281250000,165577.1875000000,164672.6093750000,132003.1406250000,120059.4218750000,131927.2656250000,153572.4687500000,,,
6.7679999892,52,176141.5781250000,198645.5781250000,166109.9531250000,165457.0156250000,132757.3281250000,120795.7421875000,132746.9218750000,150656.8281250000,,,
6.7719999892,52,176128.4375000000,184853.7187500000,166062.3750000000,165437.7031250000,132713.0625000000,120760.3593750000,132713.9843750000,149338.2343750000,,,
6.7759999891,52,175706.8125000000,192600.0156250000,165410.5312500000,164512.9062500000,131781.7968750000,119864.6953125000,131727.5625000000,151982.1875000000,,,
6.7799999891,52,175515.1250000000,209568.9062500000,165172.2031250000,164131.9843750000,131443.7656250000,119528.4765625000,131340.5468750000,154447.4843750000,,,
6.7839999890,53,175769.7656250000,212558.2812500000,165576.5625000000,164681.2968750000,132002.1250000000,120062.9843750000,131927.9062500000,153591.6562500000,,,
6.7879999890,53,176141.2500000000,198741.6875000000,166108.0468750000,165466.9687500000,132753.0000000000,120797.8359375000,132745.6562500000,150678.4531250000,,,
6.7919999890,53,176126.4687500000,184884.4531250000,166054.4843750000,165447.0156250000,132705.1250000000,120766.4531250000,132715.4062500000,149338.6875000000,,,
6.7959999889,53,175714.7812500000,192530.8906250000,165412.7343750000,164514.6250000000,131783.7343750000,119880.4921875000,131729.8750000000,151978.2187500000,,,
6.7999999889,53,175526.0625000000,209523.4218750000,165181.3125000000,164122.1875000000,131450.6250000000,119534.5156250000,131342.8281250000,154454.3281250000,,,
6.8039999888,53,175783.3125000000,212587.9218750000,165588.4687500000,164675.9687500000,132013.4375000000,120061.2968750000,131929.1875000000,153609.5156250000,,,
6.8079999890,53,176152.2500000000,198823.2187500000,166118.3437500000,165458.7343750000,132764.3281250000,120795.3671875000,132743.2343750000,150697.4375000000,,,
6.8119999890,53,176135.5156250000,184918.5156250000,166063.1250000000,165441.7031250000,132714.6250000000,120772.4609375000,132719.3750000000,149347.1093750000,,,
6.8159999889,53,175712.3125000000,192479.4687500000,165410.7187500000,164507.2968750000,131783.5937500000,119886.2031250000,131730.1718750000,151969.5312500000,,,
6.8199999889,53,175519.0312500000,209488.3593750000,165176.0625000000,164123.0468750000,131445.0312500000,119535.7421875000,131341.5156250000,154450.8906250000,,,
6.8239999888,53,175767.2968750000,212608.3906250000,165576.6250000000,164680.2500000000,131999.1875000000,120052.7187500000,131922.3281250000,153603.9375000000,,,
6.8279999890,53,176138.1718750000,198878.7968750000,166109.3125000000,165485.1562500000,132751.6406250000,120784.5312500000,132741.4375000000,150690.1718750000,,,
6.8319999890,53,176119.6406250000,184944.6718750000,166053.8125000000,165469.4375000000,132703.8125000000,120757.7890625000,132720.9218750000,149321.2500000000,,,
6.8359999890,53,175696.5937500000,192410.3281250000,165400.9062500000,164506.8437500000,131775.0937500000,119873.8906250000,131731.1562500000,151925.5468750000,,,
6.8399999889,53,175507.9843750000,209442.1406250000,165169.0312500000,164108.8906250000,131439.7656250000,119526.5703125000,131340.5781250000,154425.3125000000,,,
6.8439999889,53,175770.0625000000,212644.0625000000,165578.2500000000,164665.1562500000,132004.5625000000,120057.3281250000,131930.6093750000,153611.0468750000,,,
6.8479999888,53,176140.6093750000,198966.9375000000,166111.5000000000,165450.8281250000,132759.3593750000,120791.8750000000,132739.9687500000,150701.2500000000,,,
6.8519999890,53,176130.6093750000,184969.7656250000,166064.4843750000,165442.8906250000,132721.0625000000,120772.6718750000,132724.2500000000,149326.9687500000,,,
6.8559999890,53,175713.5781250000,192354.2187500000,165416.3125000000,164509.0781250000,131795.0312500000,119890.1718750000,131750.2031250000,151928.8906250000,,,
6.8599999889,53,175520.2656250000,209404.5468750000,165179.1250000000,164123.4843750000,131451.2968750000,119535.8281250000,131357.2031250000,154434.9375000000,,,
6.8639999889,53,175771.4062500000,212685.5468750000,165577.9687500000,164674.9687500000,132001.4218750000,120055.9843750000,131936.9218750000,153627.7812500000,,,
6.8679999888,53,176144.1562500000,199062.4218750000,166110.1093750000,165472.6250000000,132754.6875000000,120793.6484375000,132758.1875000000,150723.6250000000,,,
6.8719999890,53,176134.4687500000,185006.2500000000,166068.3750000000,165464.2968750000,132721.5625000000,120781.4687500000,132746.2656250000,149329.2187500000,,,
6.8759999890,53,175718.5937500000,192289.3906250000,165424.8906250000,164522.8125000000,131800.3125000000,119902.9921875000,131761.3906250000,151918.9375000000,,,
6.8799999889,53,175528.8750000000,209352.7968750000,165188.2031250000,164132.0156250000,131455.3281250000,119549.3203125000,131359.0625000000,154442.7187500000,,,
6.8839999889,53,175772.0468750000,212693.6718750000,165579.3281250000,164676.5000000000,131997.0156250000,120054.0546875000,131928.5937500000,153638.1406250000,,,
6.8879999889,53,176135.3281250000,199114.2500000000,166102.2500000000,165449.3281250000,132743.0468750000,120787.3437500000,132743.2187500000,150734.3750000000,,,
6.8919999888,53,176115.8593750000,185014.2656250000,166045.6250000000,165436.9062500000,132700.5625000000,120768.6484375000,132726.6093750000,149318.2968750000,,,
6.8959999890,53,175703.0625000000,192202.2500000000,165404.0156250000,164502.4843750000,131783.3906250000,119891.7031250000,131749.0781250000,151891.4843750000,,,
6.8999999890,53,175502.9687500000,209285.9062500000,165158.3593750000,164096.8750000000,131427.5625000000,119523.7265625000,131338.5156250000,154413.4062500000,,,
6.9039999889,53,175753.4843750000,212691.9375000000,165557.7968750000,164652.2812500000,131978.0000000000,120041.6093750000,131916.7187500000,153625.7343750000,,,
6.9079999889,53,176127.4687500000,199161.5000000000,166095.5781250000,165454.4531250000,132737.0937500000,120779.7265625000,132745.3125000000,150730.1875000000,,,
6.9119999888,54,176116.4375000000,185026.2343750000,166050.5937500000,165460.8906250000,132705.0781250000,120763.9062500000,132733.7656250000,149306.3906250000,,,
6.9159999888,54,175708.2343750000,192112.8750000000,165413.9375000000,164525.0000000000,131793.7343750000,119894.7031250000,131759.5468750000,151869.9687500000,,,
6.9199999887,54,175524.3750000000,209221.9843750000,165182.2031250000,164116.6875000000,131453.0156250000,119544.5156250000,131361.6406250000,154423.2968750000,,,
6.9239999887,54,175774.2187500000,212715.4062500000,165577.0156250000,164662.9062500000,131997.0468750000,120049.0937500000,131925.8125000000,153653.5312500000,,,
6.9279999887,54,176129.3437500000,199239.6093750000,166091.2812500000,165439.9062500000,132735.9687500000,120772.1640625000,132735.0625000000,150746.3906250000,,,
6.9319999886,54,176118.3281250000,185042.7812500000,166053.9531250000,165447.9218750000,132714.9218750000,120764.2500000000,132751.3906250000,149302.9062500000,,,
6.9359999888,54,175709.9531250000,192028.0312500000,165418.3125000000,164529.0000000000,131803.0781250000,119894.8437500000,131782.2343750000,151852.2343750000,,,
6.9399999888,54,175514.4531250000,209168.4843750000,165171.6406250000,164119.3750000000,131442.4218750000,119530.8671875000,131365.4687500000,154410.4687500000,,,
6.9439999887,54,175752.8750000000,212745.9843750000,165557.1718750000,164655.0937500000,131975.5937500000,120032.5156250000,131926.7500000000,153645.1562500000,,,
6.9479999887,54,176111.4843750000,199322.5625000000,166077.7968750000,165443.9843750000,132718.5625000000,120767.5468750000,132736.9687500000,150741.3750000000,,,
6.9519999886,54,176112.6875000000,185075.4843750000,166046.6250000000,165471.8750000000,132703.8906250000,120780.0468750000,132745.0312500000,149296.4687500000,,,
6.9559999888,54,175707.2187500000,191983.0781250000,165413.1406250000,164533.4843750000,131796.9843750000,119912.0859375000,131780.6562500000,151840.9218750000,,,
6.9599999888,54,175520.8281250000,209131.5937500000,165181.2656250000,164116.6875000000,131452.2968750000,119553.7421875000,131387.5937500000,154417.8281250000,,,
6.9639999887,54,175768.2187500000,212775.0000000000,165573.8281250000,164662.5468750000,131995.6250000000,120061.4843750000,131960.7656250000,153679.1718750000,,,
6.9679999887,54,176137.2031250000,199408.3750000000,166103.6406250000,165464.9062500000,132749.8906250000,120801.2421875000,132785.8125000000,150791.6406250000,,,
6.9719999887,54,176147.6875000000,185118.9531250000,166082.9375000000,165493.2812500000,132747.6093750000,120830.1250000000,132806.0625000000,149344.5312500000,,,
6.9759999886,54,175734.5000000000,191934.2031250000,165443.5312500000,164558.0468750000,131836.0312500000,119957.0703125000,131840.2500000000,151865.6562500000,,,
6.9799999888,54,175547.0312500000,209099.1718750000,165207.0156250000,164136.3593750000,131485.2343750000,119598.8046875000,131442.7500000000,154447.3593750000,,,
6.9839999888,54,175784.5781250000,212820.9218750000,165590.1718750000,164656.1718750000,132019.9062500000,120113.6015625000,132015.9843750000,153718.7812500000,,,
6.9879999887,54,176161.7500000000,199519.3437500000,166129.3125000000,165456.9062500000,132784.0625000000,120871.3281250000,132855.7656250000,150847.5625000000,,,
6.9919999887,54,176154.9843750000,185179.1406250000,166093.7812500000,165476.3125000000,132769.2343750000,120878.9687500000,132867.7500000000,149366.4531250000,,,
6.9959999886,54,175747.0156250000,191881.2343750000,165463.9687500000,164541.8281250000,131867.2343750000,120012.0781250000,131910.8906250000,151872.0937500000,,,
6.9999999888,54,175556.1875000000,209057.4687500000,165221.7187500000,164119.1875000000,131510.7343750000,119638.6875000000,131496.3593750000,154465.2968750000,,,
7.0039999888,54,175790.3906250000,212842.5156250000,165598.7500000000,164647.4218750000,132036.5625000000,120133.1015625000,132057.3750000000,153742.1718750000,,,
7.0079999887,54,176157.1562500000,199567.0000000000,166126.6093750000,165445.4062500000,132790.0156250000,120877.5781250000,132889.6093750000,150856.8125000000,,,
7.0119999887,54,176152.5781250000,185174.7187500000,166094.2812500000,165467.1093750000,132780.5000000000,120891.7656250000,132906.7968750000,149360.9531250000,,,
7.0159999887,54,175749.5468750000,191795.2968750000,165463.7031250000,164548.6718750000,131875.8906250000,120031.9843750000,131939.6718750000,151861.6875000000,,,
7.0199999886,54,175553.8281250000,208978.9062500000,165216.7031250000,164123.2656250000,131509.4531250000,119655.3750000000,131520.0937500000,154458.1875000000,,,
7.0239999888,54,175804.4218750000,212834.2500000000,165615.6718750000,164659.6562500000,132055.3906250000,120162.3906250000,132094.6562500000,153760.5468750000,,,
7.0279999888,54,176167.6250000000,199615.0156250000,166142.8906250000,165458.5000000000,132808.2031250000,120892.0078125000,132916.4843750000,150876.3125000000,,,
7.0319999887,54,176162.3906250000,185189.8750000000,166110.7343750000,165498.1093750000,132796.3281250000,120896.2734375000,132925.9531250000,149365.8281250000,,,
7.0359999887,54,175758.5781250000,191713.5781250000,165481.5625000000,164580.1562500000,131891.1562500000,120029.4609375000,131956.9531250000,151847.4843750000,,,
7.0399999886,55,175555.7500000000,208933.4062500000,165222.9375000000,164144.0781250000,131509.7500000000,119642.0390625000,131514.6875000000,154453.9062500000,,,
7.0439999886,55,175784.5156250000,212941.2187500000,165592.2656250000,164652.6250000000,132021.3281250000,120125.0781250000,132044.5312500000,153770.7656250000,,,
7.0479999885,55,176149.9687500000,199905.5468750000,166116.8125000000,165450.3750000000,132768.9062500000,120858.2343750000,132853.9843750000,150904.1875000000,,,
7.0519999885,55,176157.6093750000,185288.0156250000,166100.0000000000,165491.3281250000,132774.8125000000,120885.6250000000,132886.2500000000,149356.2500000000,,,
7.0559999885,55,175750.9062500000,191678.6562500000,165467.9062500000,164575.1718750000,131866.1875000000,120011.8125000000,131921.0156250000,151822.2500000000,,,
7.0599999884,55,175538.6718750000,208892.3750000000,165198.0312500000,164125.6250000000,131476.5625000000,119608.8593750000,131471.0937500000,154431.6093750000,,,
7.0639999886,55,175779.2031250000,213060.3593750000,165579.2500000000,164633.8281250000,132001.3437500000,120099.8125000000,132016.6093750000,153792.5156250000,,,
7.0679999886,55,176159.8125000000,200181.5468750000,166128.0781250000,165444.2343750000,132776.9531250000,120849.2812500000,132855.0000000000,150949.2968750000,,,
7.0719999885,55,176167.2187500000,185365.1093750000,166114.3437500000,165494.0312500000,132794.5000000000,120876.7968750000,132893.6250000000,149354.0312500000,,,
7.0759999885,55,175756.4687500000,191631.3593750000,165472.6250000000,164565.4062500000,131877.6093750000,119995.7734375000,131914.7656250000,151805.4062500000,,,
7.0799999884,55,175539.0937500000,208845.4843750000,165196.8437500000,164115.0000000000,131478.2812500000,119581.5312500000,131456.7656250000,154417.6875000000,,,
7.0839999886,55,175771.0625000000,212961.0625000000,165569.5156250000,164618.1406250000,131995.9687500000,120066.8750000000,131995.7031250000,153761.6562500000,,,
7.0879999886,55,176149.2187500000,199978.9062500000,166113.0625000000,165427.7031250000,132763.9687500000,120818.7812500000,132824.7187500000,150910.7031250000,,,
7.0919999885,55,176166.5937500000,185302.2812500000,166108.4531250000,165490.1406250000,132786.7656250000,120856.6796875000,132870.8906250000,149350.5625000000,,,
7.0959999885,55,175762.2031250000,191508.5156250000,165475.3125000000,164576.6875000000,131881.9843750000,119993.1718750000,131909.2343750000,151794.0312500000,,,
7.0999999885,55,175553.5625000000,208751.5000000000,165209.9843750000,164130.5156250000,131490.0781250000,119589.8984375000,131457.4687500000,154428.5468750000,,,
7.1039999884,55,175755.0156250000,212837.5781250000,165549.8281250000,164631.2812500000,131976.8593750000,120049.8750000000,131967.5156250000,153738.4218750000,,,
7.1079999886,55,176127.8125000000,199755.1875000000,166089.0000000000,165439.0468750000,132737.9062500000,120793.2968750000,132795.0937500000,150864.5625000000,,,
7.1119999886,55,176147.7656250000,185234.4218750000,166088.3281250000,165494.9687500000,132759.0312500000,120827.6562500000,132837.7343750000,149327.9843750000,,,
7.1159999885,55,175756.6250000000,191404.8437500000,165472.9062500000,164592.3281250000,131872.7812500000,119976.3828125000,131891.5000000000,151765.3281250000,,,
7.1199999885,55,175538.2343750000,208669.4062500000,165193.0937500000,164136.7343750000,131468.5000000000,119562.7812500000,131431.8281250000,154399.5000000000,,,
7.1239999884,55,175755.0625000000,212821.8906250000,165553.8750000000,164632.7812500000,131972.5937500000,120033.6718750000,131960.6250000000,153728.1562500000,,,
7.1279999886,55,176123.3437500000,199766.4687500000,166085.5156250000,165433.1718750000,132727.9843750000,120774.2031250000,132780.2343750000,150855.9843750000,,,
7.1319999886,55,176133.6875000000,185231.8437500000,166075.4531250000,165473.5781250000,132743.5312500000,120808.3437500000,132822.6875000000,149309.0468750000,,,
7.1359999885,55,175734.6250000000,191318.7812500000,165455.9531250000,164544.3750000000,131853.1250000000,119954.1718750000,131874.0937500000,151729.3593750000,,,
7.1399999885,55,175521.8281250000,208604.1718750000,165181.1562500000,164104.8437500000,131452.2968750000,119544.7578125000,131415.0156250000,154379.0468750000,,,
7.1439999884,55,175743.1406250000,212877.9531250000,165540.1093750000,164618.4218750000,131956.1406250000,120018.9453125000,131941.2656250000,153736.9687500000,,,
7.1479999884,55,176116.6562500000,199960.5625000000,166078.0000000000,165422.1718750000,132717.6562500000,120762.4296875000,132771.3281250000,150880.4218750000,,,
7.1519999886,55,176137.1562500000,185300.9218750000,166076.2343750000,165487.7812500000,132742.6250000000,120806.1484375000,132823.8437500000,149307.8437500000,,,
7.1559999886,55,175743.9687500000,191275.9375000000,165457.0468750000,164568.9375000000,131850.7343750000,119954.5703125000,131872.5625000000,151717.8125000000,,,
7.1599999885,55,175518.4687500000,208572.9687500000,165168.3281250000,164091.8281250000,131436.2812500000,119530.8906250000,131402.6250000000,154368.6406250000,,,
7.1639999885,55,175741.5312500000,212948.4843750000,165527.3437500000,164598.5781250000,131938.4687500000,120005.3750000000,131932.2187500000,153750.2812500000,,,
7.1679999884,56,176119.4687500000,200139.0937500000,166070.7656250000,165415.9843750000,132704.4218750000,120754.4843750000,132765.4218750000,150906.1406250000,,,
7.1719999884,56,176139.7187500000,185363.8906250000,166075.7812500000,165483.2031250000,132740.0781250000,120801.5078125000,132827.8125000000,149300.7343750000,,,
7.1759999883,56,175741.4218750000,191217.2031250000,165453.4062500000,164567.5000000000,131846.6562500000,119951.4609375000,131876.2656250000,151694.7343750000,,,
7.1799999883,56,175509.7812500000,208518.1250000000,165158.7656250000,164097.8125000000,131424.1875000000,119521.2343750000,131396.1875000000,154353.1250000000,,,
7.1839999883,56,175720.6250000000,212959.6250000000,165512.9218750000,164592.4062500000,131919.2656250000,119984.8515625000,131917.5781250000,153739.2812500000,,,
7.1879999882,56,176098.9062500000,200199.7812500000,166058.3125000000,165409.0312500000,132688.1406250000,120737.6171875000,132755.3593750000,150898.1250000000,,,
7.1919999884,56,176124.1875000000,185385.5156250000,166068.4375000000,165489.6093750000,132731.2500000000,120792.6015625000,132825.5781250000,149286.6250000000,,,
7.1959999884,56,175729.0000000000,191148.6250000000,165446.8281250000,164591.9218750000,131841.8281250000,119941.4062500000,131879.1406250000,151665.7656250000,,,
7.1999999883,56,175510.1562500000,208454.2343750000,165165.6562500000,164123.1562500000,131432.4218750000,119521.6093750000,131415.0156250000,154342.6093750000,,,
7.2039999883,56,175728.5937500000,213069.0312500000,165519.9218750000,164608.5625000000,131925.1406250000,119987.7500000000,131931.2343750000,153775.1718750000,,,
7.2079999882,56,176110.8906250000,200542.7656250000,166071.0937500000,165418.3125000000,132701.9375000000,120749.6093750000,132779.0156250000,150963.4062500000,,,
7.2119999884,56,176120.4687500000,185467.4062500000,166069.4218750000,165502.2500000000,132738.2031250000,120798.3984375000,132847.0937500000,149273.7031250000,,,
7.2159999884,56,175716.0625000000,191077.4062500000,165440.2343750000,164596.2812500000,131837.4531250000,119933.7031250000,131888.8750000000,151629.1562500000,,,
7.2199999883,56,175497.5781250000,208385.5468750000,165156.3437500000,164110.7656250000,131422.6562500000,119511.3359375000,131416.0781250000,154320.1406250000,,,
7.2239999883,56,175722.0312500000,213036.0156250000,165517.1093750000,164602.0468750000,131920.1718750000,119975.9765625000,131936.7500000000,153760.1718750000,,,
7.2279999882,56,176104.7812500000,200497.2656250000,166068.3281250000,165417.0625000000,132695.7187500000,120728.5000000000,132778.5156250000,150940.9062500000,,,
7.2319999882,56,176135.7031250000,185461.6093750000,166087.2812500000,165501.5468750000,132751.8750000000,120801.2421875000,132858.2500000000,149276.7031250000,,,
7.2359999884,56,175735.7812500000,191000.7500000000,165462.0625000000,164595.2031250000,131859.0468750000,119949.9062500000,131909.9062500000,151627.0937500000,,,
7.2399999883,56,175504.0625000000,208336.5156250000,165164.6562500000,164121.6093750000,131431.0156250000,119511.6328125000,131428.9531250000,154317.3281250000,,,
7.2439999883,56,175728.4687500000,212955.2812500000,165531.0000000000,164619.3750000000,131939.1875000000,119986.3828125000,131964.5468750000,153750.3281250000,,,
7.2479999883,56,176112.0156250000,200274.2968750000,166080.2812500000,165424.8281250000,132714.9375000000,120749.2578125000,132807.2031250000,150922.2656250000,,,
7.2519999882,56,176134.0156250000,185439.6718750000,166083.1875000000,165496.8593750000,132752.5781250000,120807.6484375000,132868.3593750000,149289.2500000000,,,
7.2559999884,56,175741.5781250000,190953.0781250000,165463.8593750000,164610.5625000000,131864.8750000000,119962.1328125000,131922.1093750000,151626.9375000000,,,
7.2599999884,56,175517.4843750000,208293.4062500000,165171.5468750000,164138.1718750000,131439.3437500000,119531.7734375000,131435.5625000000,154332.4218750000,,,
7.2639999883,56,175736.9687500000,212950.4218750000,165533.4843750000,164616.1562500000,131940.2343750000,119999.5234375000,131961.4531250000,153769.7500000000,,,
7.2679999883,56,176111.6718750000,200294.5156250000,166079.7031250000,165409.9218750000,132712.7187500000,120747.9140625000,132808.9843750000,150932.1875000000,,,
7.2719999882,56,176137.7187500000,185466.8906250000,166089.0625000000,165483.9218750000,132759.0625000000,120816.1796875000,132875.7343750000,149299.9062500000,,,
7.2759999882,56,175745.3281250000,190890.4531250000,165472.8437500000,164594.6718750000,131876.9687500000,119967.4218750000,131928.3906250000,151621.0312500000,,,
7.2799999884,56,175517.6718750000,208248.7812500000,165174.5781250000,164118.4375000000,131443.6875000000,119524.3750000000,131444.1406250000,154328.5000000000,,,
7.2839999883,56,175734.0156250000,212992.2968750000,165529.5000000000,164605.0156250000,131935.7656250000,119984.5625000000,131960.3281250000,153775.3750000000,,,
7.2879999883,56,176110.5468750000,200420.9687500000,166072.5937500000,165416.1250000000,132704.1406250000,120738.9609375000,132792.0312500000,150949.1406250000,,,
7.2919999883,56,176150.4843750000,185511.0156250000,166098.3437500000,165511.9843750000,132766.6562500000,120821.0859375000,132878.1562500000,149306.1250000000,,,
7.2959999882,57,175765.3437500000,190852.4218750000,165489.1250000000,164617.0625000000,131892.4375000000,119992.7109375000,131947.1875000000,151632.4062500000,,,
7.2999999882,57,175526.9531250000,208221.6093750000,165185.5781250000,164124.6406250000,131453.4531250000,119536.5468750000,131451.0000000000,154340.4687500000,,,
7.3039999881,57,175735.2187500000,213063.0156250000,165534.2343750000,164600.0000000000,131940.5312500000,119985.2578125000,131958.7812500000,153798.7500000000,,,
7.3079999881,57,176121.0000000000,200603.1718750000,166090.5312500000,165414.1562500000,132722.1093750000,120744.1328125000,132809.1718750000,150984.7812500000,,,
7.3119999880,57,176155.6562500000,185578.8281250000,166110.7343750000,165519.5781250000,132780.2031250000,120823.7734375000,132897.3906250000,149306.3437500000,,,
7.3159999880,57,175750.6093750000,190795.0156250000,165476.4375000000,164615.5781250000,131882.3281250000,119974.6640625000,131942.2031250000,151597.9843750000,,,
7.3199999882,57,175522.3281250000,208173.0781250000,165175.8750000000,164117.0468750000,131445.6093750000,119533.8125000000,131447.2812500000,154330.5468750000,,,
7.3239999881,57,175745.7812500000,213086.5468750000,165533.4687500000,164590.1250000000,131940.1406250000,119997.1640625000,131960.0156250000,153818.6406250000,,,
7.3279999881,57,176125.0468750000,200693.4531250000,166081.3125000000,165406.5156250000,132713.1406250000,120748.5625000000,132793.5781250000,151008.0625000000,,,
7.3319999881,57,176152.2968750000,185618.0937500000,166102.1406250000,165521.1562500000,132776.1562500000,120829.8593750000,132876.2812500000,149307.7031250000,,,
7.3359999880,57,175761.1562500000,190729.3281250000,165491.0781250000,164624.4843750000,131899.2500000000,119993.8671875000,131941.7343750000,151593.2187500000,,,
7.3399999882,57,175524.1093750000,208105.5468750000,165180.6250000000,164115.4843750000,131450.9218750000,119542.1562500000,131451.7500000000,154327.0625000000,,,
7.3439999882,57,175736.7031250000,213091.6406250000,165526.4843750000,164590.9843750000,131932.8593750000,120000.6796875000,131967.7656250000,153824.4687500000,,,
7.3479999881,57,176115.0156250000,200744.0937500000,166072.2968750000,165411.2031250000,132705.3437500000,120754.3515625000,132806.0312500000,151017.5625000000,,,
7.3519999881,57,176159.5000000000,185644.0781250000,166106.6718750000,165530.3750000000,132779.9062500000,120838.6562500000,132905.7500000000,149315.0000000000,,,
7.3559999880,57,175762.2812500000,190658.0625000000,165484.2968750000,164622.9375000000,131893.5937500000,119994.8593750000,131959.8125000000,151578.7031250000,,,
7.3599999880,57,175526.6562500000,208046.7500000000,165173.1562500000,164112.9687500000,131444.8593750000,119548.0546875000,131452.5000000000,154325.8750000000,,,
7.3639999882,57,175734.5468750000,213083.5312500000,165518.8437500000,164588.8906250000,131925.8437500000,120000.1171875000,131947.8281250000,153831.7968750000,,,
7.3679999881,57,176105.9218750000,200746.4531250000,166062.7968750000,165395.4375000000,132696.5625000000,120750.1406250000,132786.2343750000,151019.6250000000,,,
7.3719999881,57,176142.5468750000,185652.6875000000,166089.1718750000,165515.3281250000,132765.6093750000,120845.7890625000,132891.0312500000,149313.8750000000,,,
7.3759999881,57,175748.5312500000,190594.6093750000,165477.4531250000,164622.2968750000,131888.5000000000,120002.7968750000,131958.9687500000,151565.1875000000,,,
7.3799999880,57,175510.6875000000,207989.8593750000,165166.3750000000,164126.5312500000,131438.0156250000,119541.8906250000,131438.1250000000,154312.6250000000,,,
7.3839999882,57,175713.1250000000,213091.6406250000,165501.6875000000,164587.9531250000,131909.5312500000,119982.6796875000,131930.7500000000,153821.5937500000,,,
7.3879999882,57,176087.0156250000,200799.2656250000,166042.8750000000,165387.0156250000,132677.0468750000,120735.7109375000,132787.7343750000,151015.1250000000,,,
7.3919999881,57,176126.0468750000,185671.8437500000,166071.7031250000,165494.0156250000,132750.5312500000,120829.7812500000,132893.0468750000,149297.7031250000,,,
7.3959999881,57,175741.2500000000,190521.0312500000,165464.6093750000,164621.9218750000,131881.7187500000,120000.6015625000,131962.2343750000,151544.1406250000,,,
7.3999999880,57,175513.9062500000,207929.6718750000,165166.8593750000,164110.7343750000,131442.9843750000,119554.1171875000,131459.5625000000,154318.8593750000,,,
7.4039999880,57,175715.1093750000,213128.4687500000,165505.9687500000,164561.4375000000,131916.0468750000,119987.5390625000,131952.9218750000,153848.6562500000,,,
7.4079999882,57,176088.0625000000,200972.9062500000,166048.5625000000,165374.7031250000,132685.0937500000,120734.8281250000,132788.3750000000,151053.2031250000,,,
7.4119999881,57,176133.3437500000,185744.1250000000,166088.6875000000,165507.2812500000,132770.8125000000,120833.1875000000,132901.0312500000,149305.0468750000,,,
7.4159999881,57,175749.5156250000,190469.3437500000,165477.6406250000,164631.5156250000,131896.4687500000,120005.9140625000,131970.5468750000,151532.9218750000,,,
7.4199999881,57,175516.2187500000,207871.1718750000,165169.5156250000,164118.0312500000,131443.1718750000,119546.2578125000,131457.8437500000,154307.0000000000,,,
7.4239999880,58,175720.8750000000,213172.0000000000,165509.2968750000,164563.3593750000,131912.1093750000,119980.6718750000,131941.9843750000,153856.7812500000,,,
7.4279999880,58,176102.8437500000,201144.6250000000,166059.8437500000,165379.9687500000,132687.7500000000,120731.8750000000,132775.1093750000,151075.1562500000,,,
7.4319999879,58,176149.7812500000,185791.3593750000,166105.6406250000,165516.9375000000,132782.5312500000,120839.9140625000,132907.5000000000,149299.8750000000,,,
7.4359999879,58,175759.8125000000,190408.2187500000,165493.6406250000,164632.5156250000,131910.9531250000,120012.6406250000,131997.2031250000,151519.6718750000,,,
7.4399999878,58,175520.7812500000,207818.6875000000,165178.6562500000,164121.0156250000,131452.9375000000,119544.4062500000,131480.5156250000,154303.7812500000,,,
7.4439999878,58,175720.7656250000,213178.2812500000,165513.4062500000,164580.0468750000,131916.8750000000,119968.3828125000,131958.5312500000,153860.2500000000,,,
7.4479999880,58,176107.0000000000,201166.2968750000,166071.6250000000,165394.7343750000,132698.5781250000,120726.1640625000,132810.9375000000,151082.7968750000,,,
7.4519999879,58,176170.5625000000,185828.4531250000,166134.0156250000,165536.8750000000,132806.8906250000,120844.8281250000,132955.5312500000,149317.4687500000,,,
7.4559999879,58,175772.0156250000,190359.0625000000,165505.7031250000,164650.9843750000,131918.5468750000,120002.7421875000,132012.4375000000,151511.1406250000,,,
7.4599999879,58,175521.5312500000,207777.6406250000,165178.0468750000,164125.4062500000,131444.3750000000,119521.3984375000,131475.0312500000,154292.8593750000,,,
7.4639999878,58,175726.7187500000,213169.6406250000,165519.0312500000,164576.1562500000,131918.5937500000,119963.5312500000,131959.6562500000,153863.8125000000,,,
7.4679999880,58,176111.0312500000,201145.5312500000,166069.4843750000,165389.9687500000,132696.9687500000,120726.5390625000,132812.6250000000,151089.8750000000,,,
7.4719999880,58,176152.3906250000,185844.8750000000,166105.3125000000,165523.1718750000,132781.5156250000,120829.0781250000,132937.9687500000,149312.8906250000,,,
7.4759999879,58,175757.7500000000,190306.1875000000,165487.2812500000,164650.7031250000,131903.5000000000,119996.0703125000,132008.7656250000,151493.4062500000,,,
7.4799999879,58,175516.7500000000,207740.8125000000,165167.9375000000,164127.6875000000,131436.5156250000,119523.4375000000,131483.7031250000,154292.7812500000,,,
7.4839999878,58,175724.0625000000,213184.7343750000,165511.6875000000,164574.0937500000,131911.1875000000,119964.0703125000,131976.9062500000,153872.4843750000,,,
7.4879999878,58,176101.2656250000,201174.3125000000,166059.7968750000,165381.2187500000,132685.8125000000,120722.5156250000,132816.2500000000,151091.4375000000,,,
7.4919999880,58,176152.8437500000,185876.1718750000,166112.3437500000,165522.2500000000,132786.3906250000,120832.8359375000,132946.7656250000,149314.2031250000,,,
7.4959999879,58,175765.1562500000,190246.1562500000,165503.8281250000,164651.0156250000,131918.1875000000,120008.6484375000,132023.3906250000,151481.5000000000,,,
7.4999999879,58,175506.6718750000,207676.4687500000,165165.2968750000,164110.5000000000,131433.3593750000,119520.1640625000,131474.0937500000,154274.3750000000,,,
7.5039999878,58,175697.8281250000,213183.9062500000,165490.7968750000,164548.4218750000,131890.0000000000,119945.6640625000,131957.0781250000,153857.6250000000,,,
7.5079999878,58,176085.5468750000,201237.2968750000,166048.1875000000,165368.5156250000,132673.7656250000,120710.0468750000,132810.6406250000,151089.0625000000,,,
7.5119999880,58,176151.5312500000,185898.1875000000,166109.3281250000,165522.6562500000,132784.0312500000,120836.4062500000,132950.6093750000,149309.6406250000,,,
7.5159999880,58,175776.4687500000,190171.9687500000,165514.1250000000,164669.6562500000,131929.5937500000,120014.6796875000,132038.1093750000,151471.0625000000,,,
7.5199999879,58,175526.8906250000,207609.5312500000,165183.3750000000,164132.2812500000,131448.6250000000,119524.1328125000,131491.1250000000,154280.0468750000,,,
7.5239999879,58,175724.4843750000,213200.0468750000,165513.9375000000,164576.7968750000,131905.0468750000,119946.8750000000,131963.5781250000,153878.7343750000,,,
7.5279999878,58,176110.8125000000,201347.4843750000,166069.6875000000,165392.4843750000,132687.0781250000,120715.0625000000,132815.4687500000,151118.8906250000,,,
7.5319999878,58,176158.3906250000,185937.3593750000,166116.0468750000,165524.3750000000,132785.9375000000,120830.5546875000,132951.0625000000,149305.9062500000,,,
7.5359999880,58,175768.8281250000,190113.2031250000,165505.6718750000,164655.4375000000,131915.3750000000,120006.9843750000,132028.4375000000,151447.6250000000,,,
7.5399999879,58,175515.7031250000,207562.2656250000,165168.7968750000,164119.5937500000,131429.0937500000,119519.9453125000,131480.3750000000,154268.7968750000,,,
7.5439999879,58,175704.1875000000,213221.9062500000,165490.9218750000,164558.6718750000,131882.0625000000,119943.0937500000,131955.7968750000,153882.1093750000,,,
7.5479999878,58,176074.6250000000,201427.4843750000,166031.0156250000,165373.7343750000,132651.1562500000,120694.5390625000,132794.2500000000,151113.0156250000,,,
7.5519999878,59,176130.0625000000,185969.9687500000,166087.3125000000,165533.8593750000,132763.5468750000,120822.3750000000,132937.9218750000,149289.2500000000,,,
7.5559999878,59,175750.6718750000,190040.3281250000,165488.2656250000,164667.0625000000,131908.0468750000,120005.9921875000,132028.6406250000,151421.2656250000,,,
7.5599999877,59,175498.8437500000,207488.9531250000,165150.5468750000,164117.2031250000,131419.5468750000,119517.3750000000,131479.1718750000,154254.6875000000,,,
7.5639999877,59,175687.4218750000,213233.2812500000,165468.0156250000,164554.2500000000,131865.1406250000,119934.9375000000,131946.0312500000,153886.7812500000,,,
7.5679999876,59,176065.7968750000,201499.7187500000,166019.4531250000,165378.9375000000,132643.6718750000,120691.8046875000,132794.7968750000,151126.4375000000,,,
7.5719999876,59,176133.7656250000,186013.8750000000,166091.1250000000,165538.6406250000,132769.3906250000,120831.8125000000,132954.4843750000,149298.3125000000,,,
7.5759999878,59,175749.5781250000,189988.7187500000,165487.9687500000,164674.7500000000,131905.8281250000,120007.7890625000,132037.0468750000,151406.4062500000,,,
7.5799999877,59,175498.5156250000,207445.0000000000,165151.2187500000,164128.5781250000,131414.7187500000,119514.6640625000,131481.6093750000,154244.8437500000,,,
7.5839999877,59,175703.2968750000,213274.4843750000,165492.2968750000,164572.7968750000,131881.2656250000,119939.0937500000,131954.3437500000,153902.2968750000,,,
7.5879999876,59,176087.8750000000,201629.4062500000,166048.8437500000,165393.4218750000,132666.6562500000,120700.4687500000,132803.0312500000,151157.9218750000,,,
7.5919999876,59,176142.7500000000,186072.5156250000,166102.9531250000,165537.3750000000,132781.0625000000,120831.1718750000,132956.6562500000,149300.1718750000,,,
7.5959999878,59,175753.6718750000,189935.9687500000,165494.3593750000,164660.0312500000,131916.9375000000,120007.4921875000,132047.2031250000,151390.9843750000,,,
7.5999999878,59,175502.9687500000,207391.7031250000,165161.0156250000,164113.6406250000,131428.1562500000,119516.0078125000,131497.4843750000,154239.9687500000,,,
7.6039999877,59,175704.0312500000,213253.7812500000,165492.6093750000,164554.6406250000,131885.2500000000,119942.8515625000,131968.7031250000,153901.2656250000,,,
7.6079999877,59,176099.2812500000,201625.4687500000,166059.6406250000,165382.0468750000,132679.5156250000,120715.8359375000,132827.1406250000,151164.4062500000,,,
7.6119999876,59,176157.5625000000,186073.1875000000,166123.0937500000,165542.6406250000,132800.3125000000,120846.1093750000,132976.7812500000,149303.3281250000,,,
7.6159999876,59,175764.0781250000,189854.9843750000,165511.8437500000,164677.6562500000,131931.7343750000,120021.0937500000,132051.7187500000,151377.7343750000,,,
7.6199999878,59,175508.5781250000,207316.5937500000,165170.6718750000,164135.6093750000,131433.3906250000,119523.6250000000,131497.1875000000,154235.0000000000,,,
7.6239999877,59,175716.7187500000,213253.5312500000,165512.3593750000,164585.5937500000,131898.5312500000,119953.3359375000,131985.8593750000,153917.9375000000,,,
7.6279999877,59,176100.9375000000,201672.3437500000,166064.0000000000,165390.2656250000,132679.1093750000,120715.0859375000,132829.8281250000,151178.8906250000,,,
7.6319999876,59,176143.2343750000,186104.0000000000,166106.3906250000,165526.8906250000,132784.2812500000,120838.2031250000,132965.6562500000,149296.5781250000,,,
7.6359999876,59,175758.8437500000,189790.1562500000,165500.5781250000,164667.4843750000,131924.8125000000,120022.0859375000,132053.4531250000,151361.0781250000,,,
7.6399999878,59,175498.1875000000,207252.6250000000,165151.2968750000,164113.7656250000,131419.1093750000,119509.0312500000,131485.6562500000,154221.2500000000,,,
7.6439999877,59,175690.3750000000,213250.0000000000,165473.3593750000,164545.5312500000,131866.8750000000,119921.0703125000,131947.1875000000,153901.5000000000,,,
7.6479999877,59,176078.4062500000,201705.8281250000,166032.4375000000,165362.0468750000,132654.2656250000,120686.7656250000,132790.2656250000,151166.2031250000,,,
7.6519999877,59,176147.1875000000,186128.4843750000,166107.4062500000,165542.3125000000,132789.4218750000,120836.5390625000,132959.4843750000,149300.6562500000,,,
7.6559999876,59,175768.0468750000,189723.8281250000,165513.8593750000,164699.4843750000,131941.9375000000,120031.8437500000,132073.4687500000,151357.3125000000,,,
7.6599999876,59,175510.8750000000,207205.8281250000,165171.0156250000,164136.3750000000,131437.8125000000,119520.0312500000,131505.4531250000,154233.7187500000,,,
7.6639999878,59,175701.6406250000,213270.5468750000,165491.4531250000,164562.1562500000,131880.7812500000,119924.5078125000,131966.6093750000,153924.5937500000,,,
7.6679999877,59,176094.3906250000,201766.6250000000,166056.7656250000,165388.0937500000,132673.0468750000,120695.5078125000,132827.3750000000,151190.8281250000,,,
7.6719999877,59,176175.5312500000,186167.7343750000,166143.3125000000,165575.2812500000,132819.5000000000,120857.3203125000,133006.6406250000,149324.8750000000,,,
7.6759999876,59,175798.5156250000,189682.9843750000,165548.5937500000,164721.0156250000,131970.3906250000,120051.0234375000,132109.0781250000,151370.8906250000,,,
7.6799999876,60,175519.8437500000,207151.8125000000,165180.0625000000,164119.5156250000,131444.0625000000,119520.0312500000,131520.6562500000,154236.4218750000,,,
7.6839999876,60,175705.8750000000,213291.4687500000,165495.4843750000,164544.6718750000,131883.4375000000,119923.7031250000,131973.1562500000,153940.0468750000,,,
7.6879999875,60,176095.8437500000,201874.5781250000,166056.1250000000,165373.5312500000,132674.9531250000,120696.8984375000,132828.8281250000,151214.8437500000,,,
7.6919999875,60,176172.9531250000,186229.3906250000,166141.2812500000,165558.2187500000,132823.9687500000,120860.9453125000,133015.0000000000,149328.7656250000,,,
7.6959999874,60,175797.0468750000,189647.5000000000,165549.0000000000,164708.7343750000,131978.3281250000,120060.0078125000,132119.4062500000,151358.3593750000,,,
7.6999999874,60,175529.7968750000,207124.3437500000,165191.2968750000,164139.6875000000,131459.8593750000,119539.1796875000,131543.0781250000,154242.7031250000,,,
7.7039999876,60,175695.2500000000,213330.0312500000,165486.3593750000,164539.4375000000,131877.3437500000,119924.3203125000,131981.6875000000,153943.5000000000,,,
7.7079999875,60,176069.6875000000,201993.1718750000,166030.8593750000,165344.9062500000,132650.5625000000,120680.8046875000,132820.7343750000,151210.7031250000,,,
7.7119999875,60,176140.3437500000,186286.2500000000,166109.3906250000,165526.4687500000,132792.2500000000,120838.3593750000,132990.8593750000,149297.7500000000,,,
7.7159999874,60,175768.1562500000,189590.6250000000,165521.5312500000,164683.7968750000,131950.8125000000,120041.3671875000,132096.6093750000,151318.1250000000,,,
7.7199999874,60,175501.9531250000,207051.5781250000,165158.9531250000,164117.5468750000,131426.0000000000,119518.1250000000,131518.2187500000,154210.8906250000,,,
7.7239999876,60,175692.9687500000,213314.5000000000,165473.4375000000,164540.0468750000,131861.6718750000,119924.9609375000,131971.8906250000,153945.8906250000,,,
7.7279999875,60,176083.5000000000,202024.8437500000,166038.8437500000,165357.5625000000,132654.4843750000,120693.3046875000,132827.3281250000,151233.4062500000,,,
7.7319999875,60,176162.7187500000,186307.7187500000,166128.7812500000,165544.2187500000,132811.0156250000,120859.9531250000,133016.0937500000,149319.5312500000,,,
7.7359999875,60,175771.6250000000,189523.2812500000,165518.4218750000,164701.7656250000,131952.6250000000,120048.6406250000,132105.5468750000,151308.9531250000,,,
7.7399999874,60,175503.9375000000,206984.2187500000,165163.4062500000,164133.4843750000,131432.1718750000,119520.2734375000,131520.5000000000,154204.4062500000,,,
7.7439999874,60,175692.4375000000,213318.9531250000,165483.0937500000,164543.1093750000,131871.5156250000,119923.3515625000,131976.2656250000,153951.9843750000,,,
7.7479999876,60,176075.7500000000,202077.8437500000,166042.1250000000,165355.0468750000,132658.5312500000,120689.2578125000,132829.3906250000,151235.9531250000,,,
7.7519999875,60,176143.7500000000,186335.5312500000,166117.3750000000,165548.8281250000,132800.6093750000,120846.7578125000,133006.5468750000,149297.5156250000,,,
7.7559999875,60,175764.3281250000,189457.2656250000,165516.4375000000,164712.1718750000,131948.0468750000,120043.1953125000,132108.4375000000,151277.8906250000,,,
7.7599999874,60,175497.4687500000,206940.5312500000,165154.3906250000,164133.8593750000,131418.0468750000,119514.3671875000,131515.8593750000,154192.0312500000,,,
7.7639999874,60,175679.5312500000,213382.5312500000,165463.4531250000,164540.1562500000,131845.3906250000,119909.1328125000,131957.3750000000,153956.7812500000,,,
7.7679999876,60,176074.5468750000,202278.1250000000,166032.6562500000,165371.0781250000,132643.2187500000,120681.1562500000,132819.8125000000,151267.3750000000,,,
7.7719999875,60,176158.7343750000,186435.0937500000,166128.9687500000,165565.8437500000,132811.2812500000,120858.3671875000,133022.0312500000,149316.5000000000,,,
7.7759999875,60,175778.4375000000,189437.4218750000,165534.0468750000,164721.9375000000,131967.5468750000,120053.9765625000,132126.3125000000,151282.2656250000,,,
7.7799999875,60,175510.8281250000,206911.2187500000,165172.8437500000,164131.9218750000,131440.4687500000,119528.8515625000,131532.5937500000,154206.4062500000,,,
7.7839999874,60,175678.9531250000,213412.5625000000,165465.0937500000,164532.5937500000,131852.0000000000,119907.0468750000,131959.9531250000,153970.9687500000,,,
7.7879999874,60,176068.1093750000,202347.1562500000,166026.7031250000,165363.5000000000,132644.2187500000,120676.0625000000,132817.8281250000,151273.8125000000,,,
7.7919999876,60,176148.0625000000,186474.8750000000,166119.3437500000,165572.2968750000,132810.2187500000,120852.7109375000,133019.6406250000,149307.2031250000,,,
7.7959999875,60,175770.3906250000,189375.2187500000,165526.8593750000,164724.2968750000,131970.4218750000,120054.2421875000,132136.6875000000,151258.1250000000,,,
7.7999999875,60,175496.5312500000,206851.7968750000,165156.0468750000,164113.5625000000,131430.5625000000,119517.0234375000,131535.4375000000,154189.3281250000,,,
7.8039999874,60,175674.4375000000,213385.1718750000,165458.6875000000,164520.2343750000,131849.8750000000,119901.9765625000,131968.4843750000,153967.9843750000,,,
7.8079999874,61,176059.6562500000,202299.1562500000,166011.8125000000,165346.6718750000,132633.1406250000,120666.0312500000,132814.7500000000,151264.4843750000,,,
7.8119999873,61,176143.7500000000,186471.8437500000,166108.3750000000,165537.5156250000,132801.1718750000,120850.8359375000,133014.5156250000,149308.2500000000,,,
7.8159999873,61,175781.7500000000,189309.8750000000,165533.6250000000,164703.7031250000,131978.1875000000,120069.9375000000,132140.5937500000,151262.0781250000,,,
7.8199999873,61,175509.4531250000,206779.7500000000,165166.2500000000,164118.9687500000,131441.4218750000,119528.7421875000,131537.4062500000,154198.1718750000,,,
7.8239999872,61,175691.7968750000,213375.2812500000,165477.4375000000,164534.6093750000,131869.8125000000,119919.6484375000,131976.4843750000,153991.7031250000,,,
7.8279999872,61,176079.8906250000,202328.2500000000,166040.0000000000,165358.9843750000,132660.7656250000,120682.2265625000,132832.3437500000,151287.1562500000,,,
7.8319999874,61,176150.5625000000,186500.7500000000,166124.8593750000,165544.7031250000,132814.4062500000,120848.0937500000,133021.4062500000,149307.3281250000,,,
7.8359999873,61,175778.1562500000,189252.2187500000,165543.0468750000,164709.8125000000,131983.1093750000,120057.1171875000,132147.1718750000,151230.6406250000,,,
7.8399999873,61,175508.2812500000,206716.9062500000,165173.0625000000,164122.3593750000,131443.3906250000,119525.7656250000,131546.8125000000,154178.0625000000,,,
7.8439999872,61,175683.0781250000,213376.3281250000,165469.8750000000,164526.6093750000,131856.6406250000,119914.5546875000,131972.8750000000,153985.5937500000,,,
7.8479999872,61,176063.0156250000,202386.4843750000,166021.2031250000,165338.1406250000,132634.4218750000,120671.3671875000,132817.3437500000,151285.2500000000,,,
7.8519999874,61,176139.3750000000,186515.5781250000,166107.0312500000,165544.4687500000,132791.7031250000,120844.6875000000,133010.5781250000,149297.5156250000,,,
7.8559999873,61,175773.2812500000,189170.8906250000,165526.0937500000,164712.5781250000,131966.3125000000,120058.8046875000,132134.4375000000,151212.6875000000,,,
7.8599999873,61,175503.1562500000,206644.9218750000,165158.6562500000,164123.5937500000,131428.0781250000,119513.6406250000,131528.8125000000,154168.1875000000,,,
7.8639999873,61,175678.7343750000,213392.1250000000,165462.4375000000,164519.4218750000,131848.4218750000,119887.1406250000,131955.8750000000,153985.8750000000,,,
7.8679999872,61,176071.0312500000,202496.8906250000,166026.1093750000,165336.7031250000,132642.6875000000,120662.1953125000,132818.6406250000,151304.1093750000,,,
7.8719999872,61,176155.0625000000,186574.9687500000,166121.9375000000,165548.3281250000,132815.7968750000,120854.4531250000,133034.2656250000,149311.0625000000,,,
7.8759999874,61,175784.2500000000,189132.5156250000,165538.2968750000,164725.6875000000,131986.0781250000,120064.5703125000,132158.8437500000,151206.1406250000,,,
7.8799999873,61,175510.0468750000,206602.1093750000,165164.7187500000,164124.5000000000,131437.9375000000,119514.3125000000,131547.7031250000,154165.1406250000,,,
7.8839999873,61,175691.0468750000,213412.1093750000,165467.9375000000,164519.4531250000,131853.0625000000,119898.9687500000,131975.8125000000,154007.0468750000,,,
7.8879999872,61,176094.4687500000,202583.2500000000,166043.2968750000,165356.9531250000,132654.0000000000,120678.8750000000,132842.6718750000,151339.9375000000,,,
7.8919999872,61,176175.0468750000,186625.1250000000,166138.5937500000,165576.3750000000,132824.9687500000,120867.6484375000,133056.0468750000,149330.1562500000,,,
7.8959999874,61,175791.4687500000,189078.7500000000,165542.7656250000,164744.8906250000,131987.2656250000,120077.3125000000,132176.3593750000,151203.3906250000,,,
7.8999999873,61,175513.8281250000,206540.2031250000,165168.2031250000,164132.6875000000,131439.0625000000,119533.1718750000,131570.4375000000,154168.7031250000,,,
7.9039999873,61,175685.2812500000,213411.4062500000,165462.7031250000,164505.1093750000,131848.7812500000,119905.6484375000,131997.5781250000,154014.9531250000,,,
7.9079999872,61,176076.7968750000,202644.8281250000,166025.5937500000,165336.6093750000,132640.1875000000,120670.7500000000,132855.8593750000,151345.4843750000,,,
7.9119999872,61,176180.6093750000,186666.7812500000,166145.6562500000,165575.0937500000,132837.0937500000,120886.5859375000,133090.0468750000,149335.7343750000,,,
7.9159999872,61,175813.8593750000,189016.9843750000,165570.6875000000,164756.7500000000,132018.7187500000,120106.6015625000,132230.8281250000,151200.5625000000,,,
7.9199999874,61,175520.4843750000,206486.3281250000,165176.1406250000,164130.6718750000,131449.3906250000,119540.8125000000,131606.3281250000,154166.0000000000,,,
7.9239999873,61,175696.0937500000,213427.8750000000,165475.0781250000,164514.9687500000,131860.3593750000,119922.3359375000,132035.4843750000,154029.7968750000,,,
7.9279999873,61,176086.8125000000,202695.7500000000,166040.3750000000,165335.0312500000,132654.4843750000,120689.9296875000,132900.6093750000,151357.9531250000,,,
7.9319999872,61,176187.0625000000,186702.3437500000,166160.1406250000,165559.5937500000,132851.0312500000,120904.1796875000,133133.7656250000,149340.3281250000,,,
7.9359999872,62,175823.2031250000,188974.4218750000,165587.9062500000,164748.0937500000,132036.1562500000,120146.9140625000,132280.4531250000,151199.7031250000,,,
7.9399999871,62,175539.5312500000,206439.7343750000,165201.4375000000,164149.1718750000,131475.6250000000,119589.7656250000,131671.9687500000,154176.3437500000,,,
7.9439999871,62,175706.3281250000,213454.5937500000,165489.0000000000,164529.9218750000,131876.7187500000,119952.8046875000,132085.1562500000,154043.2500000000,,,
7.9479999871,62,176095.0468750000,202778.8906250000,166049.1406250000,165346.6250000000,132667.9218750000,120723.0546875000,132944.9687500000,151377.8437500000,,,
7.9519999870,62,176198.5937500000,186762.7968750000,166172.2812500000,165576.1406250000,132871.0000000000,120944.5468750000,133192.8281250000,149354.3437500000,,,
7.9559999870,62,175853.0468750000,188953.3125000000,165617.9843750000,164759.0625000000,132073.8437500000,120190.3671875000,132349.8125000000,151213.6562500000,,,
7.9599999872,62,175549.0781250000,206421.8750000000,165206.1250000000,164136.0000000000,131488.8750000000,119609.0000000000,131700.3125000000,154188.0937500000,,,
7.9639999871,62,175706.7343750000,213504.1562500000,165486.9843750000,164512.1093750000,131884.7187500000,119971.0390625000,132109.8437500000,154062.4062500000,,,
7.9679999871,62,176105.4531250000,202925.7968750000,166057.0781250000,165344.0156250000,132686.7031250000,120753.9531250000,132981.0468750000,151418.0625000000,,,
7.9719999870,62,176214.3906250000,186851.6718750000,166186.6093750000,165592.8437500000,132896.3125000000,120977.9453125000,133231.0000000000,149379.6093750000,,,
7.9759999870,62,175853.4062500000,188923.4531250000,165619.5625000000,164779.5781250000,132084.7031250000,120207.6406250000,132374.5156250000,151201.9843750000,,,
7.9799999872,62,175574.4218750000,206388.3437500000,165234.6406250000,164157.2968750000,131519.8906250000,119648.6093750000,131741.2500000000,154206.4375000000,,,
7.9839999871,62,175741.9062500000,213538.0937500000,165517.4843750000,164523.3437500000,131915.5937500000,120018.9218750000,132145.1093750000,154112.8593750000,,,
7.9879999871,62,176124.2187500000,203004.6562500000,166073.3593750000,165345.0468750000,132702.7968750000,120786.3515625000,132996.0937500000,151461.3593750000,,,
7.9919999870,62,176217.9843750000,186916.4687500000,166189.2656250000,165587.8593750000,132899.3437500000,120994.7578125000,133232.2812500000,149396.8125000000,,,
7.9959999870,62,175860.2968750000,188879.8125000000,165621.3125000000,164786.3593750000,132090.0937500000,120230.7578125000,132380.3437500000,151204.5156250000,,,
7.9999999870,62,175575.4218750000,206338.8750000000,165230.9687500000,164162.5937500000,131518.4375000000,119662.2890625000,131747.0468750000,154211.0000000000,,,
8.0039999872,62,175739.1406250000,213566.7656250000,165514.5312500000,164534.1875000000,131913.2500000000,120025.8906250000,132149.9843750000,154126.8125000000,,,
8.0079999871,62,176139.0781250000,203117.8437500000,166089.4531250000,165362.3125000000,132717.2031250000,120805.1015625000,133009.7968750000,151493.0156250000,,,
8.0119999871,62,176233.1718750000,186992.5312500000,166207.2812500000,165606.7968750000,132917.2343750000,121010.7968750000,133246.3437500000,149407.7812500000,,,
8.0159999870,62,175860.7812500000,188842.1875000000,165624.4218750000,164777.4062500000,132094.1406250000,120231.1875000000,132375.4531250000,151180.6718750000,,,
8.0199999870,62,175578.4531250000,206293.6093750000,165235.5000000000,164159.8750000000,131521.2187500000,119661.6718750000,131734.3281250000,154197.1093750000,,,
8.0239999872,62,175738.4375000000,213577.8750000000,165515.5000000000,164525.6718750000,131908.8906250000,120014.2500000000,132130.1093750000,154120.7968750000,,,
8.0279999871,62,176130.2031250000,203157.1875000000,166074.8437500000,165349.2187500000,132696.8593750000,120781.5546875000,132979.5625000000,151481.2812500000,,,
8.0319999871,62,176225.7968750000,187015.6875000000,166191.0937500000,165588.4531250000,132897.0625000000,120989.2109375000,133213.5156250000,149392.9218750000,,,
8.0359999870,62,175858.6093750000,188782.1093750000,165615.1718750000,164771.5312500000,132084.1406250000,120210.7812500000,132344.3906250000,151159.2968750000,,,
8.0399999870,62,175566.9062500000,206213.9218750000,165215.7500000000,164141.5000000000,131501.6406250000,119625.2265625000,131701.1718750000,154174.0468750000,,,
8.0439999870,62,175729.6718750000,213558.2031250000,165497.5156250000,164520.2031250000,131891.4531250000,119987.4062500000,132103.2187500000,154116.6406250000,,,
8.0479999871,62,176119.2656250000,203199.0312500000,166061.3437500000,165347.9062500000,132684.8437500000,120761.3828125000,132958.5625000000,151484.7187500000,,,
8.0519999871,62,176220.5156250000,187046.9062500000,166189.6718750000,165590.6562500000,132895.4843750000,120977.0078125000,133203.3125000000,149389.9687500000,,,
8.0559999871,62,175849.2656250000,188727.1718750000,165612.1562500000,164781.6875000000,132077.5156250000,120199.5390625000,132336.9687500000,151139.6250000000,,,
8.0599999870,62,175553.0937500000,206152.3125000000,165208.0781250000,164142.3125000000,131488.6093750000,119614.7109375000,131682.2968750000,154159.7500000000,,,
8.0639999870,63,175704.9062500000,213584.6562500000,165474.9687500000,164501.1562500000,131862.1406250000,119957.6328125000,132062.0156250000,154108.8593750000,,,
8.0679999869,63,176083.6093750000,203344.5468750000,166024.5781250000,165320.2343750000,132640.7812500000,120715.1406250000,132903.9531250000,151473.2968750000,,,
8.0719999869,63,176185.2343750000,187095.2656250000,166152.4375000000,165581.3750000000,132856.4843750000,120942.8046875000,133157.7968750000,149349.4687500000,,,
8.0759999868,63,175824.0781250000,188648.2343750000,165585.4687500000,164773.0781250000,132052.0312500000,120179.5859375000,132305.1875000000,151092.1875000000,,,
8.0799999868,63,175537.5625000000,206072.0000000000,165190.7656250000,164131.7968750000,131472.2968750000,119597.5156250000,131658.0156250000,154130.7812500000,,,
8.0839999868,63,175693.0781250000,213600.7812500000,165462.2500000000,164486.5937500000,131850.0625000000,119934.4296875000,132038.7500000000,154104.4062500000,,,
8.0879999870,63,176081.4375000000,203521.7500000000,166025.1406250000,165307.3593750000,132639.8437500000,120692.4453125000,132887.2187500000,151496.5000000000,,,
8.0919999869,63,176203.2187500000,187178.2187500000,166177.7343750000,165585.5468750000,132880.9687500000,120943.1796875000,133164.9687500000,149358.7187500000,,,
8.0959999869,63,175844.2187500000,188595.6562500000,165614.7031250000,164792.7656250000,132079.0937500000,120179.7187500000,132315.3437500000,151083.2968750000,,,
8.0999999868,63,175543.7187500000,206004.2187500000,165200.9843750000,164147.9687500000,131477.7812500000,119581.1796875000,131647.2343750000,154119.4062500000,,,
8.1039999868,63,175693.8593750000,213572.6093750000,165464.8593750000,164492.3593750000,131845.1093750000,119918.5546875000,132025.5000000000,154095.4531250000,,,
8.1079999870,63,176080.9531250000,203425.1406250000,166025.7500000000,165318.4843750000,132632.7031250000,120683.1953125000,132877.1562500000,151474.3750000000,,,
8.1119999869,63,176195.1093750000,187151.2968750000,166168.6093750000,165591.7812500000,132863.6718750000,120919.6015625000,133138.3281250000,149345.5312500000,,,
8.1159999869,63,175833.8750000000,188524.7968750000,165597.0000000000,164773.0000000000,132057.9375000000,120161.2109375000,132274.7187500000,151057.9218750000,,,
8.1199999868,63,175542.0000000000,205927.4062500000,165192.0468750000,164126.7500000000,131465.8593750000,119575.0390625000,131624.5468750000,154108.7812500000,,,
8.1239999868,63,175700.2968750000,213532.1093750000,165465.6875000000,164481.4687500000,131844.6718750000,119923.4609375000,132017.5625000000,154105.0000000000,,,
8.1279999868,63,176098.4531250000,203358.8593750000,166039.2500000000,165324.5937500000,132645.5312500000,120699.7968750000,132879.8750000000,151492.2031250000,,,
8.1319999869,63,176210.1875000000,187151.3750000000,166179.7187500000,165590.7031250000,132869.6562500000,120930.0625000000,133140.3906250000,149368.7343750000,,,
8.1359999869,63,175850.7656250000,188464.2031250000,165613.4531250000,164787.4375000000,132068.7500000000,120172.5859375000,132296.8437500000,151065.0625000000,,,
8.1399999869,63,175541.3437500000,205878.1250000000,165190.3906250000,164133.3437500000,131459.2187500000,119567.3437500000,131618.6406250000,154109.9843750000,,,
8.1439999868,63,175687.1875000000,213539.2968750000,165455.7812500000,164485.2343750000,131830.1406250000,119903.1796875000,131999.0000000000,154100.5937500000,,,
8.1479999868,63,176071.9218750000,203398.3750000000,166014.3906250000,165311.8281250000,132617.2500000000,120670.0000000000,132854.7968750000,151474.9375000000,,,
8.1519999870,63,176198.1406250000,187192.2812500000,166166.6250000000,165587.3750000000,132855.2187500000,120918.2109375000,133130.1562500000,149358.2968750000,,,
8.1559999869,63,175837.0625000000,188415.2343750000,165600.5781250000,164790.3593750000,132057.9375000000,120157.9921875000,132287.5625000000,151033.8125000000,,,
8.1599999869,63,175530.9218750000,205814.4843750000,165181.1562500000,164135.6250000000,131449.8281250000,119549.2890625000,131611.7031250000,154081.7968750000,,,
8.1639999868,63,175676.0468750000,213562.9531250000,165442.9375000000,164487.1562500000,131814.4375000000,119885.0781250000,131986.4531250000,154091.1250000000,,,
8.1679999868,63,176057.7812500000,203546.0312500000,166002.2656250000,165305.0156250000,132603.5781250000,120650.8984375000,132840.3125000000,151478.7343750000,,,
8.1719999867,63,176165.0937500000,187258.4531250000,166139.0781250000,165576.2187500000,132832.9843750000,120890.2109375000,133109.2343750000,149319.7812500000,,,
8.1759999869,63,175817.2656250000,188360.9687500000,165588.9531250000,164785.9843750000,132050.5937500000,120149.8125000000,132283.7812500000,150990.2343750000,,,
8.1799999869,63,175517.7187500000,205750.7031250000,165172.7656250000,164135.5468750000,131442.8281250000,119545.1093750000,131607.5156250000,154057.7656250000,,,
8.1839999869,63,175661.0000000000,213571.2656250000,165431.0312500000,164469.7812500000,131804.2187500000,119872.5781250000,131978.6250000000,154082.3906250000,,,
8.1879999868,63,176060.6250000000,203665.1406250000,166008.1562500000,165295.5312500000,132609.3125000000,120654.9218750000,132847.1250000000,151495.6875000000,,,
8.1919999868,64,176188.0781250000,187333.0468750000,166165.8281250000,165584.3750000000,132859.3750000000,120916.1484375000,133137.2500000000,149337.7187500000,,,
8.1959999867,64,175824.2500000000,188310.4375000000,165600.1406250000,164800.1718750000,132060.5156250000,120158.2031250000,132300.8906250000,150976.2343750000,,,
8.1999999867,64,175514.0468750000,205690.1562500000,165167.2031250000,164148.7812500000,131437.1875000000,119550.3359375000,131611.4218750000,154049.1562500000,,,
8.2039999866,64,175656.0156250000,213578.7500000000,165422.4531250000,164473.9062500000,131796.0937500000,119876.8671875000,131979.8281250000,154091.5312500000,,,
8.2079999866,64,176040.5937500000,203719.2187500000,165980.1875000000,165284.6875000000,132584.5937500000,120643.1796875000,132829.9062500000,151497.1718750000,,,
8.2119999866,64,176156.8125000000,187355.3906250000,166129.0468750000,165572.9218750000,132826.0156250000,120892.1406250000,133109.6875000000,149313.2656250000,,,
8.2159999867,64,175802.7656250000,188249.4218750000,165573.5312500000,164793.5781250000,132038.0937500000,120146.6171875000,132278.7343750000,150947.0468750000,,,
8.2199999867,64,175504.0156250000,205620.9843750000,165159.4375000000,164129.2812500000,131429.8125000000,119543.0156250000,131604.5937500000,154036.6250000000,,,
8.2239999867,64,175655.8281250000,213572.1093750000,165427.9218750000,164470.9531250000,131797.4375000000,119872.6328125000,131979.9375000000,154100.3281250000,,,
8.2279999866,64,176055.0156250000,203761.3281250000,166003.8750000000,165300.0000000000,132601.0781250000,120649.9609375000,132847.7656250000,151522.7812500000,,,
8.2319999866,64,176177.4843750000,187392.3750000000,166153.2968750000,165594.2187500000,132846.0468750000,120912.6328125000,133132.5156250000,149339.8906250000,,,
8.2359999868,64,175822.0937500000,188198.3281250000,165591.7187500000,164804.1406250000,132056.0781250000,120170.3281250000,132298.0937500000,150953.9687500000,,,
8.2399999867,64,175521.3125000000,205567.2343750000,165171.6875000000,164127.8281250000,131443.9843750000,119560.4453125000,131617.0625000000,154049.8750000000,,,
8.2439999867,64,175653.2031250000,213581.0000000000,165422.9531250000,164458.8906250000,131796.6875000000,119874.3515625000,131972.0468750000,154108.1406250000,,,
8.2479999866,64,176031.3125000000,203819.4843750000,165978.6250000000,165278.1250000000,132581.8437500000,120636.7656250000,132818.8437500000,151513.0000000000,,,
8.2519999866,64,176159.7812500000,187432.5312500000,166140.3750000000,165577.6093750000,132839.8281250000,120900.2968750000,133123.7968750000,149319.2656250000,,,
8.2559999865,64,175812.8750000000,188146.7656250000,165589.3906250000,164794.7812500000,132060.4062500000,120161.4218750000,132302.7968750000,150927.1406250000,,,
8.2599999867,64,175523.1718750000,205510.7812500000,165177.7812500000,164133.8281250000,131452.4218750000,119563.0781250000,131626.5781250000,154039.8750000000,,,
8.2639999867,64,175664.8125000000,213602.3593750000,165431.0625000000,164472.9531250000,131806.2968750000,119880.3593750000,131985.7343750000,154123.2656250000,,,
8.2679999867,64,176052.9062500000,203936.0781250000,165993.9531250000,165288.7187500000,132598.5312500000,120640.0625000000,132825.0156250000,151545.9062500000,,,
8.2719999866,64,176176.9062500000,187492.5781250000,166149.7812500000,165580.0468750000,132850.9062500000,120903.6718750000,133129.8281250000,149329.3281250000,,,
8.2759999866,64,175833.0937500000,188092.3750000000,165604.9218750000,164806.7656250000,132077.1406250000,120178.0781250000,132322.4843750000,150922.3125000000,,,
8.2799999868,64,175523.9687500000,205440.4218750000,165177.7187500000,164123.7500000000,131454.4843750000,119559.3750000000,131637.0937500000,154029.8125000000,,,
8.2839999867,64,175656.9843750000,213599.4687500000,165425.9843750000,164438.1250000000,131801.2500000000,119874.5390625000,131992.1875000000,154126.6406250000,,,
8.2879999867,64,176052.4687500000,203990.8750000000,166000.0312500000,165270.3906250000,132602.6406250000,120650.5000000000,132854.6093750000,151564.5468750000,,,
8.2919999866,64,176186.7656250000,187541.6406250000,166166.2031250000,165583.2187500000,132865.8750000000,120928.3203125000,133155.2343750000,149348.9375000000,,,
8.2959999866,64,175838.8906250000,188057.3125000000,165615.3281250000,164807.6875000000,132086.6093750000,120188.8125000000,132332.3750000000,150920.3593750000,,,
8.2999999865,64,175524.2656250000,205392.1093750000,165178.4218750000,164126.9375000000,131451.3593750000,119555.6171875000,131631.6250000000,154023.0312500000,,,
8.3039999867,64,175660.0156250000,213601.0468750000,165425.5000000000,164458.8125000000,131796.5000000000,119871.5078125000,131984.0468750000,154128.8125000000,,,
8.3079999867,64,176052.4218750000,204028.1250000000,165990.9687500000,165286.1406250000,132591.4218750000,120647.2031250000,132837.5468750000,151567.8750000000,,,
8.3119999866,64,176175.9062500000,187566.3125000000,166151.0625000000,165585.1562500000,132851.8437500000,120918.5625000000,133140.6406250000,149334.7968750000,,,
8.3159999866,64,175831.7343750000,188001.6406250000,165606.6406250000,164820.3437500000,132081.1875000000,120193.5078125000,132333.1093750000,150898.4218750000,,,
8.3199999866,65,175524.6875000000,205326.0312500000,165179.0312500000,164137.3281250000,131453.5468750000,119569.7265625000,131640.3437500000,154019.2187500000,,,
8.3239999865,65,175665.9687500000,213604.4218750000,165434.6562500000,164455.2656250000,131805.7343750000,119890.7109375000,131998.6250000000,154147.2656250000,,,
8.3279999865,65,176053.5156250000,204089.6875000000,165999.5000000000,165281.3125000000,132597.9687500000,120656.7187500000,132853.9687500000,151581.7031250000,,,
8.3319999864,65,176191.5156250000,187609.8125000000,166172.0781250000,165599.4218750000,132871.1250000000,120940.4218750000,133167.8906250000,149350.1875000000,,,
8.3359999864,65,175852.3281250000,187946.2500000000,165631.0156250000,164836.8125000000,132106.5937500000,120210.0234375000,132357.0625000000,150896.8593750000,,,
8.3399999863,65,175551.9218750000,205257.8437500000,165208.6718750000,164141.9843750000,131484.9687500000,119589.8984375000,131658.7500000000,154028.5000000000,,,
8.3439999865,65,175679.8125000000,213595.9687500000,165445.7343750000,164447.2187500000,131820.1250000000,119893.6562500000,131987.5312500000,154159.6093750000,,,
8.3479999865,65,176048.7187500000,204117.1250000000,165988.6093750000,165271.4062500000,132591.2187500000,120645.6171875000,132837.4687500000,151582.7812500000,,,
8.3519999865,65,176175.7812500000,187631.3750000000,166153.9687500000,165580.9062500000,132856.1562500000,120920.1406250000,133158.1250000000,149334.4531250000,,,
8.3559999864,65,175822.0156250000,187874.3593750000,165602.6093750000,164811.0156250000,132080.3281250000,120184.8125000000,132340.2656250000,150853.7031250000,,,
8.3599999864,65,175519.6250000000,205181.2968750000,165177.3750000000,164134.1562500000,131451.0781250000,119561.0625000000,131640.1875000000,153991.9218750000,,,
8.3639999866,65,175660.7968750000,213587.5000000000,165429.0156250000,164451.9218750000,131796.6875000000,119873.7812500000,131990.9375000000,154146.2812500000,,,
8.3679999865,65,176059.2343750000,204167.0625000000,166002.9375000000,165282.4062500000,132598.8593750000,120652.2187500000,132856.3750000000,151601.0000000000,,,
8.3719999865,65,176189.8750000000,187671.2187500000,166170.5156250000,165591.7812500000,132868.5781250000,120931.5937500000,133165.3437500000,149349.5781250000,,,
8.3759999864,65,175856.4531250000,187828.3906250000,165639.7656250000,164832.9843750000,132113.8281250000,120218.4765625000,132369.8750000000,150871.8125000000,,,
8.3799999864,65,175544.6562500000,205139.6406250000,165202.7500000000,164166.7500000000,131473.4062500000,119578.0703125000,131657.3750000000,154014.4218750000,,,
8.3839999863,65,175666.2812500000,213612.7343750000,165432.0156250000,164478.9218750000,131798.6250000000,119873.3828125000,131988.2500000000,154167.7968750000,,,
8.3879999865,65,176042.3125000000,204265.7500000000,165982.0625000000,165275.9531250000,132580.8906250000,120636.6328125000,132837.9531250000,151613.5156250000,,,
8.3919999865,65,176179.6406250000,187752.3750000000,166159.7656250000,165607.3281250000,132861.7968750000,120932.9921875000,133158.0468750000,149355.8281250000,,,
8.3959999864,65,175854.9218750000,187809.6718750000,165637.7187500000,164867.3593750000,132117.1093750000,120225.7187500000,132371.0781250000,150866.1250000000,,,
8.3999999864,65,175550.8437500000,205099.5156250000,165202.2187500000,164166.0000000000,131477.3906250000,119594.4296875000,131662.6562500000,154020.5312500000,,,
8.4039999864,65,175662.0468750000,213644.3906250000,165422.2812500000,164441.0000000000,131792.6093750000,119878.7968750000,131983.8281250000,154183.8281250000,,,
8.4079999865,65,176039.8125000000,204383.2343750000,165980.8593750000,165243.1718750000,132580.8125000000,120639.3437500000,132834.8593750000,151635.9218750000,,,
8.4119999865,65,176191.4843750000,187822.5781250000,166175.7187500000,165580.6718750000,132881.9687500000,120946.4843750000,133174.4843750000,149368.5937500000,,,
8.4159999865,65,175858.9218750000,187761.8437500000,165647.0312500000,164833.5468750000,132131.6406250000,120235.0234375000,132383.2031250000,150853.4062500000,,,
8.4199999864,65,175532.9843750000,205023.9843750000,165193.7343750000,164134.8593750000,131473.9375000000,119585.0468750000,131657.5625000000,153998.4843750000,,,
8.4239999864,65,175660.6875000000,213629.9062500000,165429.8750000000,164440.5468750000,131802.1093750000,119876.5468750000,131987.6093750000,154185.2968750000,,,
8.4279999863,65,176050.3750000000,204452.0468750000,165993.0625000000,165262.2968750000,132592.6406250000,120643.7968750000,132842.2968750000,151658.0937500000,,,
8.4319999865,65,176199.5312500000,187853.7968750000,166185.8593750000,165592.7968750000,132889.3593750000,120942.9375000000,133185.2343750000,149368.3593750000,,,
8.4359999865,65,175862.8750000000,187701.4218750000,165650.5937500000,164855.4531250000,132131.3750000000,120229.2343750000,132385.4375000000,150832.5937500000,,,
8.4399999864,65,175542.7187500000,204946.2187500000,165198.2968750000,164149.5781250000,131473.0000000000,119584.1875000000,131651.7968750000,153985.4062500000,,,
8.4439999864,65,175668.2500000000,213618.8281250000,165433.2500000000,164441.0468750000,131800.6875000000,119881.2968750000,131985.8906250000,154187.3750000000,,,
8.4479999864,66,176057.0937500000,204524.8750000000,166000.8125000000,165257.5156250000,132598.6093750000,120655.8125000000,132854.4687500000,151672.5781250000,,,
8.4519999863,66,176205.0156250000,187920.0468750000,166190.9531250000,165602.9843750000,132895.0000000000,120957.0234375000,133192.6250000000,149376.5000000000,,,
8.4559999863,66,175857.5000000000,187662.0937500000,165648.3125000000,164859.7968750000,132131.4531250000,120225.9609375000,132391.3906250000,150810.2812500000,,,
8.4599999862,66,175531.6406250000,204901.0312500000,165191.0312500000,164147.0000000000,131467.6406250000,119573.1093750000,131666.5156250000,153966.1875000000,,,
8.4639999862,66,175654.1718750000,213647.4531250000,165417.4843750000,164443.5468750000,131786.1718750000,119863.8593750000,131992.1875000000,154184.4218750000,,,
8.4679999861,66,176043.0000000000,204612.6875000000,165980.9062500000,165262.9687500000,132576.9218750000,120635.2890625000,132846.6093750000,151673.2343750000,,,
8.4719999863,66,176202.4687500000,187982.2656250000,166187.0312500000,165620.2812500000,132889.0156250000,120952.7578125000,133199.4062500000,149371.3750000000,,,
8.4759999863,66,175865.9843750000,187637.8125000000,165651.1875000000,164877.6718750000,132134.8593750000,120246.0234375000,132402.9687500000,150806.4375000000,,,
8.4799999862,66,175534.6718750000,204855.5625000000,165188.6718750000,164150.1406250000,131464.0468750000,119585.7187500000,131662.5781250000,153966.1718750000,,,
8.4839999862,66,175650.7656250000,213658.4687500000,165409.8750000000,164433.2187500000,131775.6875000000,119871.1562500000,131978.4062500000,154194.0000000000,,,
8.4879999862,66,176047.8281250000,204675.7968750000,165982.7812500000,165262.7187500000,132576.3750000000,120641.1953125000,132842.9375000000,151694.7187500000,,,
8.4919999863,66,176188.1093750000,188016.5156250000,166169.7968750000,165600.0625000000,132871.6718750000,120939.6171875000,133182.8593750000,149362.2031250000,,,
8.4959999863,66,175852.7812500000,187564.8906250000,165636.8125000000,164847.3750000000,132122.2343750000,120237.2500000000,132396.0625000000,150780.5625000000,,,
8.4999999863,66,175533.0312500000,204768.7187500000,165185.3593750000,164140.0312500000,131463.7500000000,119584.9921875000,131667.2656250000,153957.7187500000,,,
8.5039999862,66,175652.3750000000,213640.2812500000,165413.4375000000,164427.4218750000,131782.0625000000,119864.0234375000,131984.9062500000,154201.7656250000,,,
8.5079999862,66,176039.8125000000,204731.5468750000,165981.9062500000,165238.2812500000,132577.0468750000,120629.9765625000,132838.9218750000,151696.7031250000,,,
8.5119999861,66,176197.9062500000,188039.9375000000,166185.7500000000,165588.6718750000,132890.7343750000,120955.7109375000,133193.2343750000,149362.2031250000,,,
8.5159999863,66,175865.7968750000,187499.8281250000,165654.1406250000,164838.7187500000,132142.7500000000,120260.1875000000,132408.6562500000,150769.0781250000,,,
8.5199999863,66,175543.1250000000,204701.7968750000,165201.7343750000,164130.3750000000,131478.8125000000,119594.3828125000,131679.3437500000,153949.2500000000,,,
8.5239999862,66,175655.5625000000,213640.3593750000,165423.2031250000,164419.0625000000,131787.5937500000,119868.7187500000,131993.1093750000,154201.7187500000,,,
8.5279999862,66,176041.3437500000,204819.8437500000,165984.0000000000,165247.2968750000,132575.3281250000,120639.0468750000,132846.2656250000,151709.7343750000,,,
8.5319999862,66,176201.8125000000,188099.7812500000,166188.5937500000,165615.5156250000,132893.9218750000,120973.0859375000,133208.6250000000,149368.1093750000,,,
8.5359999863,66,175870.0781250000,187462.5937500000,165662.0000000000,164871.0156250000,132152.7187500000,120270.6718750000,132430.9531250000,150757.4218750000,,,
8.5399999863,66,175539.5000000000,204651.7187500000,165197.8437500000,164149.4218750000,131477.7500000000,119600.8671875000,131688.0000000000,153943.8593750000,,,
8.5439999863,66,175650.1718750000,213646.2656250000,165414.7968750000,164432.9531250000,131780.8125000000,119872.3125000000,131992.8437500000,154210.9531250000,,,
8.5479999862,66,176030.4843750000,204818.5000000000,165968.2968750000,165258.1406250000,132563.5781250000,120637.5468750000,132839.0000000000,151710.3750000000,,,
8.5519999862,66,176184.5937500000,188128.6406250000,166170.1406250000,165610.2343750000,132876.4375000000,120952.9687500000,133193.5312500000,149360.6875000000,,,
8.5559999861,66,175857.0937500000,187428.8750000000,165648.4218750000,164878.6093750000,132138.6718750000,120259.1640625000,132416.2812500000,150734.2656250000,,,
8.5599999863,66,175534.3281250000,204612.9531250000,165194.1093750000,164165.2968750000,131472.4062500000,119593.9218750000,131684.6562500000,153928.8593750000,,,
8.5639999863,66,175646.8125000000,213654.8750000000,165411.0000000000,164456.6093750000,131776.8593750000,119862.3593750000,131991.4218750000,154201.9375000000,,,
8.5679999862,66,176029.6718750000,204854.3593750000,165970.5312500000,165251.2656250000,132564.2812500000,120624.1328125000,132844.0312500000,151703.0000000000,,,
8.5719999862,66,176176.2343750000,188162.3750000000,166167.1562500000,165582.1718750000,132871.6406250000,120931.5156250000,133198.5781250000,149344.2968750000,,,
8.5759999861,67,175849.1093750000,187383.7656250000,165645.5000000000,164861.9687500000,132135.9843750000,120240.8750000000,132423.7812500000,150704.2031250000,,,
8.5799999861,67,175537.0937500000,204540.2968750000,165196.0468750000,164156.8281250000,131474.6875000000,119586.8437500000,131695.2968750000,153911.0156250000,,,
8.5839999861,67,175648.1093750000,213658.9843750000,165408.9218750000,164421.7187500000,131775.2812500000,119855.8437500000,132002.0156250000,154207.6718750000,,,
8.5879999860,67,176039.0937500000,204953.2812500000,165979.2812500000,165236.5156250000,132571.6875000000,120630.3281250000,132862.6562500000,151732.1562500000,,,
8.5919999860,67,176187.9531250000,188231.0156250000,166177.2968750000,165587.3437500000,132883.8437500000,120955.5234375000,133224.2343750000,149364.7031250000,,,
8.5959999859,67,175855.5468750000,187339.0781250000,165650.7343750000,164857.0312500000,132145.9062500000,120258.4921875000,132450.2031250000,150698.7500000000,,,
8.5999999861,67,175529.7031250000,204475.0468750000,165188.3906250000,164134.2656250000,131471.3593750000,119589.8750000000,131704.9062500000,153897.5312500000,,,
8.6039999861,67,175644.2656250000,213644.3593750000,165410.2187500000,164399.8281250000,131777.1875000000,119853.8046875000,132014.5625000000,154200.4062500000,,,
8.6079999860,67,176033.2343750000,205032.4531250000,165975.5781250000,165217.1562500000,132567.9531250000,120619.1406250000,132868.9062500000,151730.9531250000,,,
8.6119999860,67,176186.6406250000,188283.1562500000,166176.2500000000,165593.2812500000,132884.9687500000,120948.6796875000,133228.6406250000,149352.8281250000,,,
8.6159999860,67,175858.6250000000,187285.4062500000,165652.5312500000,164875.2968750000,132150.6562500000,120258.8984375000,132460.2656250000,150673.8125000000,,,
8.6199999861,67,175537.4843750000,204402.2500000000,165194.2656250000,164152.0937500000,131477.9062500000,119593.6796875000,131721.0156250000,153891.7031250000,,,
8.6239999861,67,175649.9218750000,213638.6718750000,165412.0937500000,164431.5312500000,131779.3593750000,119866.7578125000,132027.5468750000,154219.6093750000,,,
8.6279999861,67,176031.0625000000,205048.4687500000,165972.0625000000,165242.6875000000,132565.1875000000,120629.5000000000,132879.0625000000,151745.6250000000,,,
8.6319999860,67,176188.4531250000,188315.8593750000,166183.6093750000,165595.3437500000,132889.8281250000,120955.7109375000,133248.5625000000,149364.2812500000,,,
8.6359999860,67,175855.5468750000,187237.7343750000,165659.2812500000,164881.8437500000,132156.0000000000,120256.9375000000,132478.1250000000,150658.2500000000,,,
8.6399999859,67,175525.7187500000,204341.2500000000,165186.3125000000,164158.4062500000,131469.4062500000,119587.1875000000,131722.6875000000,153871.4843750000,,,
8.6439999861,67,175647.1875000000,213643.0468750000,165407.3750000000,164443.1406250000,131773.8593750000,119862.7890625000,132025.9375000000,154219.6875000000,,,
8.6479999861,67,176034.9375000000,205095.7500000000,165974.2031250000,165261.6250000000,132565.3593750000,120628.2890625000,132880.1875000000,151751.5468750000,,,
8.6519999860,67,176200.1875000000,188355.9062500000,166189.4531250000,165628.2812500000,132895.2968750000,120967.0546875000,133255.9218750000,149370.0625000000,,,
8.6559999860,67,175876.4687500000,187204.4843750000,165673.9062500000,164903.9531250000,132169.2968750000,120280.2187500000,132493.1250000000,150665.6875000000,,,
8.6599999859,67,175546.9062500000,204291.6250000000,165208.1718750000,164167.9218750000,131486.0156250000,119598.1328125000,131740.0156250000,153883.1562500000,,,
8.6639999861,67,175653.2031250000,213652.0625000000,165416.2500000000,164424.7500000000,131779.0937500000,119865.0156250000,132034.7812500000,154233.2343750000,,,
8.6679999861,67,176032.9218750000,205159.2968750000,165974.2812500000,165235.1718750000,132563.4531250000,120619.2812500000,132880.7343750000,151763.0781250000,,,
8.6719999861,67,176193.1562500000,188401.3593750000,166185.0312500000,165610.1250000000,132890.5468750000,120949.7812500000,133254.9843750000,149363.2500000000,,,
8.6759999860,67,175873.4843750000,187152.7968750000,165675.8593750000,164900.8906250000,132173.0000000000,120272.8671875000,132500.3906250000,150640.7656250000,,,
8.6799999860,67,175546.1562500000,204217.5468750000,165211.8750000000,164162.4843750000,131491.5312500000,119601.6484375000,131749.5312500000,153867.9218750000,,,
8.6839999859,67,175649.9843750000,213636.9375000000,165412.0937500000,164418.6250000000,131774.4843750000,119858.0390625000,132032.2187500000,154231.3281250000,,,
8.6879999861,67,176033.0000000000,205247.4687500000,165968.5781250000,165237.8593750000,132556.9843750000,120621.8515625000,132874.5625000000,151780.6250000000,,,
8.6919999861,67,176194.5000000000,188453.6093750000,166184.0312500000,165614.9218750000,132890.2187500000,120960.7265625000,133252.7031250000,149365.1875000000,,,
8.6959999860,67,175871.1562500000,187102.2656250000,165672.2656250000,164902.6093750000,132169.4375000000,120277.7500000000,132494.4062500000,150624.8125000000,,,
8.6999999860,67,175545.1250000000,204160.6250000000,165205.1406250000,164171.5781250000,131483.4062500000,119605.0312500000,131735.5937500000,153863.3906250000,,,
8.7039999859,68,175645.7656250000,213650.8281250000,165406.6718750000,164429.1250000000,131766.6406250000,119863.1328125000,132021.0625000000,154236.9843750000,,,
8.7079999859,68,176032.0312500000,205334.0937500000,165973.5625000000,165251.2656250000,132558.5468750000,120634.9921875000,132877.8906250000,151797.4687500000,,,
8.7119999859,68,176185.7500000000,188528.6406250000,166181.5468750000,165626.0468750000,132886.7343750000,120963.4843750000,133251.5156250000,149368.6406250000,,,
8.7159999858,68,175853.3125000000,187085.3437500000,165655.5781250000,164895.6562500000,132157.9531250000,120277.3203125000,132485.3437500000,150604.0781250000,,,
8.7199999858,68,175521.5312500000,204111.3593750000,165180.5937500000,164144.5156250000,131464.6250000000,119594.3281250000,131722.0937500000,153840.1250000000,,,
8.7239999857,68,175631.0468750000,213662.0937500000,165391.5468750000,164415.1406250000,131754.7187500000,119845.7578125000,132011.6718750000,154234.3593750000,,,
8.7279999859,68,176025.9218750000,205403.9218750000,165966.5312500000,165246.3281250000,132554.0625000000,120613.9687500000,132871.0468750000,151805.4375000000,,,
8.7319999859,68,176196.3437500000,188592.9843750000,166190.0625000000,165620.7500000000,132898.0781250000,120964.6406250000,133260.7500000000,149382.2656250000,,,
8.7359999858,68,175869.2187500000,187048.9375000000,165672.1875000000,164903.0625000000,132174.6406250000,120285.6406250000,132502.1093750000,150602.8125000000,,,
8.7399999858,68,175535.9531250000,204061.5468750000,165195.5000000000,164155.5937500000,131476.6406250000,119597.4062500000,131735.0000000000,153844.6406250000,,,
8.7439999857,68,175650.1406250000,213673.1875000000,165412.0156250000,164415.3906250000,131769.6250000000,119853.9609375000,132029.2031250000,154256.0625000000,,,
8.7479999859,68,176042.8437500000,205434.5468750000,165984.6406250000,165252.0937500000,132565.3281250000,120618.5781250000,132880.2968750000,151824.4218750000,,,
8.7519999859,68,176202.4843750000,188612.5156250000,166195.1093750000,165635.4687500000,132899.3906250000,120965.4687500000,133259.3437500000,149388.1250000000,,,
8.7559999858,68,175874.1250000000,186989.4531250000,165675.8906250000,164910.7343750000,132179.5156250000,120291.0000000000,132507.3906250000,150594.0625000000,,,
8.7599999858,68,175537.4687500000,203976.9531250000,165196.6250000000,164164.8593750000,131478.3906250000,119598.7812500000,131733.3281250000,153835.1718750000,,,
8.7639999858,68,175639.7343750000,213646.2187500000,165400.1250000000,164415.3281250000,131760.2968750000,119847.3125000000,132013.4062500000,154252.0625000000,,,
8.7679999857,68,176022.7031250000,205461.2968750000,165964.4375000000,165226.2187500000,132550.1718750000,120611.2578125000,132864.2031250000,151819.6250000000,,,
8.7719999859,68,176192.4062500000,188635.2500000000,166193.4218750000,165618.0312500000,132899.5000000000,120964.6093750000,133259.0312500000,149379.1562500000,,,
8.7759999859,68,175883.3125000000,186928.0781250000,165698.0156250000,164934.7968750000,132201.4843750000,120304.8125000000,132527.4531250000,150584.1406250000,,,
8.7799999858,68,175543.0625000000,203892.7812500000,165210.6093750000,164170.9843750000,131493.1406250000,119610.8515625000,131747.7187500000,153832.0781250000,,,
8.7839999858,68,175647.5937500000,213633.2812500000,165413.4062500000,164410.7500000000,131772.0156250000,119853.5859375000,132022.7500000000,154269.3125000000,,,
8.7879999857,68,176031.3437500000,205564.3593750000,165975.7343750000,165217.4218750000,132556.8593750000,120610.6718750000,132868.5468750000,151849.5000000000,,,
8.7919999859,68,176192.3281250000,188701.4531250000,166190.3125000000,165610.8125000000,132896.4531250000,120966.7031250000,133255.0937500000,149381.7343750000,,,
8.7959999859,68,175873.8125000000,186888.5937500000,165683.2656250000,164925.7031250000,132190.5156250000,120301.4375000000,132516.2500000000,150560.9375000000,,,
8.7999999858,68,175535.5312500000,203830.3750000000,165200.2812500000,164166.3125000000,131484.5000000000,119601.0078125000,131739.7656250000,153809.9843750000,,,
8.8039999858,68,175634.2343750000,213623.2500000000,165398.2500000000,164400.6875000000,131756.1875000000,119848.0390625000,132009.2812500000,154258.5312500000,,,
8.8079999858,68,176018.4843750000,205612.0625000000,165962.4062500000,165214.7968750000,132541.4843750000,120600.0234375000,132854.3593750000,151847.4843750000,,,
8.8119999857,68,176187.2031250000,188742.3281250000,166189.9062500000,165610.9531250000,132892.6875000000,120960.2968750000,133251.9687500000,149382.7031250000,,,
8.8159999859,68,175873.2187500000,186839.2656250000,165687.6093750000,164921.4843750000,132191.2968750000,120299.0468750000,132521.5312500000,150548.4687500000,,,
8.8199999859,68,175542.1250000000,203772.3593750000,165202.8750000000,164160.3906250000,131483.5468750000,119612.9375000000,131741.7343750000,153812.9843750000,,,
8.8239999858,68,175638.5468750000,213629.0781250000,165395.1718750000,164389.2031250000,131749.8906250000,119849.6171875000,132003.5625000000,154268.0468750000,,,
8.8279999858,68,176018.8125000000,205651.5312500000,165955.7812500000,165202.4062500000,132534.7812500000,120600.6093750000,132852.3593750000,151855.6406250000,,,
8.8319999857,69,176193.2812500000,188779.7500000000,166190.0937500000,165617.2812500000,132893.6562500000,120963.5156250000,133258.5468750000,149388.2343750000,,,
8.8359999857,69,175891.6718750000,186795.1250000000,165705.5312500000,164942.1718750000,132209.0000000000,120318.1171875000,132539.9843750000,150549.9687500000,,,
8.8399999856,69,175542.9375000000,203704.2812500000,165208.4375000000,164163.2500000000,131487.2187500000,119608.7812500000,131746.9375000000,153806.9531250000,,,
8.8439999856,69,175627.6875000000,213617.1562500000,165389.6718750000,164385.3437500000,131743.8281250000,119841.3593750000,131999.7343750000,154266.2500000000,,,
8.8479999856,69,176012.2187500000,205699.1250000000,165955.7500000000,165208.5156250000,132534.9062500000,120604.0703125000,132855.8593750000,151867.0156250000,,,
8.8519999855,69,176190.1250000000,188830.0312500000,166191.5781250000,165616.6875000000,132898.1406250000,120969.8671875000,133267.6875000000,149395.9218750000,,,
8.8559999857,69,175878.7500000000,186756.5468750000,165692.8437500000,164921.8125000000,132201.9375000000,120314.4218750000,132539.2656250000,150528.5156250000,,,
8.8599999857,69,175537.5625000000,203646.4531250000,165199.9062500000,164169.1562500000,131483.9687500000,119611.8906250000,131749.6093750000,153793.2656250000,,,
8.8639999856,69,175638.8750000000,213620.7343750000,165400.6093750000,164409.9375000000,131757.8750000000,119853.5859375000,132022.9843750000,154280.3906250000,,,
8.8679999856,69,176024.6250000000,205753.7031250000,165967.3593750000,165214.1250000000,132549.6718750000,120611.4453125000,132874.6718750000,151884.4218750000,,,
8.8719999855,69,176188.4531250000,188883.7656250000,166193.8281250000,165614.3281250000,132901.1718750000,120959.8359375000,133272.1250000000,149389.5156250000,,,
8.8759999857,69,175884.9375000000,186728.4218750000,165706.3906250000,164928.8437500000,132214.4375000000,120317.7421875000,132551.7812500000,150514.0625000000,,,
8.8799999857,69,175536.9218750000,203587.3593750000,165205.4843750000,164161.2187500000,131489.0156250000,119608.5156250000,131753.5000000000,153783.7500000000,,,
8.8839999856,69,175619.2968750000,213619.3125000000,165383.8437500000,164391.9687500000,131741.3593750000,119824.2421875000,131999.2187500000,154272.6875000000,,,
8.8879999856,69,176006.0468750000,205848.2500000000,165948.5156250000,165209.5312500000,132532.0156250000,120595.1093750000,132851.7656250000,151890.7031250000,,,
8.8919999856,69,176180.3281250000,188953.7187500000,166184.9531250000,165610.4218750000,132896.1250000000,120976.5468750000,133263.5312500000,149396.9375000000,,,
8.8959999855,69,175874.2968750000,186696.7968750000,165695.4687500000,164921.7343750000,132209.4218750000,120324.4765625000,132543.7343750000,150500.6250000000,,,
8.8999999857,69,175536.1406250000,203532.5625000000,165203.5000000000,164152.6406250000,131489.7031250000,119616.3437500000,131755.9218750000,153779.4062500000,,,
8.9039999857,69,175631.2343750000,213663.3750000000,165389.8281250000,164376.7343750000,131746.0156250000,119843.9609375000,132008.5312500000,154301.6250000000,,,
8.9079999856,69,176012.1562500000,206151.5000000000,165948.9062500000,165187.6406250000,132525.7187500000,120597.1796875000,132849.4843750000,151949.3906250000,,,
8.9119999856,69,176188.6718750000,189121.6718750000,166195.1875000000,165611.8593750000,132904.7343750000,120975.6093750000,133280.8281250000,149400.6406250000,,,
8.9159999855,69,175883.0937500000,186680.9218750000,165702.2812500000,164936.1406250000,132217.1562500000,120332.4453125000,132562.7343750000,150482.6562500000,,,
8.9199999857,69,175535.2812500000,203480.6875000000,165199.9062500000,164170.6406250000,131484.7187500000,119614.2578125000,131755.5156250000,153759.9062500000,,,
8.9239999857,69,175621.5468750000,213636.3437500000,165381.5781250000,164384.0781250000,131735.4218750000,119832.7500000000,132003.3750000000,154285.7812500000,,,
8.9279999856,69,176011.4843750000,206064.5781250000,165950.5000000000,165199.2656250000,132525.9843750000,120598.7031250000,132855.1406250000,151935.5781250000,,,
8.9319999856,69,176199.0625000000,189098.2031250000,166202.7343750000,165633.6250000000,132907.6250000000,120988.2187500000,133283.9218750000,149411.7500000000,,,
8.9359999856,69,175881.0312500000,186611.8750000000,165696.2812500000,164942.6875000000,132208.6562500000,120337.7031250000,132555.7343750000,150470.3593750000,,,
8.9399999855,69,175523.0312500000,203393.9218750000,165181.3906250000,164156.3437500000,131466.1093750000,119601.1406250000,131740.4375000000,153743.8906250000,,,
8.9439999857,69,175613.1875000000,213596.1875000000,165366.3593750000,164380.6562500000,131720.7031250000,119828.0781250000,131989.0781250000,154280.5000000000,,,
8.9479999857,69,176005.3750000000,205966.6718750000,165941.5156250000,165208.6562500000,132518.4218750000,120599.5937500000,132847.1250000000,151916.6093750000,,,
8.9519999856,69,176189.0000000000,189069.3437500000,166193.6093750000,165625.3281250000,132900.9843750000,120977.5703125000,133277.5312500000,149406.5468750000,,,
8.9559999856,69,175887.8906250000,186568.9531250000,165713.9843750000,164950.0312500000,132228.3437500000,120337.6171875000,132573.1093750000,150468.0781250000,,,
8.9599999855,70,175541.8593750000,203335.7187500000,165217.3437500000,164174.1250000000,131500.5781250000,119618.0859375000,131776.2031250000,153752.1250000000,,,
8.9639999855,70,175610.8125000000,213585.1093750000,165373.7343750000,164392.9843750000,131728.9062500000,119821.6406250000,131998.1718750000,154286.0781250000,,,
8.9679999854,70,176001.1093750000,205984.3125000000,165943.6875000000,165222.7343750000,132521.9843750000,120583.3125000000,132847.7968750000,151914.5156250000,,,
8.9719999854,70,176180.6093750000,189103.8125000000,166186.6562500000,165632.5468750000,132893.5468750000,120959.4062500000,133266.8906250000,149399.6250000000,,,
8.9759999854,70,175868.5781250000,186532.6406250000,165693.0312500000,164952.8125000000,132208.2187500000,120322.6250000000,132550.9062500000,150441.1875000000,,,
8.9799999853,70,175515.6875000000,203274.0781250000,165185.3593750000,164155.2343750000,131469.2187500000,119598.3515625000,131738.2656250000,153723.2187500000,,,
8.9839999855,70,175605.1093750000,213600.5000000000,165368.1562500000,164369.5156250000,131720.7812500000,119817.2734375000,131988.1406250000,154286.5625000000,,,
8.9879999855,70,175996.6250000000,206149.2031250000,165937.5468750000,165193.6562500000,132512.0312500000,120588.8359375000,132837.4687500000,151946.4375000000,,,
8.9919999854,70,176193.1562500000,189216.5468750000,166202.1875000000,165632.2812500000,132905.2500000000,120981.6171875000,133276.6562500000,149418.0781250000,,,
8.9959999854,70,175883.4062500000,186507.1406250000,165710.1406250000,164960.8125000000,132224.9843750000,120335.7968750000,132566.7968750000,150434.8750000000,,,
8.9999999853,70,175527.5312500000,203223.6250000000,165192.5000000000,164177.1250000000,131479.0312500000,119606.3125000000,131751.3281250000,153724.0781250000,,,
9.0039999855,70,175615.1093750000,213613.9218750000,165371.0625000000,164384.2656250000,131723.7031250000,119822.7656250000,131992.0000000000,154303.3281250000,,,
9.0079999855,70,175988.2812500000,206269.5000000000,165926.8906250000,165189.2031250000,132499.9687500000,120565.5781250000,132831.0000000000,151956.6250000000,,,
9.0119999854,70,176187.4687500000,189291.2343750000,166195.2656250000,165633.0000000000,132902.5156250000,120969.5234375000,133280.3750000000,149411.6406250000,,,
9.0159999854,70,175895.2187500000,186482.0625000000,165722.5625000000,164988.7031250000,132239.2500000000,120347.5703125000,132582.8906250000,150427.1250000000,,,
9.0199999854,70,175545.5156250000,203173.0937500000,165217.8750000000,164206.9531250000,131500.1093750000,119622.4921875000,131769.2031250000,153723.9062500000,,,
9.0239999853,70,175620.3437500000,213608.1562500000,165385.5937500000,164389.4687500000,131733.3281250000,119821.0000000000,131997.5312500000,154304.3437500000,,,
9.0279999855,70,175991.4062500000,206277.4375000000,165930.4843750000,165179.7343750000,132503.2031250000,120576.4687500000,132830.6562500000,151963.0937500000,,,
9.0319999855,70,176182.1562500000,189307.2031250000,166187.3906250000,165621.0937500000,132895.8593750000,120978.4765625000,133276.5156250000,149414.0781250000,,,
9.0359999854,70,175889.6093750000,186414.2500000000,165714.4843750000,164981.5156250000,132233.1406250000,120350.4375000000,132583.5937500000,150409.3906250000,,,
9.0399999854,70,175541.0000000000,203081.1718750000,165206.9375000000,164207.0000000000,131489.2343750000,119616.9921875000,131764.5625000000,153710.6875000000,,,
9.0439999853,70,175608.1406250000,213571.5156250000,165366.2031250000,164383.7031250000,131716.2812500000,119814.2109375000,131986.0468750000,154297.6562500000,,,
9.0479999855,70,175985.3125000000,206250.6875000000,165923.8593750000,165191.3437500000,132499.4531250000,120573.3828125000,132830.8906250000,151959.0468750000,,,
9.0519999855,70,176179.2343750000,189312.3437500000,166186.7187500000,165640.2187500000,132896.3437500000,120970.1406250000,133279.0156250000,149413.9218750000,,,
9.0559999854,70,175886.2031250000,186365.4843750000,165715.9687500000,164974.3281250000,132237.9687500000,120356.5859375000,132590.3593750000,150401.8593750000,,,
9.0599999854,70,175531.2343750000,203004.8437500000,165198.3281250000,164174.0937500000,131485.9531250000,119628.5234375000,131763.1093750000,153705.5937500000,,,
9.0639999853,70,175609.1875000000,213566.2500000000,165367.0937500000,164382.7656250000,131719.7656250000,119835.4296875000,131989.5937500000,154320.7812500000,,,
9.0679999853,70,175974.9843750000,206297.8437500000,165914.4531250000,165173.7187500000,132491.5937500000,120576.9296875000,132823.3593750000,151974.7656250000,,,
9.0719999855,70,176154.7500000000,189345.8437500000,166164.1093750000,165603.5000000000,132877.8125000000,120960.3750000000,133260.5000000000,149405.2656250000,,,
9.0759999854,70,175857.6093750000,186303.9062500000,165687.9062500000,164950.8593750000,132216.1875000000,120337.5625000000,132568.0937500000,150363.4843750000,,,
9.0799999854,70,175511.8750000000,202920.3593750000,165181.9843750000,164161.7812500000,131472.6250000000,119614.0390625000,131753.0000000000,153676.4687500000,,,
9.0839999854,70,175593.1406250000,213549.2968750000,165351.7968750000,164362.5468750000,131703.6406250000,119812.9218750000,131979.8906250000,154307.4062500000,,,
9.0879999853,71,175965.8437500000,206434.7968750000,165903.7968750000,165168.0625000000,132475.4531250000,120556.2187500000,132812.6250000000,151983.7968750000,,,
9.0919999853,71,176172.4531250000,189439.6718750000,166182.5625000000,165632.4062500000,132891.3750000000,120973.0625000000,133277.9375000000,149412.8281250000,,,
9.0959999852,71,175894.9531250000,186285.0468750000,165723.7968750000,165006.8437500000,132247.8906250000,120371.7109375000,132604.3593750000,150375.1250000000,,,
9.0999999852,71,175548.5468750000,202883.9531250000,165212.7812500000,164211.5156250000,131500.8125000000,119641.5312500000,131783.2812500000,153697.4062500000,,,
9.1039999851,71,175617.7343750000,213569.2031250000,165372.5312500000,164386.0156250000,131722.0468750000,119820.1406250000,131996.8906250000,154331.0781250000,,,
9.1079999851,71,175988.2031250000,206607.2031250000,165923.0312500000,165179.5937500000,132492.6718750000,120562.9218750000,132830.9531250000,152033.0937500000,,,
9.1119999853,71,176185.5625000000,189566.6250000000,166194.6875000000,165635.1406250000,132905.1875000000,120976.7343750000,133291.0781250000,149430.6250000000,,,
9.1159999853,71,175914.9218750000,186275.6562500000,165747.0156250000,165006.7343750000,132273.7187500000,120385.3359375000,132630.5312500000,150371.8125000000,,,
9.1199999852,71,175548.7812500000,202832.4062500000,165217.8750000000,164193.7500000000,131508.2187500000,119644.6953125000,131797.3906250000,153682.8125000000,,,
9.1239999852,71,175611.9218750000,213557.5937500000,165369.9062500000,164364.4843750000,131722.2500000000,119828.2656250000,132007.5937500000,154325.3906250000,,,
9.1279999851,71,175997.0781250000,206556.9218750000,165936.9531250000,165179.1250000000,132509.2968750000,120592.4843750000,132855.3593750000,152031.3906250000,,,
9.1319999853,71,176210.9062500000,189568.3437500000,166222.0937500000,165646.7031250000,132934.2187500000,121025.1484375000,133337.3437500000,149458.6093750000,,,
9.1359999853,71,175930.1093750000,186232.7187500000,165767.1093750000,165013.5781250000,132297.0468750000,120426.4843750000,132681.6093750000,150383.3750000000,,,
9.1399999852,71,175565.7031250000,202755.7500000000,165237.3281250000,164193.1406250000,131531.1562500000,119678.4375000000,131849.2031250000,153695.5000000000,,,
9.1439999852,71,175625.5937500000,213529.4218750000,165380.3125000000,164374.1093750000,131738.4843750000,119853.6171875000,132049.9375000000,154348.7031250000,,,
9.1479999851,71,176008.6406250000,206519.7656250000,165943.2812500000,165186.9218750000,132524.1250000000,120622.0390625000,132895.7812500000,152052.9218750000,,,
9.1519999851,71,176208.6875000000,189557.6093750000,166219.6875000000,165640.8281250000,132942.5312500000,121055.0859375000,133376.9375000000,149475.8750000000,,,
9.1559999853,71,175916.9062500000,186175.6406250000,165757.5312500000,164994.8281250000,132303.5468750000,120451.3437500000,132726.6875000000,150377.9687500000,,,
9.1599999852,71,175560.5625000000,202676.8125000000,165240.4375000000,164180.1875000000,131549.3906250000,119711.8046875000,131906.3593750000,153692.2812500000,,,
9.1639999852,71,175638.2812500000,213522.4843750000,165406.3593750000,164371.9375000000,131774.4062500000,119903.0468750000,132123.3281250000,154375.9843750000,,,
9.1679999852,71,176017.9843750000,206570.1875000000,165963.4687500000,165169.8593750000,132553.9062500000,120665.2500000000,132962.2500000000,152085.2656250000,,,
9.1719999851,71,176211.9843750000,189608.3125000000,166231.5937500000,165625.4062500000,132960.3125000000,121080.6484375000,133421.3281250000,149490.5468750000,,,
9.1759999853,71,175936.7812500000,186156.6718750000,165782.6093750000,165005.9218750000,132330.4531250000,120492.8125000000,132760.1093750000,150387.6406250000,,,
9.1799999853,71,175586.1406250000,202640.4843750000,165270.5312500000,164207.0781250000,131578.4687500000,119736.3984375000,131940.2343750000,153709.8906250000,,,
9.1839999852,71,175660.8125000000,213548.6562500000,165431.5625000000,164381.7031250000,131797.6250000000,119936.3593750000,132158.6562500000,154409.1562500000,,,
9.1879999852,71,176037.0000000000,206673.0000000000,165982.3281250000,165183.9218750000,132572.0312500000,120687.7812500000,132993.0625000000,152120.7343750000,,,
9.1919999851,71,176244.9687500000,189707.4687500000,166260.6406250000,165649.8750000000,132991.3906250000,121106.8750000000,133458.9062500000,149526.0625000000,,,
9.1959999851,71,175954.6562500000,186150.9843750000,165795.5937500000,165012.3125000000,132347.8750000000,120506.8671875000,132787.2343750000,150393.0625000000,,,
9.1999999853,71,175588.6875000000,202591.9218750000,165263.1562500000,164191.4531250000,131574.8750000000,119752.4453125000,131938.4375000000,153710.2031250000,,,
9.2039999852,71,175653.7656250000,213555.4531250000,165414.8281250000,164366.8906250000,131783.6562500000,119931.6640625000,132136.1562500000,154413.9375000000,,,
9.2079999852,71,176039.3906250000,206791.1562500000,165983.1093750000,165174.9062500000,132569.8125000000,120693.5781250000,132977.0156250000,152147.2812500000,,,
9.2119999852,71,176243.0937500000,189789.6718750000,166263.1250000000,165646.6250000000,132991.2031250000,121116.1328125000,133445.2343750000,149532.2031250000,,,
9.2159999851,72,175954.6718750000,186103.5156250000,165798.4375000000,165029.3125000000,132350.1093750000,120515.1796875000,132780.1250000000,150379.6562500000,,,
9.2199999851,72,175588.4531250000,202494.5312500000,165265.4375000000,164212.7968750000,131576.1250000000,119752.4921875000,131934.1562500000,153696.9062500000,,,
9.2239999850,72,175637.3125000000,213513.5000000000,165395.2968750000,164374.8906250000,131762.0625000000,119911.5781250000,132108.6875000000,154402.1406250000,,,
9.2279999850,72,176016.0468750000,206828.5156250000,165953.7656250000,165176.4375000000,132539.8437500000,120661.1171875000,132944.2656250000,152138.5937500000,,,
9.2319999849,72,176214.3437500000,189813.2031250000,166228.5312500000,165637.5937500000,132959.9062500000,121080.4296875000,133416.2031250000,149509.0312500000,,,
9.2359999849,72,175933.1875000000,186027.5625000000,165776.6093750000,165022.6406250000,132333.1562500000,120483.7734375000,132761.4218750000,150344.4375000000,,,
9.2399999851,72,175583.1093750000,202400.6250000000,165257.5156250000,164208.9843750000,131571.8437500000,119739.5390625000,131921.6250000000,153684.0000000000,,,
9.2439999850,72,175637.2656250000,213481.3593750000,165394.6562500000,164372.8437500000,131763.3750000000,119909.0000000000,132101.2187500000,154406.2968750000,,,
9.2479999850,72,176004.4687500000,206835.6562500000,165940.7812500000,165168.3593750000,132527.8125000000,120649.1875000000,132925.7968750000,152136.8437500000,,,
9.2519999850,72,176210.6406250000,189854.3750000000,166222.0937500000,165642.6562500000,132949.8750000000,121069.1406250000,133395.5312500000,149510.0468750000,,,
9.2559999849,72,175935.2031250000,185996.3125000000,165775.9062500000,165023.6875000000,132325.9375000000,120481.6015625000,132743.5937500000,150330.1875000000,,,
9.2599999851,72,175559.9375000000,202340.6406250000,165235.0468750000,164178.5156250000,131541.1250000000,119709.3125000000,131887.0312500000,153649.1875000000,,,
9.2639999851,72,175613.6406250000,213496.4062500000,165374.1875000000,164335.5625000000,131736.1250000000,119865.1484375000,132072.2656250000,154390.0625000000,,,
9.2679999850,72,175997.4375000000,206940.7656250000,165937.0000000000,165148.4843750000,132518.0156250000,120618.8750000000,132912.1093750000,152147.4218750000,,,
9.2719999850,72,176214.4218750000,189931.9375000000,166229.8125000000,165631.7343750000,132953.6875000000,121060.0156250000,133394.5000000000,149516.0312500000,,,
9.2759999849,72,175937.4843750000,185975.0937500000,165778.7812500000,165020.8750000000,132328.1718750000,120477.3906250000,132740.6718750000,150317.6875000000,,,
9.2799999849,72,175565.9218750000,202300.3125000000,165237.6718750000,164200.0781250000,131543.5468750000,119710.1953125000,131885.7968750000,153646.5312500000,,,
9.2839999851,72,175619.5156250000,213512.6875000000,165374.1093750000,164354.8437500000,131735.4531250000,119867.0234375000,132070.9375000000,154400.3593750000,,,
9.2879999850,72,176002.7968750000,207038.2968750000,165935.5781250000,165155.8125000000,132517.1875000000,120622.3906250000,132913.5937500000,152165.0625000000,,,
9.2919999850,72,176219.9531250000,190021.7187500000,166231.7812500000,165645.7343750000,132957.5781250000,121067.1250000000,133408.2187500000,149522.4687500000,,,
9.2959999850,72,175944.7343750000,185960.9062500000,165787.2500000000,165043.9375000000,132337.7968750000,120491.1718750000,132767.2500000000,150308.0312500000,,,
9.2999999849,72,175572.1406250000,202236.6875000000,165244.3750000000,164207.7500000000,131550.8125000000,119720.3593750000,131917.3125000000,153640.4687500000,,,
9.3039999851,72,175615.3593750000,213503.6250000000,165366.3125000000,164343.0000000000,131728.0312500000,119875.3671875000,132092.7031250000,154405.6250000000,,,
9.3079999851,72,175992.3906250000,207083.1406250000,165921.3593750000,165139.8281250000,132502.9687500000,120636.6015625000,132932.0156250000,152177.3437500000,,,
9.3119999850,72,176219.4062500000,190062.1406250000,166231.7968750000,165631.4218750000,132959.1562500000,121092.5781250000,133445.2031250000,149536.9062500000,,,
9.3159999850,72,175945.2343750000,185915.5781250000,165786.2656250000,165036.9843750000,132344.0937500000,120518.1015625000,132808.0625000000,150306.8906250000,,,
9.3199999849,72,175587.1093750000,202169.5781250000,165257.5937500000,164214.4687500000,131570.7656250000,119769.1796875000,131966.5312500000,153656.3125000000,,,
9.3239999849,72,175638.9531250000,213496.7343750000,165390.9531250000,164362.4687500000,131757.7656250000,119924.6093750000,132151.8906250000,154442.3125000000,,,
9.3279999851,72,176008.8125000000,207139.2031250000,165940.5468750000,165157.3437500000,132528.8437500000,120660.6875000000,132985.2812500000,152209.2187500000,,,
9.3319999850,72,176227.2187500000,190129.1875000000,166239.5625000000,165646.0312500000,132977.2656250000,121109.1328125000,133489.9062500000,149555.3593750000,,,
9.3359999850,72,175964.9062500000,185893.7656250000,165808.8750000000,165054.8281250000,132375.9687500000,120552.3828125000,132868.5000000000,150313.1875000000,,,
9.3399999849,72,175598.7187500000,202101.6562500000,165270.7187500000,164201.1875000000,131589.1406250000,119783.4218750000,132006.3906250000,153651.9218750000,,,
9.3439999849,73,175658.2656250000,213492.8125000000,165409.5156250000,164342.1093750000,131777.4062500000,119942.8515625000,132175.8750000000,154458.2187500000,,,
9.3479999849,73,176045.7187500000,207214.5625000000,165977.1562500000,165156.8750000000,132562.1562500000,120701.6484375000,133019.5625000000,152254.5937500000,,,
9.3519999848,73,176254.4218750000,190204.1250000000,166268.2031250000,165648.9062500000,133001.8125000000,121136.0312500000,133516.7343750000,149582.5000000000,,,
9.3559999848,73,175982.7343750000,185863.2656250000,165826.4218750000,165058.5000000000,132391.3125000000,120562.5781250000,132879.7031250000,150309.6250000000,,,
9.3599999847,73,175602.7500000000,202035.3593750000,165270.9218750000,164214.7343750000,131588.8437500000,119777.1171875000,131997.9843750000,153641.8593750000,,,
9.3639999847,73,175647.9375000000,213488.2812500000,165395.8437500000,164358.5156250000,131765.4687500000,119923.5390625000,132162.6250000000,154454.7343750000,,,
9.3679999849,73,176019.2968750000,207276.4687500000,165949.0937500000,165165.7656250000,132535.4218750000,120663.5625000000,132989.2187500000,152240.9687500000,,,
9.3719999848,73,176238.0000000000,190263.2187500000,166248.9218750000,165664.3906250000,132983.4375000000,121114.7109375000,133488.5468750000,149570.0781250000,,,
9.3759999848,73,175970.1093750000,185831.2187500000,165813.4531250000,165067.8906250000,132378.3750000000,120555.3359375000,132860.7500000000,150287.0312500000,,,
9.3799999848,73,175585.6406250000,201956.2812500000,165253.4218750000,164221.9218750000,131569.3125000000,119767.5156250000,131976.5781250000,153619.6875000000,,,
9.3839999847,73,175623.5000000000,213496.6562500000,165368.8906250000,164357.9375000000,131731.4843750000,119901.7343750000,132121.0937500000,154450.2031250000,,,
9.3879999849,73,176007.8125000000,207602.1718750000,165928.9218750000,165149.9062500000,132503.6406250000,120647.3359375000,132946.0937500000,152301.5937500000,,,
9.3919999849,73,176231.8593750000,190485.9843750000,166241.8906250000,165658.9375000000,132970.1250000000,121104.1640625000,133465.9687500000,149578.8750000000,,,
9.3959999848,73,175947.6718750000,185805.2500000000,165789.5156250000,165061.0000000000,132349.8593750000,120515.3125000000,132817.5156250000,150237.8750000000,,,
9.3999999848,73,175581.5625000000,201879.7343750000,165244.8593750000,164220.5156250000,131555.0468750000,119737.9062500000,131941.7187500000,153590.9218750000,,,
9.4039999847,73,175632.6875000000,213502.3125000000,165375.8906250000,164342.4062500000,131733.3906250000,119881.8281250000,132104.2812500000,154456.3437500000,,,
9.4079999847,73,176008.7500000000,207831.8281250000,165928.6093750000,165120.5156250000,132499.3125000000,120618.2343750000,132922.7656250000,152340.2656250000,,,
9.4119999849,73,176239.4687500000,190649.1562500000,166248.6718750000,165647.3437500000,132979.6250000000,121096.0937500000,133455.3593750000,149592.3125000000,,,
9.4159999848,73,175970.9843750000,185788.6250000000,165812.2812500000,165067.1875000000,132376.0468750000,120534.6250000000,132825.7968750000,150244.5468750000,,,
9.4199999848,73,175603.3437500000,201819.7031250000,165270.6406250000,164243.2187500000,131580.6406250000,119755.2578125000,131951.9375000000,153602.5625000000,,,
9.4239999847,73,175630.1250000000,213475.7031250000,165376.0781250000,164370.3281250000,131730.0312500000,119869.3046875000,132086.6875000000,154457.3906250000,,,
9.4279999847,73,175986.1093750000,207805.7343750000,165907.2343750000,165119.0312500000,132473.6250000000,120578.8828125000,132888.2343750000,152314.1406250000,,,
9.4319999849,73,176213.5156250000,190639.8906250000,166223.9218750000,165632.0156250000,132951.5937500000,121055.8593750000,133420.5000000000,149561.5468750000,,,
9.4359999849,73,175956.8281250000,185729.1875000000,165801.6875000000,165071.3437500000,132363.8437500000,120508.0234375000,132803.7187500000,150208.7187500000,,,
9.4399999848,73,175587.3281250000,201724.3750000000,165256.5781250000,164236.6718750000,131565.4062500000,119722.9140625000,131926.2343750000,153564.4218750000,,,
9.4439999848,73,175632.0156250000,213411.5468750000,165381.7031250000,164352.0000000000,131734.5937500000,119859.3828125000,132081.9687500000,154442.9062500000,,,
9.4479999847,73,176002.6093750000,207457.1250000000,165930.4062500000,165128.2343750000,132500.9062500000,120600.2109375000,132907.3437500000,152267.8125000000,,,
9.4519999847,73,176217.1406250000,190458.2656250000,166229.9062500000,165634.1562500000,132953.1250000000,121046.9843750000,133413.9062500000,149563.6406250000,,,
9.4559999849,73,175949.0468750000,185671.2500000000,165797.2343750000,165063.2656250000,132357.4531250000,120490.0468750000,132794.0625000000,150203.6718750000,,,
9.4599999848,73,175567.8750000000,201628.3281250000,165240.4375000000,164218.3437500000,131547.0000000000,119698.7968750000,131911.6406250000,153540.3750000000,,,
9.4639999848,73,175609.0781250000,213344.8437500000,165355.0781250000,164346.9375000000,131706.1406250000,119835.6953125000,132057.4843750000,154423.4843750000,,,
9.4679999847,73,175991.7812500000,207267.5625000000,165914.3906250000,165154.4687500000,132486.1562500000,120591.6250000000,132891.5156250000,152230.7500000000,,,
9.4719999847,74,176218.5625000000,190346.1875000000,166225.7187500000,165657.8437500000,132945.1250000000,121046.7421875000,133400.5937500000,149562.7031250000,,,
9.4759999847,74,175956.5625000000,185594.9218750000,165803.5312500000,165080.2812500000,132359.8750000000,120496.0000000000,132791.0625000000,150202.7656250000,,,
9.4799999846,74,175582.1406250000,201531.7187500000,165246.1718750000,164227.3125000000,131550.5937500000,119712.4765625000,131901.7812500000,153548.2187500000,,,
9.4839999846,74,175629.5937500000,213327.3281250000,165368.7031250000,164347.0625000000,131718.3906250000,119851.3359375000,132055.8437500000,154452.0468750000,,,
9.4879999845,74,175995.8750000000,207396.2343750000,165915.1406250000,165126.6250000000,132482.4531250000,120592.8593750000,132875.8750000000,152269.4531250000,,,
9.4919999845,74,176216.2968750000,190461.0000000000,166224.4062500000,165633.0312500000,132940.7343750000,121042.3125000000,133385.7343750000,149572.1250000000,,,
9.4959999847,74,175954.7812500000,185557.7343750000,165803.7031250000,165066.5781250000,132360.4375000000,120496.7578125000,132782.7187500000,150185.2968750000,,,
9.4999999846,74,175578.4687500000,201462.1718750000,165243.8125000000,164219.6406250000,131548.6406250000,119710.9218750000,131897.4843750000,153538.9531250000,,,
9.5039999846,74,175613.8437500000,213340.6875000000,165351.3906250000,164338.7031250000,131698.3906250000,119831.8359375000,132030.4687500000,154451.1093750000,,,
9.5079999845,74,175985.6875000000,207603.5625000000,165905.3750000000,165133.7031250000,132465.9531250000,120569.6875000000,132851.6250000000,152297.0312500000,,,
9.5119999845,74,176209.9687500000,190622.1875000000,166219.7343750000,165658.0000000000,132933.0625000000,121033.6562500000,133375.7031250000,149576.2968750000,,,
9.5159999847,74,175948.8593750000,185552.0000000000,165796.2968750000,165100.2656250000,132350.4062500000,120493.1328125000,132773.6093750000,150164.2656250000,,,
9.5199999847,74,175563.6875000000,201397.7343750000,165233.1093750000,164238.6250000000,131534.8281250000,119693.7578125000,131883.3750000000,153509.5781250000,,,
9.5239999846,74,175590.9375000000,213333.3906250000,165336.3281250000,164344.5156250000,131681.1718750000,119808.5000000000,132013.8125000000,154435.3906250000,,,
9.5279999846,74,175962.0000000000,207756.5937500000,165884.0312500000,165133.7343750000,132445.4687500000,120544.6875000000,132835.4062500000,152306.7968750000,,,
9.5319999845,74,176200.1875000000,190727.5625000000,166211.3593750000,165662.8281250000,132931.7187500000,121024.2890625000,133377.2656250000,149571.7500000000,,,
9.5359999845,74,175933.5625000000,185507.0000000000,165777.9687500000,165096.9843750000,132342.7031250000,120481.8671875000,132767.6406250000,150133.9687500000,,,
9.5399999847,74,175558.5468750000,201318.2656250000,165223.7031250000,164232.4531250000,131532.0625000000,119692.6250000000,131882.0937500000,153492.2187500000,,,
9.5439999846,74,175590.4062500000,213317.3437500000,165327.6875000000,164334.6562500000,131675.2968750000,119804.0468750000,132010.5468750000,154436.2500000000,,,
9.5479999846,74,175960.7968750000,207771.0000000000,165878.8281250000,165117.5937500000,132438.7031250000,120532.4531250000,132833.8750000000,152304.2656250000,,,
9.5519999845,74,176199.8125000000,190771.5781250000,166209.0312500000,165643.8437500000,132924.6093750000,121020.3203125000,133375.0312500000,149574.9375000000,,,
9.5559999845,74,175948.4843750000,185484.5468750000,165799.1875000000,165094.0312500000,132358.2343750000,120488.4921875000,132786.2343750000,150130.7500000000,,,
9.5599999847,74,175573.4843750000,201256.4687500000,165241.4843750000,164231.5468750000,131548.0000000000,119696.2500000000,131899.0625000000,153489.7031250000,,,
9.5639999846,74,175621.0937500000,213309.5625000000,165360.2812500000,164339.7187500000,131706.5468750000,119823.0937500000,132038.6562500000,154463.3125000000,,,
9.5679999846,74,175990.7031250000,207784.1875000000,165910.6875000000,165121.3437500000,132471.3437500000,120554.0703125000,132858.8750000000,152336.0781250000,,,
9.5719999846,74,176226.0937500000,190813.4687500000,166237.3906250000,165654.2968750000,132956.5312500000,121039.3359375000,133401.2968750000,149605.9375000000,,,
9.5759999845,74,175978.7187500000,185471.8593750000,165827.4687500000,165101.9843750000,132392.1875000000,120517.7578125000,132814.3437500000,150151.7968750000,,,
9.5799999845,74,175601.5937500000,201206.8750000000,165263.7656250000,164231.4062500000,131570.4687500000,119721.1171875000,131914.8125000000,153510.4531250000,,,
9.5839999847,74,175631.6875000000,213311.8750000000,165367.2812500000,164331.7343750000,131710.4062500000,119824.9453125000,132040.2812500000,154478.6093750000,,,
9.5879999846,74,175989.3593750000,207847.7812500000,165907.6875000000,165122.8750000000,132466.0312500000,120547.2109375000,132853.2031250000,152345.7187500000,,,
9.5919999846,74,176230.8437500000,190892.5468750000,166243.4218750000,165672.0468750000,132959.0312500000,121040.0625000000,133401.0312500000,149613.9375000000,,,
9.5959999845,74,175975.1718750000,185463.0781250000,165830.6250000000,165117.2968750000,132393.3125000000,120519.9296875000,132816.7343750000,150134.7656250000,,,
9.5999999845,75,175591.5937500000,201139.5000000000,165265.2187500000,164249.7343750000,131570.2343750000,119713.8203125000,131920.6093750000,153485.5937500000,,,
9.6039999845,75,175607.6562500000,213302.5468750000,165351.0781250000,164350.0468750000,131693.3437500000,119810.0312500000,132027.5000000000,154462.1406250000,,,
9.6079999844,75,175976.2968750000,207983.3125000000,165894.5468750000,165128.9843750000,132451.3281250000,120547.0468750000,132843.3593750000,152362.0937500000,,,
9.6119999844,75,176217.5312500000,190990.6875000000,166228.2656250000,165666.6406250000,132945.6718750000,121038.0781250000,133399.0625000000,149603.7656250000,,,
9.6159999843,75,175964.0937500000,185421.4375000000,165818.6562500000,165121.9843750000,132382.3437500000,120513.8906250000,132817.8125000000,150099.3281250000,,,
9.6199999843,75,175587.0312500000,201056.5625000000,165257.5781250000,164257.0781250000,131561.4062500000,119716.2343750000,131926.2968750000,153464.1718750000,,,
9.6239999845,75,175621.1250000000,213289.1875000000,165359.3125000000,164338.0000000000,131699.4531250000,119828.1640625000,132049.4843750000,154476.2500000000,,,
9.6279999844,75,175974.2812500000,208031.1718750000,165888.5312500000,165108.4687500000,132443.1250000000,120546.4296875000,132844.4062500000,152373.5781250000,,,
9.6319999844,75,176206.0000000000,191050.9375000000,166213.6406250000,165644.4531250000,132931.3125000000,121026.6484375000,133387.5937500000,149606.7500000000,,,
9.6359999843,75,175969.2500000000,185394.7187500000,165823.5937500000,165121.0000000000,132387.7187500000,120518.4531250000,132823.6250000000,150094.2656250000,,,
9.6399999843,75,175584.5625000000,200991.3593750000,165254.4843750000,164240.6718750000,131559.9531250000,119714.4921875000,131925.4062500000,153454.1875000000,,,
9.6439999845,75,175600.5468750000,213266.5156250000,165334.6093750000,164326.1406250000,131679.6406250000,119811.2343750000,132028.4531250000,154465.2812500000,,,
9.6479999844,75,175968.5156250000,208045.6250000000,165883.4062500000,165098.8906250000,132441.2187500000,120542.8046875000,132843.2343750000,152376.7187500000,,,
9.6519999844,75,176219.0625000000,191089.0937500000,166228.8750000000,165646.6875000000,132945.2031250000,121046.4765625000,133404.0312500000,149628.1250000000,,,
9.6559999844,75,175980.2343750000,185373.2031250000,165840.9843750000,165125.7656250000,132402.0156250000,120530.8984375000,132840.9531250000,150098.6562500000,,,
9.6599999843,75,175594.8593750000,200914.0625000000,165271.6562500000,164248.9062500000,131571.1875000000,119719.2109375000,131932.7343750000,153448.7187500000,,,
9.6639999843,75,175595.3750000000,213242.9375000000,165335.7343750000,164315.4531250000,131671.8281250000,119796.9140625000,132017.4375000000,154459.4843750000,,,
9.6679999845,75,175980.0781250000,208061.5625000000,165897.9687500000,165110.4062500000,132446.5000000000,120546.7265625000,132850.3906250000,152388.8125000000,,,
9.6719999844,75,176231.5937500000,191125.8125000000,166242.4843750000,165659.9843750000,132952.1250000000,121056.0468750000,133415.5937500000,149640.4843750000,,,
9.6759999844,75,175978.7968750000,185348.0156250000,165836.0156250000,165130.0000000000,132397.0156250000,120541.0937500000,132841.0937500000,150092.7031250000,,,
9.6799999843,75,175587.3750000000,200868.0937500000,165254.6250000000,164244.3750000000,131556.9062500000,119722.2968750000,131924.8125000000,153447.0781250000,,,
9.6839999843,75,175613.8750000000,213266.0625000000,165350.3281250000,164326.5312500000,131685.8281250000,119812.9765625000,132038.4375000000,154491.1875000000,,,
9.6879999845,75,175973.8281250000,208184.6093750000,165889.1562500000,165103.9375000000,132439.1093750000,120538.4375000000,132844.8437500000,152411.5625000000,,,
9.6919999844,75,176215.9218750000,191225.1406250000,166224.2968750000,165658.5312500000,132935.8281250000,121041.1875000000,133395.8437500000,149634.2343750000,,,
9.6959999844,75,175977.2343750000,185336.2968750000,165832.6093750000,165127.3437500000,132395.5468750000,120542.6718750000,132835.5156250000,150075.5156250000,,,
9.6999999844,75,175597.7812500000,200808.1093750000,165266.8593750000,164252.1406250000,131567.8125000000,119741.5000000000,131935.7031250000,153439.6718750000,,,
9.7039999843,75,175613.5312500000,213254.4218750000,165351.5312500000,164343.0937500000,131683.0937500000,119815.1250000000,132036.7968750000,154490.4062500000,,,
9.7079999843,75,175970.2031250000,208252.7500000000,165888.8906250000,165119.0156250000,132433.9062500000,120528.0000000000,132846.6875000000,152417.9218750000,,,
9.7119999845,75,176197.6875000000,191300.0781250000,166209.1875000000,165637.4218750000,132921.2343750000,121022.0625000000,133391.1875000000,149624.0937500000,,,
9.7159999844,75,175953.9531250000,185303.0937500000,165816.1406250000,165115.9531250000,132381.7343750000,120522.7421875000,132822.5000000000,150037.3750000000,,,
9.7199999844,75,175574.9062500000,200714.6875000000,165248.7500000000,164258.3437500000,131551.8906250000,119720.2265625000,131913.5312500000,153401.9062500000,,,
9.7239999843,75,175598.4531250000,213213.3906250000,165334.4375000000,164339.0781250000,131670.2500000000,119813.7812500000,132023.6875000000,154482.4062500000,,,
9.7279999843,76,175967.4218750000,208268.2812500000,165879.5781250000,165099.6718750000,132426.3437500000,120539.9921875000,132842.9843750000,152436.7500000000,,,
9.7319999842,76,176207.4218750000,191344.0156250000,166217.8593750000,165637.6718750000,132928.5000000000,121041.2968750000,133401.4218750000,149648.6718750000,,,
9.7359999842,76,175970.6093750000,185287.7500000000,165833.1718750000,165122.1250000000,132399.3750000000,120545.4609375000,132854.0468750000,150051.7812500000,,,
9.7399999842,76,175584.5937500000,200650.8750000000,165260.6875000000,164250.1406250000,131563.1406250000,119723.9296875000,131940.5625000000,153404.7812500000,,,
9.7439999841,76,175598.1093750000,213206.5937500000,165335.1718750000,164312.0468750000,131667.1406250000,119805.8750000000,132023.8750000000,154490.5156250000,,,
9.7479999841,76,175956.5625000000,208306.8437500000,165871.8593750000,165077.0000000000,132416.4687500000,120520.8984375000,132829.3125000000,152434.8750000000,,,
9.7519999843,76,176200.9375000000,191392.6250000000,166213.7500000000,165635.1718750000,132925.2031250000,121022.4687500000,133397.6718750000,149644.4375000000,,,
9.7559999842,76,175966.7500000000,185256.2031250000,165828.3750000000,165129.9843750000,132396.9687500000,120533.6875000000,132849.5312500000,150031.2343750000,,,
9.7599999842,76,175591.7187500000,200581.0156250000,165261.8593750000,164255.6093750000,131567.0312500000,119727.7656250000,131941.6093750000,153396.7343750000,,,
9.7639999841,76,175605.1562500000,213195.1250000000,165334.3906250000,164315.0156250000,131668.3906250000,119807.0000000000,132024.9375000000,154496.8906250000,,,
9.7679999841,76,175962.5312500000,208381.0625000000,165871.6093750000,165091.4062500000,132415.6562500000,120522.7421875000,132830.3281250000,152451.7968750000,,,
9.7719999843,76,176213.7500000000,191466.2500000000,166225.3906250000,165660.8750000000,132934.4843750000,121034.9921875000,133406.8750000000,149655.5156250000,,,
9.7759999842,76,175985.1562500000,185228.3125000000,165848.8437500000,165150.4375000000,132415.5781250000,120551.0156250000,132866.8437500000,150028.3906250000,,,
9.7799999842,76,175589.5156250000,200510.9218750000,165263.3437500000,164246.8281250000,131566.7187500000,119724.4687500000,131944.4843750000,153382.6562500000,,,
9.7839999842,76,175594.4062500000,213176.5625000000,165330.6406250000,164310.8125000000,131662.2343750000,119798.7343750000,132022.7968750000,154488.9062500000,,,
9.7879999841,76,175959.0781250000,208455.0156250000,165872.2343750000,165088.9218750000,132412.2031250000,120525.1093750000,132825.9062500000,152464.6406250000,,,
9.7919999841,76,176204.3593750000,191534.4218750000,166218.1718750000,165640.4062500000,132924.8750000000,121029.2031250000,133399.6875000000,149650.1406250000,,,
9.7959999843,76,175956.7656250000,185192.9531250000,165821.7812500000,165125.5312500000,132391.0937500000,120529.7187500000,132852.7343750000,149985.8750000000,,,
9.7999999842,76,175567.5312500000,200420.7500000000,165241.7968750000,164242.7812500000,131546.5468750000,119709.2343750000,131932.8125000000,153344.4375000000,,,
9.8039999842,76,175587.5625000000,213129.6406250000,165324.6562500000,164313.2968750000,131654.1093750000,119788.0312500000,132022.3125000000,154479.7343750000,,,
9.8079999841,76,175954.0312500000,208471.4218750000,165870.0000000000,165088.8906250000,132408.5468750000,120514.2968750000,132830.7812500000,152472.0937500000,,,
9.8119999841,76,176216.9687500000,191583.4375000000,166233.7343750000,165657.5156250000,132938.7968750000,121039.8750000000,133416.7656250000,149677.5781250000,,,
9.8159999843,76,175975.8125000000,185177.8281250000,165843.5312500000,165145.2656250000,132410.3750000000,120549.5703125000,132868.5781250000,150008.0312500000,,,
9.8199999842,76,175581.0781250000,200354.7968750000,165252.6093750000,164257.4062500000,131556.4375000000,119722.7265625000,131937.3437500000,153360.1718750000,,,
9.8239999842,76,175588.0468750000,213114.9218750000,165320.3437500000,164313.5625000000,131650.1562500000,119784.5234375000,132008.0781250000,154495.2343750000,,,
9.8279999841,76,175927.9062500000,208504.8750000000,165840.7343750000,165061.0937500000,132383.1875000000,120477.4687500000,132796.9375000000,152461.9375000000,,,
9.8319999841,76,176200.5000000000,191617.5000000000,166213.5312500000,165643.4843750000,132924.4531250000,121012.0078125000,133398.1562500000,149663.1250000000,,,
9.8359999841,76,175991.5000000000,185138.3750000000,165852.8906250000,165166.7187500000,132425.2968750000,120554.7187500000,132881.0312500000,150002.4843750000,,,
9.8399999843,76,175604.2500000000,200287.4375000000,165268.8906250000,164274.9687500000,131574.8906250000,119734.2578125000,131956.0312500000,153367.0937500000,,,
9.8439999842,76,175596.7656250000,213102.3437500000,165324.8750000000,164300.5937500000,131655.4375000000,119783.8515625000,132017.6250000000,154508.1562500000,,,
9.8479999842,76,175963.3125000000,208585.9531250000,165874.6875000000,165063.9218750000,132414.6718750000,120507.2421875000,132830.6875000000,152511.6250000000,,,
9.8519999841,76,176238.1406250000,191721.5156250000,166250.6875000000,165666.3750000000,132959.8593750000,121049.5078125000,133432.7500000000,149712.6718750000,,,
9.8559999841,77,175993.0156250000,185149.5937500000,165849.3437500000,165157.2812500000,132425.0468750000,120567.2968750000,132875.8281250000,150007.6875000000,,,
9.8599999840,77,175588.1875000000,200226.7187500000,165252.1562500000,164259.3281250000,131561.9687500000,119721.5937500000,131937.1250000000,153345.1875000000,,,
9.8639999840,77,175596.0937500000,213092.7968750000,165322.9062500000,164307.5625000000,131656.9218750000,119788.3281250000,132024.0000000000,154510.7656250000,,,
9.8679999840,77,175976.2187500000,208612.8281250000,165883.1406250000,165084.8906250000,132427.6562500000,120522.6093750000,132850.6093750000,152530.1718750000,,,
9.8719999839,77,176236.9218750000,191760.1093750000,166247.5156250000,165658.2187500000,132960.6406250000,121041.3515625000,133434.3125000000,149714.2812500000,,,
9.8759999839,77,176011.2187500000,185118.8281250000,165881.0468750000,165171.2031250000,132457.6718750000,120571.5625000000,132913.3437500000,149999.0156250000,,,
9.8799999841,77,175616.6406250000,200159.8437500000,165292.2187500000,164263.6250000000,131602.8125000000,119739.8359375000,131984.0156250000,153350.8125000000,,,
9.8839999840,77,175606.7500000000,213071.2343750000,165338.0156250000,164301.0937500000,131674.2187500000,119780.2031250000,132036.6875000000,154512.6406250000,,,
9.8879999840,77,175961.0312500000,208674.2500000000,165871.2812500000,165057.4218750000,132419.8437500000,120495.9218750000,132845.9687500000,152523.7500000000,,,
9.8919999839,77,176230.9531250000,191824.3750000000,166248.0000000000,165641.2031250000,132966.5937500000,121036.5468750000,133454.0781250000,149711.6250000000,,,
9.8959999839,77,176002.4531250000,185085.4218750000,165871.4687500000,165157.9218750000,132456.1562500000,120568.2890625000,132926.9218750000,149981.3125000000,,,
9.8999999841,77,175606.5625000000,200069.7187500000,165276.5156250000,164262.6093750000,131593.8593750000,119734.8750000000,131989.1093750000,153330.8906250000,,,
9.9039999840,77,175613.0468750000,213043.3593750000,165344.1875000000,164303.7031250000,131681.6718750000,119788.9453125000,132057.5625000000,154526.8281250000,,,
9.9079999840,77,175985.0625000000,208770.1406250000,165895.2656250000,165084.6718750000,132440.4218750000,120512.9296875000,132867.0468750000,152570.0000000000,,,
9.9119999839,77,176257.9062500000,191931.9062500000,166276.4687500000,165692.1406250000,132991.1875000000,121049.9843750000,133473.6562500000,149743.4843750000,,,
9.9159999839,77,176016.4531250000,185084.2187500000,165889.1718750000,165183.6250000000,132474.2343750000,120575.0781250000,132945.2031250000,149978.7343750000,,,
9.9199999839,77,175609.4531250000,200027.8593750000,165283.1562500000,164266.8437500000,131602.3125000000,119739.8906250000,131999.6562500000,153322.8437500000,,,
9.9239999841,77,175605.3437500000,213043.2812500000,165339.5156250000,164297.3437500000,131678.5937500000,119788.5468750000,132057.5000000000,154527.0781250000,,,
9.9279999840,77,175965.2500000000,208785.7343750000,165881.3125000000,165067.3281250000,132426.9218750000,120499.1171875000,132856.1562500000,152561.6875000000,,,
9.9319999840,77,176230.8437500000,191952.6406250000,166251.0937500000,165642.9843750000,132968.0156250000,121032.7968750000,133452.7343750000,149729.1875000000,,,
9.9359999839,77,176013.5000000000,185058.4531250000,165892.1875000000,165165.8437500000,132475.1562500000,120575.2109375000,132941.5312500000,149969.6562500000,,,
9.9399999839,77,175626.7187500000,199953.9843750000,165306.0468750000,164272.1250000000,131621.2968750000,119751.9062500000,132008.5312500000,153328.6562500000,,,
9.9439999841,77,175626.1875000000,213038.3125000000,165361.7968750000,164315.1718750000,131698.2187500000,119797.5546875000,132066.2031250000,154550.8906250000,,,
9.9479999840,77,175974.3125000000,208820.8125000000,165884.1562500000,165074.9375000000,132433.3593750000,120508.6093750000,132857.2031250000,152583.5937500000,,,
9.9519999840,77,176231.7187500000,192004.9687500000,166250.9531250000,165641.6093750000,132972.4687500000,121039.5781250000,133459.4218750000,149743.7500000000,,,
9.9559999839,77,176004.7500000000,185032.7812500000,165880.9375000000,165170.9843750000,132474.0000000000,120575.1796875000,132947.1406250000,149957.2812500000,,,
9.9599999839,77,175611.8593750000,199877.7343750000,165287.8281250000,164271.6718750000,131609.9218750000,119736.6953125000,132006.3593750000,153303.9375000000,,,
9.9639999839,77,175608.7812500000,212995.5156250000,165343.4062500000,164292.8593750000,131680.7656250000,119779.7968750000,132055.6093750000,154534.1250000000,,,
9.9679999840,77,175971.5468750000,208861.1718750000,165883.5937500000,165053.8593750000,132426.1718750000,120498.6015625000,132856.7187500000,152586.2500000000,,,
9.9719999840,77,176249.7031250000,192068.9375000000,166265.9531250000,165656.3125000000,132979.2500000000,121052.8593750000,133468.9062500000,149760.4375000000,,,
9.9759999840,77,176017.2500000000,185008.9843750000,165892.5312500000,165191.1562500000,132476.8125000000,120585.1328125000,132949.6093750000,149950.0625000000,,,
9.9799999839,77,175600.7031250000,199785.5468750000,165276.9375000000,164285.6406250000,131594.0000000000,119727.6328125000,131993.1093750000,153273.6250000000,,,
9.9839999839,78,175594.5312500000,212949.2656250000,165322.9375000000,164304.5312500000,131659.8906250000,119773.5781250000,132039.4062500000,154521.5156250000,,,
9.9879999838,78,175957.2031250000,208896.5625000000,165865.2343750000,165064.6875000000,132409.2500000000,120489.8046875000,132841.6718750000,152588.4218750000,,,
9.9919999838,78,176220.4375000000,192104.7500000000,166237.3281250000,165657.0312500000,132956.0937500000,121024.4765625000,133448.7343750000,149737.0468750000,,,
9.9959999837,78,175997.0312500000,184952.1718750000,165874.1562500000,165188.6718750000,132466.2812500000,120573.3281250000,132947.5156250000,149916.4375000000,,,
9.9999999837,78,175592.3906250000,199701.5156250000,165268.0312500000,164278.7031250000,131589.4375000000,119730.9062500000,131996.1093750000,153258.2812500000,,,
10.0039999837,78,175586.3593750000,212930.5937500000,165316.0156250000,164297.1562500000,131652.1406250000,119767.7578125000,132037.3437500000,154517.1718750000,,,
10.0079999838,78,175942.4687500000,208959.7187500000,165851.3593750000,165049.2500000000,132393.7812500000,120474.9453125000,132831.7812500000,152588.2656250000,,,
10.0119999838,78,176209.4375000000,192184.7500000000,166231.1562500000,165636.3281250000,132947.9218750000,121019.3593750000,133445.9531250000,149735.6250000000,,,
10.0159999838,78,175998.3437500000,184946.9531250000,165881.6718750000,165191.5312500000,132472.2500000000,120576.9296875000,132955.2343750000,149905.2812500000,,,
10.0199999837,78,175601.2500000000,199642.9531250000,165278.5781250000,164281.8593750000,131599.8750000000,119733.3203125000,132007.7187500000,153249.4218750000,,,
10.0239999837,78,175589.5156250000,212929.5000000000,165318.8125000000,164287.8125000000,131655.7187500000,119762.3906250000,132039.1875000000,154520.3906250000,,,
10.0279999839,78,175944.4062500000,209018.2968750000,165851.8437500000,165029.0468750000,132396.2656250000,120478.4375000000,132833.6875000000,152604.9531250000,,,
10.0319999838,78,176207.7187500000,192243.2500000000,166219.8906250000,165631.9062500000,132939.2343750000,121019.7031250000,133437.6093750000,149745.2343750000,,,
10.0359999838,78,176001.0468750000,184922.8281250000,165876.7812500000,165195.5625000000,132467.0000000000,120582.0468750000,132954.0937500000,149895.1406250000,,,
10.0399999837,78,175611.5937500000,199567.1875000000,165290.1875000000,164292.0625000000,131607.7031250000,119741.0156250000,132021.3281250000,153240.4687500000,,,
10.0439999837,78,175601.5625000000,212907.1562500000,165333.2343750000,164301.7968750000,131665.7968750000,119766.4453125000,132055.9218750000,154529.8906250000,,,
10.0479999837,78,175957.1250000000,209046.9687500000,165869.3593750000,165056.0781250000,132407.9687500000,120472.2109375000,132855.0312500000,152616.4843750000,,,
10.0519999838,78,176227.2500000000,192289.8437500000,166247.9218750000,165665.5625000000,132960.4218750000,121020.8046875000,133466.3125000000,149761.5937500000,,,
10.0559999838,78,176022.5468750000,184918.7812500000,165902.5625000000,165223.9375000000,132492.7187500000,120594.1171875000,132983.8593750000,149907.7187500000,,,
10.0599999838,78,175612.5625000000,199512.7656250000,165288.3593750000,164295.7343750000,131610.0937500000,119742.8125000000,132028.1562500000,153239.1250000000,,,
10.0639999837,78,175587.3750000000,212882.9687500000,165312.4531250000,164281.9531250000,131650.4531250000,119762.0156250000,132052.7812500000,154528.0156250000,,,
10.0679999837,78,175933.3593750000,209092.4375000000,165839.2031250000,165024.4062500000,132381.5781250000,120462.2109375000,132841.5468750000,152618.0156250000,,,
10.0719999839,78,176215.5468750000,192362.1093750000,166231.4843750000,165643.0312500000,132948.3437500000,121023.5937500000,133470.4687500000,149765.3437500000,,,
10.0759999838,78,176017.8125000000,184903.2812500000,165898.8125000000,165206.8593750000,132492.1875000000,120596.8515625000,133001.9687500000,149891.8906250000,,,
10.0799999838,78,175624.2656250000,199439.8906250000,165307.3593750000,164290.2031250000,131628.5156250000,119761.0234375000,132064.1562500000,153233.8437500000,,,
10.0839999837,78,175591.2656250000,212877.9218750000,165320.3125000000,164291.3281250000,131654.2656250000,119772.3671875000,132066.8750000000,154537.6718750000,,,
10.0879999837,78,175939.7656250000,209310.0781250000,165839.4843750000,165054.3437500000,132377.2812500000,120471.8671875000,132843.2812500000,152666.2031250000,,,
10.0919999836,78,176223.4843750000,192572.2031250000,166234.2187500000,165666.4218750000,132952.0468750000,121041.2968750000,133477.1406250000,149789.6718750000,,,
10.0959999838,78,176013.5000000000,184916.2343750000,165892.1093750000,165202.0781250000,132488.1875000000,120609.0859375000,132998.1875000000,149874.9687500000,,,
10.0999999838,78,175611.9218750000,199398.0781250000,165290.8281250000,164278.3750000000,131614.4843750000,119761.3437500000,132051.1562500000,153213.6250000000,,,
10.1039999838,78,175589.0625000000,212873.8125000000,165318.9687500000,164281.8437500000,131653.8593750000,119775.2421875000,132071.9687500000,154535.9218750000,,,
10.1079999837,78,175936.4687500000,209331.2031250000,165837.0625000000,165022.5781250000,132375.9687500000,120471.7265625000,132844.9531250000,152669.7031250000,,,
10.1119999837,79,176218.3906250000,192601.9218750000,166234.5468750000,165642.0937500000,132951.0781250000,121033.2265625000,133481.5156250000,149788.8750000000,,,
10.1159999836,79,176011.8437500000,184896.4375000000,165896.1562500000,165201.7031250000,132491.1875000000,120602.9140625000,133008.2500000000,149861.9062500000,,,
10.1199999836,79,175614.8750000000,199321.7656250000,165298.0937500000,164289.5937500000,131618.2968750000,119760.4062500000,132061.1562500000,153195.7031250000,,,
10.1239999835,79,175601.0625000000,212839.0781250000,165333.6093750000,164281.9218750000,131663.2187500000,119779.9375000000,132079.0468750000,154538.4375000000,,,
10.1279999835,79,175938.1875000000,209266.6406250000,165843.3437500000,165028.2968750000,132379.4843750000,120465.3750000000,132850.0468750000,152655.3750000000,,,
10.1319999835,79,176224.5312500000,192573.6562500000,166240.8125000000,165649.5312500000,132955.3437500000,121031.0234375000,133486.3750000000,149786.4531250000,,,
10.1359999836,79,176033.7968750000,184869.3281250000,165919.4375000000,165217.0937500000,132514.6562500000,120626.0937500000,133033.1875000000,149867.7812500000,,,
10.1399999836,79,175635.4687500000,199246.2812500000,165316.5781250000,164307.1562500000,131637.8437500000,119777.2265625000,132079.5312500000,153198.3125000000,,,
10.1439999836,79,175607.4062500000,212816.3125000000,165333.2343750000,164308.4218750000,131664.7500000000,119782.6171875000,132078.9687500000,154548.2031250000,,,
10.1479999835,79,175956.7656250000,209292.5312500000,165859.1406250000,165057.9687500000,132395.0937500000,120483.5312500000,132864.5000000000,152685.6562500000,,,
10.1519999835,79,176216.4843750000,192621.5312500000,166232.5625000000,165644.9375000000,132947.0000000000,121024.8281250000,133481.1406250000,149799.1093750000,,,
10.1559999837,79,176010.6875000000,184847.2187500000,165890.5937500000,165213.0468750000,132489.9375000000,120614.1250000000,133013.7343750000,149853.1562500000,,,
10.1599999836,79,175609.7812500000,199153.7500000000,165285.7656250000,164298.2812500000,131609.9531250000,119767.0859375000,132060.6406250000,153174.8281250000,,,
10.1639999836,79,175587.0781250000,212772.9062500000,165310.8125000000,164282.0000000000,131642.1875000000,119770.8984375000,132068.0937500000,154541.0468750000,,,
10.1679999835,79,175932.4375000000,209390.9375000000,165832.5312500000,165022.0937500000,132368.4218750000,120463.1718750000,132842.5156250000,152696.5937500000,,,
10.1719999835,79,176220.2968750000,192740.6093750000,166235.5000000000,165644.4062500000,132951.4843750000,121039.7421875000,133485.8437500000,149822.7656250000,,,
10.1759999834,79,176036.3281250000,184845.5312500000,165920.9687500000,165228.7656250000,132520.0468750000,120637.2187500000,133043.1875000000,149863.4843750000,,,
10.1799999836,79,175624.7968750000,199098.5468750000,165302.8437500000,164318.1250000000,131628.1718750000,119765.3437500000,132076.7968750000,153168.1250000000,,,
10.1839999836,79,175595.8281250000,212770.0625000000,165323.1718750000,164289.5937500000,131655.4218750000,119761.6171875000,132078.6718750000,154541.0468750000,,,
10.1879999836,79,175942.1875000000,209528.6406250000,165843.7968750000,165015.7187500000,132379.6875000000,120463.3906250000,132854.0937500000,152724.3125000000,,,
10.1919999835,79,176230.4062500000,192878.5625000000,166249.0468750000,165651.0000000000,132966.7968750000,121048.3750000000,133498.7656250000,149836.2031250000,,,
10.1959999835,79,176022.0781250000,184824.2656250000,165909.5937500000,165219.2187500000,132512.5625000000,120631.3515625000,133032.0000000000,149830.4375000000,,,
10.1999999837,79,175617.8750000000,199010.3593750000,165300.3281250000,164294.4687500000,131626.3125000000,119772.1015625000,132070.1406250000,153143.2968750000,,,
10.2039999836,79,175593.0937500000,212726.8593750000,165323.5312500000,164274.7031250000,131653.6406250000,119773.6328125000,132071.0781250000,154536.9218750000,,,
10.2079999836,79,175953.3593750000,209508.5625000000,165862.0156250000,165024.1718750000,132392.0781250000,120478.4921875000,132861.6562500000,152729.3281250000,,,
10.2119999835,79,176236.1250000000,192883.7656250000,166254.1250000000,165662.6406250000,132970.4218750000,121052.6171875000,133498.1406250000,149839.0781250000,,,
10.2159999835,79,176043.2500000000,184808.0625000000,165928.0937500000,165250.7343750000,132532.1562500000,120647.8671875000,133046.5156250000,149834.2812500000,,,
10.2199999834,79,175637.1093750000,198944.8125000000,165317.0156250000,164312.2343750000,131645.4375000000,119782.6718750000,132086.3125000000,153140.5625000000,,,
10.2239999836,79,175605.5312500000,212693.7343750000,165329.5156250000,164286.1093750000,131662.5312500000,119772.6406250000,132075.1093750000,154539.0937500000,,,
10.2279999836,79,175966.0312500000,209497.5000000000,165863.6406250000,165038.3750000000,132400.6406250000,120482.8046875000,132860.7187500000,152739.7031250000,,,
10.2319999835,79,176248.2500000000,192894.6093750000,166258.3906250000,165668.7500000000,132978.6875000000,121058.0312500000,133498.7343750000,149854.4687500000,,,
10.2359999835,79,176050.8125000000,184785.0468750000,165929.7343750000,165253.7343750000,132538.5312500000,120657.8203125000,133049.4687500000,149839.4218750000,,,
10.2399999835,80,175649.0156250000,198874.1875000000,165321.4375000000,164322.6093750000,131652.9687500000,119797.0703125000,132086.3593750000,153147.9062500000,,,
10.2439999834,80,175609.5000000000,212668.4687500000,165327.8750000000,164285.1875000000,131664.3437500000,119777.3046875000,132071.9375000000,154554.2187500000,,,
10.2479999834,80,175955.2968750000,209505.0468750000,165850.4531250000,165012.8281250000,132389.2343750000,120473.1250000000,132847.5312500000,152743.1875000000,,,
10.2519999833,80,176244.3281250000,192922.4375000000,166254.6562500000,165636.5156250000,132975.2812500000,121055.5156250000,133493.5312500000,149862.1406250000,,,
10.2559999833,80,176049.3281250000,184759.9375000000,165932.2812500000,165237.0000000000,132539.8281250000,120651.6250000000,133047.6718750000,149830.1406250000,,,
10.2599999832,80,175637.7031250000,198792.9687500000,165318.6718750000,164310.3437500000,131648.2812500000,119782.8281250000,132086.0937500000,153121.4531250000,,,
10.2639999834,80,175612.7031250000,212639.9062500000,165338.0312500000,164293.9687500000,131669.6250000000,119773.0937500000,132079.7968750000,154549.1406250000,,,
10.2679999834,80,175963.3437500000,209572.3906250000,165860.5937500000,165036.5781250000,132394.7656250000,120468.1875000000,132850.0468750000,152756.7656250000,,,
10.2719999833,80,176252.3281250000,193018.4687500000,166267.0468750000,165661.0000000000,132984.7656250000,121053.9062500000,133501.9062500000,149871.8750000000,,,
10.2759999833,80,176054.3437500000,184751.8750000000,165946.5312500000,165249.8750000000,132552.3437500000,120653.7421875000,133061.9687500000,149816.8906250000,,,
10.2799999833,80,175639.9531250000,198715.4062500000,165325.9375000000,164320.0937500000,131655.6562500000,119787.1484375000,132094.1250000000,153106.2500000000,,,
10.2839999835,80,175609.3125000000,212613.2656250000,165338.7343750000,164295.2968750000,131669.9531250000,119778.4843750000,132081.4375000000,154553.1406250000,,,
10.2879999834,80,175955.9375000000,209647.8125000000,165859.7500000000,165030.0156250000,132393.2968750000,120466.9531250000,132853.7500000000,152771.3281250000,,,
10.2919999834,80,176256.5156250000,193113.9218750000,166279.4687500000,165656.8437500000,132995.9843750000,121061.5234375000,133517.5156250000,149886.3906250000,,,
10.2959999833,80,176050.0312500000,184747.9218750000,165945.8281250000,165244.7031250000,132556.5781250000,120659.0312500000,133074.1718750000,149806.3281250000,,,
10.2999999833,80,175628.4218750000,198638.0156250000,165315.3125000000,164317.8906250000,131651.2031250000,119784.6796875000,132098.4843750000,153078.0156250000,,,
10.3039999832,80,175598.2968750000,212570.7343750000,165324.8906250000,164283.1562500000,131658.9531250000,119769.1015625000,132080.1718750000,154533.2187500000,,,
10.3079999834,80,175941.0781250000,209699.3125000000,165838.2500000000,165010.8281250000,132372.5781250000,120457.0546875000,132841.2812500000,152772.2031250000,,,
10.3119999834,80,176234.1718750000,193184.1718750000,166252.1406250000,165652.0156250000,132972.0937500000,121045.8046875000,133498.5781250000,149875.5000000000,,,
10.3159999833,80,176055.6406250000,184727.2187500000,165949.7187500000,165266.3125000000,132562.2187500000,120666.8359375000,133084.0625000000,149795.1250000000,,,
10.3199999833,80,175647.8125000000,198571.7968750000,165330.5625000000,164328.1875000000,131666.2500000000,119801.7109375000,132120.4375000000,153083.6718750000,,,
10.3239999833,80,175610.6875000000,212547.0937500000,165332.7031250000,164281.5156250000,131667.1093750000,119778.8046875000,132095.2968750000,154548.0156250000,,,
10.3279999834,80,175957.3125000000,209726.7500000000,165850.3906250000,165017.0625000000,132385.7500000000,120474.6250000000,132860.5000000000,152799.4843750000,,,
10.3319999834,80,176240.8906250000,193245.9218750000,166256.1875000000,165637.9843750000,132976.2500000000,121059.9687500000,133510.7031250000,149902.7343750000,,,
10.3359999834,80,176055.6093750000,184727.5937500000,165947.0937500000,165253.7656250000,132559.6718750000,120674.0234375000,133084.7656250000,149796.7812500000,,,
10.3399999833,80,175646.5156250000,198503.9531250000,165327.2500000000,164324.9687500000,131660.8906250000,119806.5390625000,132115.8906250000,153075.1718750000,,,
10.3439999833,80,175609.3125000000,212532.8750000000,165332.1718750000,164286.0000000000,131661.2968750000,119781.3828125000,132091.3281250000,154556.9218750000,,,
10.3479999832,80,175954.6250000000,209774.1718750000,165853.4218750000,165030.0468750000,132380.4687500000,120463.1718750000,132859.2968750000,152808.6875000000,,,
10.3519999834,80,176248.2968750000,193314.0156250000,166265.3281250000,165680.4218750000,132978.6093750000,121053.8515625000,133514.6718750000,149910.7187500000,,,
10.3559999834,80,176051.9687500000,184724.8593750000,165945.3750000000,165269.1250000000,132558.1093750000,120668.7656250000,133086.8281250000,149785.7812500000,,,
10.3599999833,80,175639.2812500000,198439.5000000000,165321.2187500000,164330.2812500000,131658.2812500000,119806.2187500000,132116.0625000000,153062.2343750000,,,
10.3639999833,80,175595.6093750000,212503.2656250000,165320.6250000000,164276.0781250000,131655.6093750000,119770.9218750000,132087.6250000000,154548.0937500000,,,
10.3679999833,81,175932.3593750000,209796.5781250000,165831.3437500000,165002.2500000000,132367.0625000000,120450.8593750000,132847.8437500000,152801.3906250000,,,
10.3719999832,81,176231.0468750000,193357.5000000000,166246.2031250000,165650.1875000000,132968.8750000000,121051.5156250000,133509.8906250000,149907.1875000000,,,
10.3759999832,81,176049.7031250000,184708.7656250000,165942.5625000000,165259.5312500000,132562.6406250000,120684.5625000000,133095.8125000000,149779.5937500000,,,
10.3799999831,81,175646.3906250000,198371.4062500000,165328.6562500000,164333.2343750000,131669.9062500000,119830.4921875000,132130.0937500000,153059.0937500000,,,
10.3839999831,81,175607.7031250000,212491.7343750000,165328.1093750000,164282.9375000000,131665.7656250000,119800.1015625000,132097.9531250000,154566.3125000000,,,
10.3879999830,81,175954.6250000000,209881.8437500000,165850.0781250000,165010.4843750000,132384.5156250000,120479.7265625000,132864.3437500000,152840.6875000000,,,
10.3919999832,81,176236.1250000000,193460.5000000000,166248.7812500000,165651.7968750000,132972.7500000000,121059.0234375000,133515.9375000000,149922.5000000000,,,
10.3959999832,81,176049.6562500000,184702.9218750000,165940.8593750000,165260.2500000000,132566.1562500000,120686.9531250000,133103.8593750000,149762.2656250000,,,
10.3999999831,81,175653.9843750000,198293.8281250000,165335.1093750000,164334.7656250000,131679.1875000000,119825.8281250000,132142.8750000000,153036.6250000000,,,
10.4039999831,81,175624.9843750000,212456.5468750000,165341.2812500000,164285.4375000000,131676.7187500000,119796.1640625000,132109.0000000000,154564.9218750000,,,
10.4079999831,81,175973.4218750000,209916.1718750000,165860.2968750000,165004.5312500000,132391.4218750000,120482.3281250000,132868.7187500000,152858.4375000000,,,
10.4119999832,81,176258.5000000000,193529.8906250000,166270.7031250000,165656.0937500000,132988.2812500000,121067.9296875000,133528.7500000000,149949.4843750000,,,
10.4159999832,81,176070.1406250000,184704.2656250000,165965.2968750000,165286.5625000000,132582.7343750000,120692.2890625000,133117.5156250000,149769.6093750000,,,
10.4199999832,81,175667.6250000000,198227.9062500000,165351.1250000000,164355.2500000000,131687.6093750000,119828.0234375000,132149.5937500000,153033.0312500000,,,
10.4239999831,81,175620.7656250000,212430.2812500000,165337.2343750000,164291.8906250000,131667.3281250000,119789.8593750000,132099.3750000000,154562.9531250000,,,
10.4279999831,81,175956.9843750000,209942.3437500000,165847.0625000000,165014.2500000000,132375.6406250000,120469.6406250000,132855.2187500000,152855.1406250000,,,
10.4319999830,81,176250.0156250000,193570.3906250000,166262.0625000000,165665.5312500000,132979.3593750000,121065.1406250000,133520.5937500000,149949.0156250000,,,
10.4359999832,81,176077.0625000000,184681.7500000000,165971.5156250000,165292.6250000000,132589.3593750000,120704.1406250000,133122.7500000000,149769.0468750000,,,
10.4399999832,81,175667.1250000000,198151.8125000000,165351.6875000000,164355.4375000000,131685.5625000000,119831.0312500000,132146.1250000000,153027.0781250000,,,
10.4439999831,81,175608.1093750000,212400.3750000000,165329.5937500000,164286.4843750000,131656.6250000000,119781.8671875000,132090.2500000000,154565.1562500000,,,
10.4479999831,81,175935.7500000000,209965.5781250000,165831.8125000000,164994.6093750000,132358.9843750000,120455.5859375000,132839.1562500000,152858.5781250000,,,
10.4519999831,81,176238.8593750000,193621.1093750000,166255.6562500000,165633.5625000000,132973.2187500000,121059.1093750000,133512.7187500000,149958.7343750000,,,
10.4559999832,81,176060.8906250000,184673.5468750000,165961.3281250000,165277.4531250000,132581.3750000000,120689.7421875000,133115.2968750000,149755.8437500000,,,
10.4599999832,81,175647.1875000000,198075.3125000000,165334.3437500000,164341.1406250000,131673.5468750000,119819.7109375000,132133.5156250000,153002.9531250000,,,
10.4639999832,81,175595.6875000000,212362.4531250000,165316.6093750000,164261.7968750000,131647.1875000000,119773.7421875000,132079.0781250000,154554.5156250000,,,
10.4679999831,81,175938.6093750000,210029.8125000000,165831.2968750000,164991.1250000000,132360.6718750000,120453.9453125000,132840.6562500000,152874.1562500000,,,
10.4719999831,81,176242.2968750000,193715.4062500000,166256.1875000000,165652.7187500000,132977.0000000000,121057.1718750000,133514.8593750000,149966.8281250000,,,
10.4759999830,81,176073.4687500000,184675.1875000000,165969.8593750000,165291.2812500000,132594.4843750000,120707.5781250000,133126.2031250000,149748.8437500000,,,
10.4799999832,81,175668.1718750000,198005.7343750000,165357.3750000000,164348.6250000000,131700.6093750000,119837.8671875000,132163.1250000000,152997.8593750000,,,
10.4839999832,81,175613.5312500000,212344.7500000000,165339.9375000000,164273.9218750000,131670.0312500000,119776.5000000000,132101.5156250000,154563.2031250000,,,
10.4879999831,81,175935.0156250000,210073.4218750000,165830.8906250000,164982.2187500000,132360.0937500000,120442.1718750000,132839.7500000000,152880.6562500000,,,
10.4919999831,81,176227.6406250000,193775.7812500000,166246.2343750000,165635.4375000000,132966.5312500000,121042.4531250000,133506.5937500000,149961.7968750000,,,
10.4959999830,82,176065.7812500000,184662.5781250000,165966.8750000000,165299.4687500000,132590.4375000000,120696.1796875000,133123.4218750000,149733.1562500000,,,
10.4999999830,82,175658.4062500000,197932.8125000000,165347.4218750000,164358.2812500000,131689.3437500000,119828.8281250000,132149.5937500000,152978.9843750000,,,
10.5039999830,82,175613.4687500000,212313.6562500000,165336.7187500000,164276.7656250000,131666.1406250000,119783.2031250000,132096.3750000000,154570.5781250000,,,
10.5079999829,82,175939.9843750000,210108.4843750000,165831.8906250000,164981.5000000000,132358.5000000000,120442.4687500000,132832.9375000000,152897.3906250000,,,
10.5119999829,82,176246.1250000000,193838.4375000000,166260.8281250000,165639.0156250000,132980.3750000000,121056.4765625000,133513.9687500000,149989.6250000000,,,
10.5159999828,82,176076.3906250000,184666.4687500000,165974.5781250000,165286.9218750000,132602.6406250000,120716.8828125000,133130.7343750000,149746.6718750000,,,
10.5199999830,82,175655.7812500000,197862.6406250000,165341.6562500000,164340.6875000000,131689.1250000000,119833.0390625000,132149.6718750000,152968.8906250000,,,
10.5239999830,82,175599.3437500000,212285.9218750000,165317.5468750000,164260.9687500000,131651.8437500000,119773.3359375000,132080.9218750000,154558.6718750000,,,
10.5279999829,82,175938.0156250000,210141.4218750000,165826.5000000000,164982.1093750000,132357.2187500000,120441.3906250000,132827.3593750000,152905.8125000000,,,
10.5319999829,82,176240.2343750000,193891.6250000000,166256.4218750000,165642.8750000000,132978.5000000000,121046.0468750000,133516.7031250000,149990.4375000000,,,
10.5359999829,82,176072.6718750000,184651.0156250000,165976.2187500000,165291.2343750000,132608.2500000000,120709.2109375000,133152.0625000000,149727.6406250000,,,
10.5399999830,82,175661.0000000000,197789.0468750000,165347.3125000000,164346.4218750000,131696.7031250000,119830.6796875000,132166.3281250000,152955.2968750000,,,
10.5439999830,82,175611.9218750000,212254.2812500000,165328.6718750000,164260.2187500000,131661.7187500000,119770.3046875000,132096.9843750000,154565.7031250000,,,
10.5479999830,82,175946.5312500000,210175.8281250000,165837.0312500000,164973.1562500000,132365.3906250000,120441.5000000000,132847.3125000000,152917.6718750000,,,
10.5519999829,82,176254.2500000000,193955.7343750000,166269.5156250000,165636.9687500000,132989.5937500000,121061.4375000000,133533.8750000000,150008.8593750000,,,
10.5559999829,82,176093.9062500000,184648.8437500000,165996.6562500000,165304.7812500000,132626.4843750000,120730.0234375000,133169.4218750000,149737.7968750000,,,
10.5599999828,82,175670.3125000000,197719.6875000000,165357.6250000000,164351.1718750000,131705.8125000000,119841.8125000000,132176.8593750000,152950.2812500000,,,
10.5639999830,82,175626.0781250000,212226.6718750000,165345.2343750000,164268.4531250000,131675.1562500000,119786.3203125000,132112.0625000000,154579.2968750000,,,
10.5679999830,82,175966.7812500000,210230.7343750000,165859.0781250000,164989.5156250000,132381.8125000000,120454.2421875000,132863.0000000000,152950.2031250000,,,
10.5719999829,82,176266.5625000000,194035.9375000000,166280.6718750000,165658.7500000000,132998.1093750000,121060.7421875000,133542.4843750000,150026.1875000000,,,
10.5759999829,82,176109.5156250000,184635.9375000000,166008.4843750000,165319.9531250000,132638.0468750000,120737.8046875000,133179.3750000000,149738.3125000000,,,
10.5799999828,82,175684.9843750000,197647.7187500000,165368.3281250000,164360.9375000000,131713.6406250000,119850.2656250000,132185.2343750000,152949.3125000000,,,
10.5839999830,82,175638.9218750000,212203.5625000000,165357.0312500000,164273.9531250000,131683.3125000000,119792.5156250000,132121.7187500000,154591.7968750000,,,
10.5879999830,82,175946.5000000000,210293.0156250000,165828.1093750000,164971.8125000000,132352.2031250000,120441.5781250000,132832.7656250000,152959.0000000000,,,
10.5919999829,82,176233.6093750000,194121.8125000000,166237.5156250000,165627.0000000000,132958.2500000000,121045.7734375000,133501.7968750000,150025.6562500000,,,
10.5959999829,82,176079.2187500000,184630.7187500000,165973.1250000000,165301.8750000000,132605.2343750000,120726.4609375000,133144.6875000000,149713.5312500000,,,
10.5999999829,82,175660.9218750000,197569.5625000000,165341.4687500000,164355.4375000000,131688.4687500000,119831.1640625000,132156.5625000000,152916.4062500000,,,
10.6039999828,82,175608.5625000000,212155.9687500000,165321.3593750000,164260.3281250000,131648.7656250000,119757.4843750000,132085.4218750000,154562.1250000000,,,
10.6079999830,82,175943.0937500000,210326.6250000000,165826.2500000000,164969.0468750000,132348.9062500000,120427.0703125000,132828.9062500000,152959.7968750000,,,
10.6119999830,82,176243.3593750000,194190.4531250000,166250.8750000000,165628.5156250000,132969.0000000000,121040.4140625000,133511.8750000000,150034.1562500000,,,
10.6159999829,82,176092.9687500000,184619.3437500000,165990.4531250000,165308.7812500000,132621.5000000000,120725.5468750000,133159.4687500000,149706.3437500000,,,
10.6199999829,82,175694.9843750000,197498.5625000000,165377.3593750000,164385.1093750000,131722.8750000000,119864.2109375000,132187.2656250000,152928.4218750000,,,
10.6239999828,83,175640.9218750000,212139.7968750000,165351.5781250000,164279.3906250000,131678.7187500000,119794.0390625000,132110.3125000000,154592.9218750000,,,
10.6279999828,83,175962.8906250000,210398.2187500000,165841.1093750000,164980.0468750000,132362.6093750000,120445.7109375000,132836.4687500000,152991.9062500000,,,
10.6319999828,83,176246.5312500000,194289.8281250000,166254.6875000000,165648.8750000000,132972.3750000000,121041.6953125000,133508.8281250000,150046.6250000000,,,
10.6359999827,83,176091.1718750000,184630.1562500000,165993.5937500000,165329.0781250000,132626.6718750000,120728.2812500000,133164.4218750000,149694.3437500000,,,
10.6399999827,83,175684.4218750000,197431.6875000000,165370.2187500000,164383.9218750000,131717.6093750000,119854.7421875000,132186.8750000000,152901.1718750000,,,
10.6439999826,83,175618.8125000000,212110.9687500000,165328.9218750000,164272.6875000000,131655.0156250000,119768.6406250000,132091.1093750000,154570.0468750000,,,
10.6479999828,83,175944.6250000000,210416.1406250000,165823.6562500000,164976.6093750000,132345.7343750000,120429.1640625000,132825.9062500000,152979.9218750000,,,
10.6519999828,83,176249.3437500000,194334.8906250000,166256.6718750000,165648.0468750000,132977.1250000000,121056.0781250000,133521.0312500000,150059.9843750000,,,
10.6559999827,83,176094.1875000000,184634.7656250000,165996.7343750000,165322.9687500000,132635.7656250000,120742.2343750000,133180.0312500000,149698.9531250000,,,
10.6599999827,83,175688.7187500000,197367.2187500000,165378.2187500000,164383.1250000000,131734.1093750000,119870.8593750000,132208.4062500000,152899.6875000000,,,
10.6639999826,83,175630.8906250000,212088.4062500000,165343.9375000000,164291.0312500000,131676.9843750000,119791.7109375000,132119.2031250000,154590.7187500000,,,
10.6679999828,83,175953.5468750000,210576.7968750000,165832.4531250000,164970.7968750000,132356.1093750000,120443.6484375000,132844.2812500000,153035.0156250000,,,
10.6719999828,83,176251.5937500000,194525.7343750000,166262.4843750000,165645.9843750000,132984.1562500000,121058.7578125000,133537.6562500000,150087.4531250000,,,
10.6759999827,83,176094.9843750000,184630.4687500000,166001.4531250000,165325.1562500000,132640.5937500000,120744.1328125000,133190.9531250000,149681.9218750000,,,
10.6799999827,83,175677.5000000000,197290.7968750000,165363.6250000000,164376.6250000000,131717.7812500000,119859.3828125000,132193.5468750000,152870.6718750000,,,
10.6839999827,83,175614.0156250000,212040.6875000000,165326.6406250000,164270.2187500000,131656.7500000000,119775.5625000000,132099.0781250000,154567.3125000000,,,
10.6879999826,83,175935.7187500000,210529.0312500000,165815.2812500000,164959.2031250000,132337.4531250000,120424.5234375000,132824.6718750000,153007.6562500000,,,
10.6919999828,83,176242.1562500000,194500.0312500000,166252.8281250000,165637.5625000000,132973.7031250000,121050.5468750000,133522.3437500000,150076.9062500000,,,
10.6959999828,83,176095.5156250000,184608.7187500000,166001.3750000000,165335.6562500000,132643.0625000000,120750.9453125000,133190.8125000000,149679.8125000000,,,
10.6999999827,83,175679.0312500000,197207.0625000000,165366.2500000000,164380.7812500000,131720.8281250000,119860.0000000000,132199.1562500000,152858.3593750000,,,
10.7039999827,83,175603.6250000000,212012.6406250000,165312.4531250000,164256.5156250000,131640.9062500000,119754.8281250000,132086.0468750000,154556.3593750000,,,
10.7079999826,83,175933.0937500000,210525.2968750000,165811.9375000000,164952.6875000000,132330.3906250000,120416.5312500000,132818.7500000000,153000.8906250000,,,
10.7119999828,83,176252.4062500000,194528.9531250000,166260.7187500000,165630.7968750000,132977.9375000000,121054.9531250000,133526.1250000000,150084.9531250000,,,
10.7159999828,83,176101.6093750000,184627.2343750000,166005.3125000000,165321.3281250000,132645.1718750000,120743.4375000000,133188.3593750000,149673.2187500000,,,
10.7199999827,83,175685.6562500000,197170.5000000000,165370.5781250000,164380.4062500000,131724.6718750000,119859.8359375000,132197.0625000000,152846.6093750000,,,
10.7239999827,83,175618.8593750000,212010.5781250000,165327.1718750000,164266.5000000000,131653.8125000000,119767.1953125000,132091.7343750000,154571.0000000000,,,
10.7279999827,83,175959.7187500000,210540.7968750000,165836.5468750000,164977.1406250000,132355.5468750000,120438.7890625000,132833.5156250000,153031.5312500000,,,
10.7319999826,83,176256.1875000000,194556.2812500000,166261.4687500000,165645.0937500000,132979.5156250000,121052.5625000000,133520.0625000000,150101.7968750000,,,
10.7359999828,83,176094.8281250000,184621.4687500000,166001.3437500000,165326.0000000000,132642.5156250000,120744.2187500000,133180.5468750000,149673.9375000000,,,
10.7399999828,83,175682.5156250000,197086.5468750000,165375.5312500000,164380.2812500000,131729.9843750000,119870.5156250000,132200.8906250000,152846.4062500000,,,
10.7439999827,83,175609.3906250000,211957.4687500000,165325.4375000000,164259.5781250000,131652.3125000000,119777.9765625000,132095.5156250000,154579.6406250000,,,
10.7479999827,83,175932.7187500000,210573.9531250000,165818.6406250000,164951.8750000000,132336.1562500000,120421.8906250000,132823.8437500000,153033.9687500000,,,
10.7519999826,84,176229.6250000000,194620.7031250000,166243.3593750000,165620.5781250000,132962.0312500000,121029.2812500000,133511.0156250000,150089.7812500000,,,
10.7559999826,84,176087.6406250000,184599.9531250000,165996.7968750000,165329.0000000000,132641.0468750000,120741.3750000000,133187.5000000000,149655.3437500000,,,
10.7599999825,84,175682.4375000000,196994.3593750000,165374.8593750000,164387.5468750000,131733.5468750000,119869.7890625000,132210.2812500000,152826.2343750000,,,
10.7639999825,84,175614.0156250000,211918.0312500000,165326.2656250000,164261.2968750000,131657.2656250000,119776.9062500000,132099.5937500000,154580.0156250000,,,
10.7679999825,84,175936.7031250000,210641.8437500000,165814.6093750000,164951.2343750000,132338.1718750000,120425.4609375000,132824.4062500000,153058.9687500000,,,
10.7719999824,84,176243.8281250000,194729.2812500000,166250.7187500000,165632.8437500000,132974.9531250000,121048.3750000000,133522.4218750000,150127.0625000000,,,
10.7759999826,84,176099.9218750000,184604.5312500000,166007.8593750000,165334.2343750000,132655.8750000000,120759.5859375000,133203.3125000000,149670.6093750000,,,
10.7799999826,84,175677.8437500000,196920.7812500000,165370.8437500000,164381.9687500000,131731.2500000000,119869.5234375000,132209.0312500000,152817.6718750000,,,
10.7839999825,84,175592.6406250000,211874.5312500000,165309.1250000000,164236.8906250000,131638.7812500000,119755.0703125000,132084.3593750000,154565.2968750000,,,
10.7879999825,84,175916.6250000000,210690.1250000000,165799.4062500000,164924.3281250000,132320.4687500000,120407.5703125000,132807.3437500000,153059.2031250000,,,
10.7919999824,84,176239.7500000000,194805.0625000000,166252.3750000000,165627.3437500000,132976.5625000000,121047.4687500000,133523.4687500000,150133.8281250000,,,
10.7959999826,84,176100.4843750000,184584.5000000000,166013.8281250000,165339.1875000000,132665.5156250000,120761.0859375000,133214.5312500000,149655.8593750000,,,
10.7999999826,84,175680.2343750000,196838.2500000000,165377.8125000000,164382.9375000000,131741.4843750000,119869.4375000000,132220.6093750000,152798.3906250000,,,
10.8039999825,84,175605.3437500000,211836.7656250000,165319.2031250000,164252.0156250000,131653.1093750000,119762.8515625000,132096.3125000000,154569.4531250000,,,
10.8079999825,84,175915.3281250000,210713.7812500000,165794.0937500000,164928.3593750000,132320.7187500000,120396.4921875000,132808.5468750000,153061.7031250000,,,
10.8119999825,84,176222.4375000000,194856.7656250000,166233.7968750000,165608.0000000000,132960.8281250000,121025.6328125000,133516.0312500000,150123.1562500000,,,
10.8159999824,84,176088.0937500000,184580.0937500000,165998.7968750000,165322.9062500000,132651.5625000000,120750.3046875000,133210.0000000000,149636.0625000000,,,
10.8199999826,84,175684.0781250000,196770.2343750000,165372.9375000000,164386.0625000000,131737.2187500000,119870.6484375000,132228.0625000000,152786.7500000000,,,
10.8239999826,84,175600.3593750000,211804.0937500000,165306.7343750000,164240.3437500000,131639.9062500000,119751.0703125000,132100.0937500000,154562.6406250000,,,
10.8279999825,84,175916.1406250000,210744.8125000000,165789.1250000000,164924.6562500000,132311.2968750000,120395.1562500000,132816.2031250000,153074.0312500000,,,
10.8319999825,84,176228.8593750000,194926.6718750000,166233.3281250000,165621.3281250000,132956.5312500000,121033.8906250000,133524.2968750000,150147.0312500000,,,
10.8359999824,84,176078.5781250000,184583.7812500000,165987.8281250000,165340.0468750000,132641.0937500000,120745.6406250000,133215.7968750000,149632.2812500000,,,
10.8399999826,84,175665.4843750000,196699.0000000000,165353.9375000000,164391.4375000000,131720.4531250000,119865.6015625000,132227.0468750000,152770.6875000000,,,
10.8439999826,84,175581.5312500000,211772.4218750000,165286.1718750000,164240.9375000000,131619.2031250000,119746.2421875000,132094.4062500000,154557.7812500000,,,
10.8479999825,84,175898.9218750000,210757.7187500000,165772.3125000000,164915.5625000000,132292.4218750000,120390.9453125000,132812.7031250000,153071.5781250000,,,
10.8519999825,84,176215.0625000000,194956.5468750000,166222.6093750000,165600.9687500000,132942.0937500000,121030.4375000000,133521.9375000000,150142.4062500000,,,
10.8559999825,84,176097.4531250000,184578.9687500000,166009.9531250000,165338.7031250000,132658.4218750000,120770.9062500000,133236.0156250000,149641.1093750000,,,
10.8599999824,84,175684.9531250000,196621.6875000000,165379.8593750000,164406.0000000000,131742.6406250000,119876.8437500000,132251.2187500000,152766.0625000000,,,
10.8639999826,84,175588.9843750000,211726.6093750000,165300.1875000000,164254.1562500000,131632.0000000000,119746.4843750000,132108.8906250000,154559.8750000000,,,
10.8679999826,84,175900.5781250000,210774.0156250000,165777.2500000000,164930.9531250000,132299.2031250000,120385.5234375000,132820.5625000000,153079.2656250000,,,
10.8719999825,84,176211.0781250000,195001.4843750000,166221.7187500000,165604.7812500000,132946.6562500000,121026.2265625000,133534.6562500000,150145.0312500000,,,
10.8759999825,84,176081.4062500000,184555.5625000000,165998.8281250000,165337.2812500000,132655.1093750000,120764.6796875000,133247.8125000000,149614.1718750000,,,
10.8799999824,85,175673.4218750000,196535.0312500000,165370.7656250000,164393.7968750000,131737.8437500000,119883.0390625000,132261.7031250000,152740.9375000000,,,
10.8839999824,85,175596.2812500000,211686.2343750000,165309.6875000000,164244.0468750000,131638.5156250000,119757.1328125000,132125.7656250000,154558.3750000000,,,
10.8879999823,85,175924.0781250000,210821.4375000000,165804.7187500000,164927.6562500000,132318.7343750000,120403.7890625000,132846.4531250000,153105.2812500000,,,
10.8919999823,85,176241.0312500000,195091.9687500000,166254.4687500000,165630.0468750000,132971.6250000000,121046.5234375000,133559.5156250000,150179.0000000000,,,
10.8959999823,85,176104.8906250000,184567.1250000000,166020.2656250000,165375.2187500000,132671.3593750000,120780.1875000000,133256.0312500000,149626.8593750000,,,
10.8999999822,85,175689.0937500000,196485.2187500000,165382.4531250000,164416.7812500000,131745.6718750000,119896.3125000000,132259.7187500000,152745.8750000000,,,
10.9039999824,85,175597.1406250000,211677.1562500000,165306.1406250000,164244.2812500000,131631.6718750000,119763.5468750000,132110.8593750000,154571.9375000000,,,
10.9079999824,85,175910.6406250000,210910.9218750000,165785.5625000000,164915.1875000000,132299.2343750000,120399.3671875000,132823.0625000000,153127.3593750000,,,
10.9119999823,85,176222.4375000000,195217.5312500000,166228.6406250000,165618.9531250000,132948.6406250000,121038.5859375000,133541.0625000000,150192.1718750000,,,
10.9159999823,85,176092.7343750000,184595.9531250000,166006.8750000000,165362.8750000000,132662.1250000000,120779.6171875000,133263.1875000000,149623.2656250000,,,
10.9199999822,85,175687.3750000000,196441.6875000000,165385.4062500000,164415.5781250000,131750.0937500000,119899.9921875000,132281.5000000000,152737.0468750000,,,
10.9239999824,85,175590.3281250000,211660.0156250000,165300.2968750000,164247.6875000000,131628.0625000000,119761.0000000000,132125.5468750000,154568.8125000000,,,
10.9279999824,85,175903.4218750000,210951.3750000000,165777.6562500000,164929.3750000000,132292.8750000000,120398.3203125000,132831.0000000000,153132.8125000000,,,
10.9319999823,85,176216.5625000000,195261.9218750000,166226.0156250000,165629.7343750000,132946.3437500000,121036.7343750000,133544.5468750000,150190.1250000000,,,
10.9359999823,85,176092.9218750000,184576.2187500000,166009.0156250000,165370.8125000000,132667.5156250000,120786.2968750000,133265.6875000000,149612.0312500000,,,
10.9399999822,85,175676.2968750000,196348.5625000000,165372.5000000000,164406.1093750000,131744.5468750000,119897.4140625000,132273.2031250000,152715.7187500000,,,
10.9439999822,85,175585.4687500000,211601.5937500000,165297.2187500000,164245.0312500000,131630.5312500000,119758.9609375000,132124.9843750000,154564.6718750000,,,
10.9479999824,85,175890.5156250000,210934.9531250000,165766.4375000000,164911.7812500000,132288.2500000000,120388.5312500000,132822.1562500000,153130.1562500000,,,
10.9519999824,85,176208.5312500000,195289.8125000000,166219.3593750000,165614.0625000000,132945.7187500000,121034.9140625000,133543.4531250000,150197.0468750000,,,
10.9559999823,85,176084.9531250000,184585.5781250000,166002.7968750000,165357.9062500000,132665.2656250000,120783.2109375000,133262.9687500000,149607.6250000000,,,
10.9599999823,85,175676.1875000000,196287.3281250000,165376.3906250000,164405.3593750000,131747.9531250000,119899.3437500000,132275.8125000000,152703.2500000000,,,
10.9639999822,85,175593.1250000000,211581.6406250000,165306.8125000000,164244.3750000000,131636.3437500000,119767.5390625000,132127.9218750000,154570.9843750000,,,
10.9679999824,85,175913.0312500000,210989.8125000000,165793.9062500000,164925.7343750000,132307.2812500000,120405.5078125000,132837.1718750000,153158.6562500000,,,
10.9719999824,85,176222.3125000000,195366.5312500000,166238.4062500000,165611.2187500000,132956.4218750000,121036.5234375000,133547.4218750000,150209.0625000000,,,
10.9759999823,85,176103.5156250000,184599.7031250000,166025.0312500000,165356.5468750000,132683.5000000000,120789.7890625000,133275.6093750000,149604.8125000000,,,
10.9799999823,85,175677.4531250000,196231.5156250000,165373.3125000000,164402.1562500000,131747.0937500000,119888.4062500000,132272.1875000000,152684.5000000000,,,
10.9839999822,85,175586.6250000000,211556.0000000000,165294.3750000000,164236.6718750000,131628.2968750000,119743.1093750000,132115.2812500000,154556.7656250000,,,
10.9879999822,85,175894.3593750000,210999.1093750000,165768.8750000000,164902.6875000000,132288.6250000000,120376.4843750000,132817.4062500000,153143.9843750000,,,
10.9919999824,85,176210.3281250000,195410.6718750000,166219.8906250000,165601.1093750000,132945.0000000000,121027.8828125000,133541.6875000000,150213.9375000000,,,
10.9959999823,85,176100.6250000000,184597.7187500000,166020.5000000000,165368.2187500000,132683.8750000000,120797.9687500000,133285.3750000000,149607.3437500000,,,
10.9999999823,85,175700.0312500000,196162.9531250000,165399.0781250000,164436.0312500000,131771.6093750000,119920.2109375000,132303.2187500000,152701.5000000000,,,
11.0039999823,85,175599.9843750000,211525.9843750000,165310.2500000000,164257.1875000000,131638.8906250000,119764.5625000000,132131.6093750000,154583.6718750000,,,
11.0079999822,86,175906.0468750000,211057.5312500000,165782.8906250000,164917.6093750000,132295.7656250000,120385.1484375000,132828.8593750000,153179.0468750000,,,
11.0119999822,86,176215.9062500000,195498.5781250000,166224.5625000000,165614.8906250000,132945.2656250000,121027.7265625000,133542.8125000000,150235.4062500000,,,
11.0159999821,86,176097.0781250000,184600.2187500000,166015.8593750000,165383.9062500000,132677.8281250000,120790.2187500000,133272.4062500000,149598.9218750000,,,
11.0199999821,86,175679.8593750000,196086.7500000000,165378.5468750000,164431.5312500000,131753.9531250000,119902.8046875000,132279.7812500000,152671.3281250000,,,
11.0239999820,86,175579.5468750000,211486.4687500000,165289.0312500000,164245.2031250000,131621.8125000000,119751.7968750000,132110.9375000000,154566.0156250000,,,
11.0279999820,86,175890.3593750000,211134.0781250000,165765.1875000000,164911.9218750000,132282.2500000000,120377.5546875000,132811.4531250000,153186.6875000000,,,
11.0319999822,86,176219.8750000000,195623.1093750000,166232.0937500000,165619.8281250000,132955.8125000000,121041.2968750000,133547.6406250000,150255.4062500000,,,
11.0359999822,86,176107.1093750000,184618.5625000000,166030.6718750000,165382.2968750000,132698.3125000000,120811.4843750000,133291.2656250000,149601.2500000000,,,
11.0399999821,86,175690.8593750000,196027.3750000000,165397.3750000000,164430.5156250000,131775.0625000000,119916.5156250000,132299.0625000000,152663.5781250000,,,
11.0439999821,86,175588.9375000000,211451.0937500000,165306.4375000000,164241.6875000000,131638.0937500000,119758.6640625000,132125.0781250000,154567.4375000000,,,
11.0479999820,86,175886.0156250000,211172.2031250000,165761.7968750000,164905.2656250000,132279.6718750000,120376.1640625000,132806.5156250000,153193.2656250000,,,
11.0519999822,86,176205.5156250000,195694.6093750000,166217.8906250000,165608.2656250000,132944.6250000000,121030.0859375000,133537.4218750000,150250.7656250000,,,
11.0559999822,86,176091.3125000000,184603.9687500000,166014.7656250000,165383.3437500000,132684.0468750000,120805.0468750000,133282.5468750000,149575.7343750000,,,
11.0599999821,86,175678.8125000000,195942.2031250000,165377.7343750000,164435.3750000000,131757.3125000000,119914.0156250000,132286.9375000000,152637.4531250000,,,
11.0639999821,86,175578.7343750000,211417.7031250000,165284.0781250000,164228.4687500000,131616.8750000000,119746.5937500000,132108.2343750000,154558.5937500000,,,
11.0679999820,86,175890.7656250000,211171.2500000000,165760.3593750000,164883.5312500000,132274.7187500000,120366.8046875000,132802.0000000000,153196.4843750000,,,
11.0719999820,86,176217.2343750000,195722.5312500000,166226.7812500000,165597.8906250000,132947.0312500000,121023.9453125000,133535.0000000000,150263.0312500000,,,
11.0759999822,86,176111.0312500000,184616.4531250000,166035.1250000000,165379.3750000000,132700.5156250000,120808.5078125000,133289.6093750000,149587.6562500000,,,
11.0799999821,86,175700.5937500000,195882.5625000000,165404.6406250000,164425.2812500000,131779.9531250000,119923.8906250000,132300.6250000000,152646.1718750000,,,
11.0839999821,86,175581.7187500000,211377.5156250000,165289.7656250000,164231.7656250000,131619.6406250000,119742.6796875000,132109.2187500000,154562.7968750000,,,
11.0879999821,86,175882.2656250000,211304.5312500000,165752.6562500000,164878.0625000000,132263.3906250000,120356.1796875000,132795.8593750000,153224.6718750000,,,
11.0919999820,86,176215.8125000000,195916.4531250000,166226.3125000000,165606.4687500000,132947.2812500000,121026.8125000000,133541.8750000000,150289.9062500000,,,
11.0959999822,86,176098.2656250000,184623.7343750000,166022.2187500000,165387.4218750000,132691.8281250000,120797.6953125000,133290.7656250000,149568.8125000000,,,
11.0999999822,86,175688.0468750000,195794.9062500000,165387.9531250000,164441.0000000000,131769.5468750000,119909.8046875000,132299.7968750000,152617.7343750000,,,
11.1039999821,86,175581.6406250000,211332.9062500000,165289.0937500000,164236.4531250000,131621.2500000000,119743.2968750000,132113.9062500000,154561.8125000000,,,
11.1079999821,86,175886.9218750000,211295.2031250000,165756.8906250000,164892.1406250000,132269.6406250000,120365.2421875000,132803.4218750000,153236.5000000000,,,
11.1119999820,86,176221.2656250000,195932.5000000000,166230.9687500000,165623.6093750000,132952.0000000000,121034.3203125000,133545.1093750000,150304.3281250000,,,
11.1159999820,86,176104.0781250000,184622.0781250000,166033.0312500000,165395.7812500000,132703.9218750000,120809.9531250000,133304.1406250000,149570.2968750000,,,
11.1199999822,86,175689.4687500000,195732.8906250000,165400.6093750000,164449.7968750000,131781.6875000000,119917.7187500000,132319.3437500000,152606.2812500000,,,
11.1239999821,86,175585.5000000000,211294.1875000000,165300.9218750000,164247.6718750000,131631.6562500000,119744.8515625000,132132.6562500000,154560.3906250000,,,
11.1279999821,86,175886.2343750000,211261.7500000000,165760.0781250000,164904.2656250000,132275.1406250000,120361.9218750000,132814.6093750000,153231.8281250000,,,
11.1319999821,86,176216.6250000000,195910.3906250000,166230.6250000000,165618.1875000000,132955.5937500000,121024.9921875000,133558.0468750000,150297.2343750000,,,
11.1359999820,87,176107.7031250000,184616.0156250000,166039.2968750000,165399.0625000000,132713.3906250000,120807.8125000000,133316.7031250000,149563.1562500000,,,
11.1399999820,87,175690.6093750000,195654.8125000000,165401.6875000000,164446.2031250000,131785.0156250000,119915.3828125000,132317.7812500000,152586.9531250000,,,
11.1439999819,87,175577.3750000000,211251.6406250000,165294.2187500000,164233.3437500000,131624.8906250000,119739.1406250000,132119.5156250000,154547.9062500000,,,
11.1479999819,87,175879.0625000000,211248.5781250000,165758.4687500000,164881.8750000000,132271.0312500000,120357.3906250000,132800.0468750000,153219.8906250000,,,
11.1519999818,87,176206.6406250000,195911.2500000000,166224.4062500000,165592.6562500000,132946.0156250000,121021.0703125000,133540.5468750000,150285.9687500000,,,
11.1559999818,87,176105.1562500000,184606.7031250000,166038.8750000000,165383.0000000000,132711.8906250000,120819.2890625000,133314.9062500000,149558.1406250000,,,
11.1599999820,87,175700.2187500000,195582.4218750000,165410.7500000000,164446.8281250000,131795.2187500000,119934.0234375000,132330.0937500000,152588.1093750000,,,
11.1639999819,87,175591.9687500000,211224.7343750000,165302.3906250000,164238.4375000000,131633.8750000000,119743.0000000000,132127.9375000000,154568.8125000000,,,
11.1679999819,87,175899.0000000000,211306.6250000000,165770.4687500000,164894.7031250000,132281.5468750000,120359.6171875000,132812.3593750000,153256.2656250000,,,
11.1719999819,87,176220.4375000000,196008.7343750000,166231.5156250000,165598.8281250000,132952.3437500000,121017.8281250000,133548.4062500000,150314.6093750000,,,
11.1759999818,87,176118.3281250000,184618.0000000000,166048.8281250000,165394.0468750000,132722.5937500000,120812.5546875000,133320.0468750000,149562.1875000000,,,
11.1799999820,87,175714.0781250000,195518.2656250000,165421.2187500000,164458.4843750000,131806.7656250000,119930.1406250000,132335.2031250000,152578.1718750000,,,
11.1839999820,87,175599.5312500000,211196.3125000000,165308.3437500000,164238.8125000000,131638.8906250000,119744.9843750000,132131.0468750000,154566.0156250000,,,
11.1879999819,87,175892.1250000000,211435.1875000000,165763.9218750000,164871.2343750000,132272.5312500000,120347.3046875000,132805.2187500000,153275.2343750000,,,
11.1919999819,87,176228.3125000000,196215.2812500000,166242.1250000000,165606.4531250000,132961.7031250000,121026.0078125000,133558.6250000000,150345.9843750000,,,
11.1959999818,87,176133.2656250000,184661.7968750000,166067.4843750000,165431.7500000000,132739.0312500000,120833.7187500000,133340.6562500000,149568.3437500000,,,
11.1999999818,87,175721.3281250000,195484.6562500000,165433.0468750000,164477.7812500000,131813.6406250000,119946.0156250000,132347.7500000000,152581.2656250000,,,
11.2039999820,87,175594.8125000000,211196.5156250000,165305.3125000000,164237.3125000000,131631.8906250000,119751.9609375000,132127.4531250000,154576.2343750000,,,
11.2079999819,87,175883.7812500000,211555.9375000000,165756.6250000000,164864.3281250000,132263.1562500000,120346.1250000000,132800.1093750000,153301.3593750000,,,
11.2119999819,87,176214.7968750000,196376.1875000000,166225.9843750000,165597.4062500000,132950.1250000000,121019.9765625000,133548.4062500000,150358.2500000000,,,
11.2159999819,87,176117.6562500000,184681.8593750000,166045.5000000000,165412.7343750000,132727.8125000000,120821.4062500000,133328.9218750000,149546.4218750000,,,
11.2199999818,87,175704.7812500000,195416.3125000000,165407.9843750000,164450.7343750000,131799.1875000000,119926.6250000000,132331.7812500000,152547.8906250000,,,
11.2239999820,87,175587.8281250000,211144.3281250000,165293.0625000000,164221.0625000000,131627.0625000000,119734.0937500000,132118.0156250000,154557.2500000000,,,
11.2279999820,87,175885.9062500000,211495.1406250000,165749.8437500000,164864.8906250000,132262.5000000000,120344.3750000000,132790.1718750000,153288.7968750000,,,
11.2319999819,87,176221.0156250000,196322.5468750000,166226.0937500000,165601.1093750000,132949.9531250000,121023.4062500000,133542.0312500000,150352.1562500000,,,
11.2359999819,87,176120.8750000000,184663.0312500000,166049.5781250000,165414.2656250000,132729.2187500000,120831.5234375000,133334.8593750000,149539.7187500000,,,
11.2399999818,87,175705.8750000000,195332.8125000000,165414.6406250000,164459.9687500000,131801.0625000000,119929.6015625000,132345.1718750000,152529.7656250000,,,
11.2439999818,87,175589.2343750000,211099.0781250000,165296.8125000000,164238.3906250000,131621.8125000000,119719.5546875000,132121.0000000000,154551.1250000000,,,
11.2479999820,87,175884.1093750000,211438.7812500000,165751.8437500000,164878.7968750000,132254.3593750000,120333.6484375000,132791.8750000000,153277.5625000000,,,
11.2519999819,87,176210.2656250000,196269.5937500000,166215.6093750000,165600.5000000000,132931.9843750000,121023.1640625000,133535.8281250000,150347.6250000000,,,
11.2559999819,87,176113.3593750000,184659.9843750000,166038.7656250000,165407.5312500000,132714.0781250000,120838.6562500000,133319.2500000000,149549.2187500000,,,
11.2599999818,87,175696.6718750000,195269.2500000000,165401.0937500000,164444.4843750000,131786.8437500000,119952.5859375000,132319.4218750000,152531.2968750000,,,
11.2639999818,88,175589.6562500000,211070.2656250000,165294.1250000000,164214.5937500000,131621.0312500000,119771.8593750000,132109.5156250000,154573.7656250000,,,
11.2679999818,88,175886.8750000000,211479.3906250000,165753.9375000000,164858.7812500000,132259.6093750000,120368.0390625000,132780.5000000000,153308.5468750000,,,
11.2719999817,88,176212.9218750000,196343.5000000000,166219.4375000000,165590.0625000000,132938.9843750000,121035.9843750000,133524.4375000000,150367.2656250000,,,
11.2759999817,88,176121.0000000000,184667.7500000000,166054.1406250000,165421.9375000000,132730.2656250000,120850.7265625000,133324.7968750000,149544.9531250000,,,
11.2799999816,88,175700.5625000000,195191.2968750000,165411.5312500000,164465.8593750000,131794.4375000000,119953.8984375000,132321.5156250000,152509.1875000000,,,
11.2839999816,88,175579.8437500000,211025.7812500000,165287.5312500000,164226.3437500000,131610.1406250000,119747.9609375000,132094.8750000000,154553.6250000000,,,
11.2879999818,88,175886.7968750000,211537.5156250000,165756.2812500000,164879.6562500000,132256.7343750000,120357.8671875000,132778.4375000000,153315.6718750000,,,
11.2919999817,88,176220.2968750000,196463.7343750000,166230.4062500000,165602.3125000000,132945.7187500000,121040.8906250000,133529.3906250000,150388.2343750000,,,
11.2959999817,88,176133.5312500000,184688.2968750000,166066.9218750000,165415.9531250000,132742.7031250000,120870.3828125000,133330.9687500000,149552.8906250000,,,
11.2999999817,88,175701.5625000000,195123.0156250000,165410.0000000000,164450.3906250000,131798.0781250000,119959.3984375000,132319.4218750000,152500.4218750000,,,
11.3039999816,88,175570.6875000000,210987.7968750000,165273.7500000000,164206.4375000000,131603.4375000000,119749.1718750000,132086.3906250000,154554.8281250000,,,
11.3079999818,88,175862.8906250000,211596.0156250000,165728.6562500000,164838.6093750000,132234.2656250000,120343.1171875000,132754.4218750000,153320.9062500000,,,
11.3119999818,88,176195.6250000000,196561.0468750000,166207.1250000000,165571.0156250000,132925.7968750000,121013.6171875000,133508.5625000000,150377.3750000000,,,
11.3159999817,88,176104.6406250000,184674.4843750000,166041.7187500000,165399.0781250000,132723.7343750000,120840.3750000000,133313.1875000000,149509.0000000000,,,
11.3199999817,88,175682.9375000000,195022.1875000000,165393.9062500000,164441.3750000000,131784.7031250000,119945.8281250000,132306.2500000000,152458.5000000000,,,
11.3239999816,88,175557.7343750000,210934.0156250000,165262.1562500000,164202.6093750000,131587.2343750000,119733.9062500000,132065.5312500000,154531.3593750000,,,
11.3279999816,88,175853.3750000000,211644.6406250000,165713.9531250000,164834.4218750000,132213.8750000000,120330.5078125000,132727.2812500000,153319.3281250000,,,
11.3319999818,88,176191.8125000000,196670.9375000000,166192.8906250000,165578.9062500000,132904.5000000000,121008.6250000000,133487.1718750000,150383.8593750000,,,
11.3359999817,88,176106.4687500000,184689.5937500000,166032.7500000000,165413.4062500000,132705.6875000000,120839.5156250000,133301.4375000000,149495.7031250000,,,
11.3399999817,88,175701.7968750000,194962.5781250000,165406.0625000000,164462.4062500000,131785.8750000000,119954.6015625000,132317.7656250000,152452.9687500000,,,
11.3439999816,88,175578.1718750000,210915.1406250000,165275.0625000000,164219.7187500000,131589.9375000000,119735.9453125000,132078.3125000000,154545.6875000000,,,
11.3479999816,88,175872.9531250000,211680.7500000000,165727.2500000000,164849.1562500000,132220.3437500000,120332.7343750000,132741.9062500000,153340.7812500000,,,
11.3519999818,88,176221.5781250000,196737.0468750000,166219.0156250000,165598.9687500000,132928.9218750000,121027.4531250000,133509.5468750000,150414.7656250000,,,
11.3559999818,88,176146.2187500000,184736.5781250000,166072.8281250000,165454.4531250000,132749.0937500000,120867.5937500000,133335.0625000000,149527.6718750000,,,
11.3599999817,88,175727.4687500000,194922.9375000000,165432.3437500000,164502.9375000000,131817.0468750000,119973.6406250000,132340.3437500000,152460.7031250000,,,
11.3639999817,88,175593.0625000000,210901.4531250000,165289.6562500000,164252.7343750000,131605.5781250000,119749.6250000000,132087.1250000000,154554.5625000000,,,
11.3679999816,88,175878.7968750000,211899.3125000000,165731.3593750000,164876.9687500000,132218.5781250000,120333.9453125000,132734.9531250000,153389.3281250000,,,
11.3719999816,88,176210.3281250000,197072.3593750000,166212.2968750000,165611.0312500000,132919.0625000000,121024.0234375000,133503.0625000000,150445.1562500000,,,
11.3759999818,88,176117.5937500000,184773.7343750000,166052.3593750000,165437.8125000000,132730.1718750000,120863.8125000000,133331.3125000000,149483.4687500000,,,
11.3799999817,88,175691.5781250000,194845.7187500000,165400.6875000000,164471.0156250000,131789.9843750000,119967.6328125000,132330.2031250000,152414.8593750000,,,
11.3839999817,88,175557.9531250000,210847.6562500000,165258.2656250000,164216.8750000000,131580.1562500000,119742.6015625000,132078.1875000000,154529.0781250000,,,
11.3879999816,88,175842.6093750000,211803.5937500000,165697.4843750000,164834.7187500000,132193.8437500000,120316.8359375000,132726.3125000000,153347.9218750000,,,
11.3919999816,89,176183.4375000000,196931.2500000000,166182.4531250000,165576.0781250000,132898.4062500000,121006.0234375000,133491.0468750000,150405.6406250000,,,
11.3959999816,89,176109.7187500000,184706.0625000000,166039.5937500000,165431.2500000000,132727.7656250000,120860.8359375000,133328.2343750000,149470.7656250000,,,
11.3999999815,89,175697.9375000000,194714.9375000000,165406.7031250000,164478.6875000000,131804.1406250000,119969.8046875000,132339.0000000000,152396.0781250000,,,
11.4039999815,89,175565.0625000000,210755.0781250000,165270.2031250000,164199.3281250000,131596.9687500000,119738.8437500000,132089.2343750000,154519.5625000000,,,
11.4079999814,89,175859.6562500000,211711.4531250000,165722.8593750000,164821.8281250000,132223.1250000000,120326.5937500000,132749.3281250000,153343.7656250000,,,
11.4119999814,89,176197.4531250000,196850.6718750000,166199.1093750000,165565.9218750000,132916.5156250000,121005.2187500000,133501.4531250000,150407.7812500000,,,
11.4159999816,89,176114.7500000000,184695.1875000000,166046.3593750000,165422.7500000000,132732.1875000000,120852.9218750000,133324.6406250000,149472.0781250000,,,
11.4199999815,89,175703.5781250000,194635.2968750000,165413.1718750000,164481.6875000000,131806.7500000000,119973.0781250000,132338.4218750000,152385.3281250000,,,
11.4239999815,89,175579.5468750000,210726.1406250000,165281.8125000000,164219.9062500000,131600.7031250000,119754.1015625000,132094.4062500000,154534.7187500000,,,
11.4279999814,89,175853.2187500000,211779.9531250000,165707.8281250000,164823.3437500000,132201.8125000000,120327.5078125000,132728.0000000000,153367.0625000000,,,
11.4319999814,89,176192.7812500000,196983.3125000000,166192.6718750000,165555.2187500000,132905.4843750000,121013.1640625000,133494.7343750000,150435.0625000000,,,
11.4359999816,89,176125.7187500000,184747.3906250000,166056.1250000000,165430.0156250000,132741.5781250000,120871.3515625000,133337.8125000000,149489.9843750000,,,
11.4399999816,89,175712.9531250000,194609.7968750000,165416.7812500000,164481.3906250000,131814.3906250000,119980.6171875000,132341.8281250000,152394.3906250000,,,
11.4439999815,89,175583.0312500000,210724.9062500000,165281.2812500000,164211.0000000000,131606.0312500000,119748.6093750000,132090.0468750000,154547.7187500000,,,
11.4479999815,89,175865.8125000000,211918.9687500000,165722.5000000000,164826.4843750000,132219.5312500000,120326.8906250000,132738.5000000000,153411.3593750000,,,
11.4519999814,89,176210.1875000000,197193.1718750000,166215.3281250000,165589.1250000000,132929.8437500000,121021.7734375000,133511.1250000000,150479.5937500000,,,
11.4559999814,89,176133.8281250000,184796.0000000000,166073.3125000000,165456.8593750000,132761.2656250000,120878.0312500000,133354.1875000000,149491.0625000000,,,
11.4599999816,89,175718.6250000000,194545.7968750000,165432.6718750000,164498.2343750000,131829.7656250000,119985.9531250000,132358.8281250000,152384.6093750000,,,
11.4639999815,89,175572.8437500000,210685.6406250000,165274.9218750000,164207.0312500000,131598.2812500000,119737.5546875000,132086.5000000000,154543.3593750000,,,
11.4679999815,89,175838.0781250000,211953.0937500000,165697.6718750000,164796.1718750000,132193.9531250000,120305.1875000000,132719.6093750000,153404.6718750000,,,
11.4719999814,89,176183.1718750000,197259.2500000000,166191.3906250000,165557.4687500000,132906.7812500000,121003.1328125000,133499.3750000000,150467.5000000000,,,
11.4759999814,89,176113.8906250000,184778.4531250000,166053.1093750000,165429.8750000000,132744.1718750000,120867.7578125000,133348.1250000000,149459.9531250000,,,
11.4799999816,89,175710.5781250000,194447.6562500000,165422.5312500000,164494.7031250000,131823.6406250000,119982.2265625000,132360.3750000000,152349.5781250000,,,
11.4839999815,89,175579.8125000000,210627.1250000000,165278.4687500000,164228.6718750000,131602.9531250000,119742.5468750000,132092.0468750000,154535.7343750000,,,
11.4879999815,89,175858.3281250000,211943.1718750000,165714.5156250000,164827.8593750000,132208.8125000000,120314.3359375000,132728.6250000000,153417.7968750000,,,
11.4919999815,89,176200.8281250000,197273.3281250000,166206.3437500000,165572.8125000000,132919.7812500000,121007.0468750000,133504.3906250000,150479.8125000000,,,
11.4959999814,89,176132.3281250000,184784.3281250000,166073.3125000000,165442.6718750000,132762.9843750000,120876.6093750000,133360.9062500000,149464.4843750000,,,
11.4999999814,89,175727.4687500000,194384.8906250000,165443.8593750000,164491.0781250000,131840.5937500000,119994.4609375000,132375.9843750000,152344.3750000000,,,
11.5039999816,89,175583.0937500000,210593.7812500000,165283.9687500000,164215.0000000000,131602.2812500000,119744.9062500000,132097.4375000000,154533.1093750000,,,
11.5079999815,89,175851.9531250000,211934.0000000000,165704.6093750000,164818.2031250000,132194.0625000000,120314.3359375000,132721.5625000000,153407.7343750000,,,
11.5119999815,89,176194.5156250000,197282.2968750000,166190.6250000000,165567.5312500000,132899.6875000000,121007.3437500000,133488.8437500000,150470.7656250000,,,
11.5159999814,89,176125.2968750000,184775.6875000000,166059.4218750000,165438.3281250000,132744.8437500000,120877.2031250000,133347.0625000000,149450.9062500000,,,
11.5199999814,90,175714.4375000000,194300.0781250000,165424.6718750000,164484.7812500000,131819.9687500000,119989.1171875000,132360.7500000000,152320.0937500000,,,
11.5239999813,90,175575.3125000000,210552.0625000000,165271.0156250000,164204.6250000000,131588.3281250000,119734.6562500000,132085.2343750000,154526.5312500000,,,
11.5279999813,90,175853.3437500000,211987.9843750000,165706.3906250000,164810.1562500000,132194.1406250000,120301.1406250000,132720.8906250000,153423.0000000000,,,
11.5319999813,90,176197.8437500000,197399.1250000000,166200.9375000000,165565.1718750000,132909.2656250000,121001.2265625000,133499.5156250000,150495.7187500000,,,
11.5359999812,90,176128.0625000000,184812.4375000000,166070.6093750000,165452.3750000000,132757.8906250000,120876.9062500000,133364.3281250000,149454.9375000000,,,
11.5399999812,90,175711.7500000000,194243.9687500000,165429.3906250000,164499.7343750000,131827.3437500000,119985.8984375000,132373.0156250000,152305.1250000000,,,
11.5439999814,90,175562.1406250000,210511.9218750000,165261.0000000000,164200.0000000000,131581.8437500000,119729.2968750000,132084.9218750000,154514.7812500000,,,
11.5479999813,90,175843.0468750000,212028.3281250000,165695.8750000000,164786.2343750000,132187.8906250000,120302.8828125000,132725.0781250000,153427.3125000000,,,
11.5519999813,90,176190.0156250000,197475.0312500000,166191.0937500000,165545.0312500000,132905.8281250000,121002.3515625000,133508.4218750000,150497.0000000000,,,
11.5559999812,90,176122.5312500000,184813.5937500000,166062.9531250000,165432.2656250000,132759.7968750000,120879.4218750000,133376.8906250000,149440.9375000000,,,
11.5599999812,90,175710.7343750000,194168.9218750000,165425.0156250000,164488.9531250000,131831.6093750000,119995.4531250000,132384.8906250000,152286.9687500000,,,
11.5639999814,90,175569.8125000000,210473.9375000000,165265.0625000000,164193.0781250000,131591.1718750000,119742.0312500000,132102.5156250000,154516.6875000000,,,
11.5679999813,90,175846.5000000000,212032.6718750000,165697.0468750000,164792.9531250000,132191.9062500000,120304.0937500000,132738.1718750000,153432.8593750000,,,
11.5719999813,90,176197.6875000000,197505.1250000000,166195.1718750000,165554.0937500000,132909.2968750000,121008.3046875000,133518.5937500000,150509.2031250000,,,
11.5759999813,90,176124.6562500000,184817.3437500000,166063.9218750000,165445.1093750000,132759.1718750000,120876.3437500000,133381.6093750000,149430.6093750000,,,
11.5799999812,90,175712.0781250000,194092.2656250000,165426.4375000000,164491.7968750000,131832.7656250000,119988.2890625000,132393.2968750000,152263.4687500000,,,
11.5839999812,90,175567.3906250000,210418.5468750000,165262.7500000000,164201.2968750000,131586.8593750000,119729.9140625000,132104.7187500000,154504.3593750000,,,
11.5879999814,90,175838.8281250000,212053.2187500000,165686.2500000000,164799.3125000000,132179.7656250000,120291.9921875000,132732.4375000000,153433.3437500000,,,
11.5919999813,90,176182.1093750000,197562.2343750000,166177.8437500000,165552.4062500000,132892.0000000000,120990.2031250000,133509.3125000000,150499.5781250000,,,
11.5959999813,90,176124.2812500000,184822.5781250000,166061.9687500000,165450.2656250000,132757.8593750000,120880.6562500000,133389.5156250000,149424.2187500000,,,
11.5999999812,90,175720.1718750000,194015.7656250000,165435.2187500000,164514.2031250000,131841.5625000000,120003.0156250000,132409.0312500000,152257.2500000000,,,
11.6039999812,90,175573.7500000000,210378.7187500000,165269.2343750000,164203.1406250000,131592.5156250000,119741.1484375000,132116.6250000000,154512.1093750000,,,
11.6079999814,90,175841.1875000000,212104.3125000000,165689.4375000000,164783.5156250000,132180.2656250000,120296.6875000000,132737.4218750000,153453.9218750000,,,
11.6119999813,90,176190.2812500000,197662.0468750000,166188.8281250000,165549.6093750000,132899.8750000000,121001.2812500000,133520.5156250000,150521.9375000000,,,
11.6159999813,90,176132.3437500000,184852.6718750000,166073.2656250000,165459.8437500000,132766.6250000000,120896.1328125000,133400.7031250000,149426.9531250000,,,
11.6199999813,90,175718.2968750000,193973.8750000000,165434.2187500000,164510.1718750000,131838.4843750000,120008.4296875000,132410.9687500000,152242.8750000000,,,
11.6239999812,90,175569.5937500000,210368.4375000000,165263.1718750000,164199.4062500000,131583.7968750000,119740.5859375000,132110.8281250000,154507.6562500000,,,
11.6279999812,90,175846.3437500000,212192.0468750000,165689.1406250000,164802.8906250000,132177.3437500000,120305.3281250000,132735.4687500000,153475.9375000000,,,
11.6319999814,90,176191.1406250000,197810.3750000000,166181.1875000000,165563.6875000000,132892.9531250000,121005.1640625000,133511.6875000000,150541.9843750000,,,
11.6359999813,90,176127.8437500000,184897.4531250000,166061.2187500000,165455.0937500000,132761.9687500000,120894.0937500000,133392.5468750000,149412.2812500000,,,
11.6399999813,90,175723.5000000000,193917.4687500000,165435.1406250000,164515.4375000000,131849.2656250000,120013.0468750000,132414.7187500000,152221.5000000000,,,
11.6439999812,90,175576.2187500000,210325.3750000000,165268.3281250000,164210.0312500000,131595.2500000000,119744.2343750000,132117.0312500000,154501.7031250000,,,
11.6479999812,91,175863.0312500000,212214.6093750000,165711.3750000000,164795.2968750000,132197.9218750000,120316.5625000000,132754.1562500000,153490.3906250000,,,
11.6519999811,91,176207.9531250000,197883.1093750000,166203.1562500000,165543.8125000000,132910.4687500000,121020.6953125000,133530.0156250000,150568.6093750000,,,
11.6559999811,91,176121.4375000000,184902.8750000000,166057.2656250000,165442.9687500000,132756.7343750000,120894.5000000000,133389.8437500000,149406.8906250000,,,
11.6599999811,91,175706.5156250000,193831.7187500000,165417.9375000000,164504.6718750000,131828.6875000000,120006.2343750000,132396.6718750000,152197.2968750000,,,
11.6639999810,91,175554.7812500000,210273.4375000000,165244.0468750000,164198.1562500000,131566.3437500000,119728.0312500000,132085.7500000000,154485.9062500000,,,
11.6679999810,91,175828.1875000000,212192.3281250000,165670.1718750000,164783.8750000000,132157.5000000000,120284.4296875000,132711.3750000000,153469.3906250000,,,
11.6719999812,91,176187.5781250000,197874.3437500000,166180.2031250000,165547.1406250000,132888.7500000000,120996.6953125000,133509.4062500000,150556.4062500000,,,
11.6759999811,91,176141.4218750000,184916.3906250000,166080.9062500000,165466.0000000000,132777.1093750000,120903.6171875000,133411.0000000000,149423.5468750000,,,
11.6799999811,91,175741.6875000000,193786.5156250000,165457.8750000000,164531.6875000000,131864.8906250000,120027.7968750000,132434.6250000000,152216.6093750000,,,
11.6839999810,91,175572.0937500000,210257.9062500000,165258.0625000000,164208.7187500000,131579.3750000000,119734.6015625000,132100.6875000000,154503.2812500000,,,
11.6879999810,91,175833.7187500000,212209.6718750000,165670.7656250000,164789.3593750000,132158.9218750000,120284.9140625000,132712.8750000000,153478.1875000000,,,
11.6919999812,91,176182.1562500000,197905.3437500000,166170.1406250000,165543.3281250000,132879.3281250000,120987.4687500000,133499.2187500000,150552.1718750000,,,
11.6959999811,91,176130.8125000000,184934.2343750000,166066.7187500000,165456.2187500000,132763.8593750000,120894.7421875000,133400.4687500000,149408.2968750000,,,
11.6999999811,91,175716.7343750000,193711.8125000000,165428.2656250000,164515.8906250000,131837.1875000000,120008.5625000000,132411.2343750000,152178.0781250000,,,
11.7039999811,91,175568.3593750000,210215.6406250000,165256.6406250000,164197.2656250000,131575.8125000000,119733.9843750000,132104.2031250000,154495.9375000000,,,
11.7079999810,91,175840.7187500000,212271.0625000000,165681.3906250000,164785.4218750000,132165.8125000000,120290.9765625000,132725.5937500000,153500.7500000000,,,
11.7119999810,91,176190.2812500000,198015.2812500000,166181.5468750000,165549.9531250000,132888.7031250000,120997.0156250000,133511.6718750000,150575.1093750000,,,
11.7159999812,91,176145.0625000000,184958.9375000000,166084.5312500000,165480.4375000000,132784.1093750000,120906.2734375000,133419.2968750000,149411.3750000000,,,
11.7199999811,91,175729.7500000000,193647.9062500000,165444.1406250000,164523.9843750000,131860.4375000000,120019.2968750000,132431.5156250000,152171.5625000000,,,
11.7239999811,91,175575.5156250000,210174.9218750000,165265.4843750000,164192.5000000000,131594.1875000000,119738.7343750000,132120.2187500000,154496.6875000000,,,
11.7279999810,91,175846.6875000000,212302.8281250000,165690.3125000000,164787.0312500000,132182.0937500000,120297.8437500000,132739.0000000000,153515.8750000000,,,
11.7319999810,91,176183.6562500000,198101.0937500000,166178.4531250000,165548.2187500000,132891.9218750000,120987.6015625000,133513.9687500000,150579.3437500000,,,
11.7359999812,91,176127.7656250000,184961.8125000000,166070.9218750000,165463.5937500000,132775.3437500000,120895.7031250000,133412.6718750000,149384.8281250000,,,
11.7399999811,91,175715.3125000000,193561.1093750000,165430.5781250000,164512.0312500000,131849.2343750000,120014.7890625000,132424.4531250000,152137.4375000000,,,
11.7439999811,91,175559.9375000000,210115.5937500000,165249.6093750000,164181.1406250000,131576.9375000000,119730.7187500000,132103.0468750000,154480.6093750000,,,
11.7479999810,91,175826.6875000000,212315.0000000000,165668.9375000000,164763.9375000000,132159.3281250000,120278.8515625000,132715.0156250000,153507.3437500000,,,
11.7519999810,91,176182.7187500000,198156.5312500000,166179.5781250000,165530.8281250000,132890.2187500000,120990.4140625000,133509.7656250000,150588.4843750000,,,
11.7559999810,91,176143.6718750000,184972.7031250000,166089.9687500000,165471.5000000000,132793.5000000000,120912.4140625000,133425.5156250000,149396.2187500000,,,
11.7599999812,91,175734.0625000000,193494.1562500000,165453.7500000000,164539.0156250000,131871.2812500000,120028.0390625000,132437.2812500000,152141.2968750000,,,
11.7639999811,91,175578.0625000000,210080.5312500000,165267.4375000000,164211.1562500000,131592.3593750000,119737.3125000000,132106.7812500000,154496.6562500000,,,
11.7679999811,91,175848.6250000000,212354.4375000000,165687.5781250000,164779.2343750000,132176.1406250000,120289.1796875000,132717.7031250000,153542.1406250000,,,
11.7719999810,91,176193.1875000000,198236.2187500000,166183.0937500000,165537.0000000000,132895.1406250000,120994.6796875000,133499.2812500000,150618.6406250000,,,
11.7759999810,92,176134.0156250000,185003.4687500000,166073.9843750000,165452.9687500000,132782.1093750000,120902.7109375000,133404.0781250000,149393.0312500000,,,
11.7799999809,92,175725.1875000000,193438.0781250000,165443.3906250000,164519.5156250000,131866.2343750000,120027.2343750000,132427.6718750000,152124.5312500000,,,
11.7839999809,92,175570.6875000000,210054.9531250000,165262.3437500000,164197.1875000000,131589.7343750000,119738.0390625000,132103.8593750000,154491.9375000000,,,
11.7879999809,92,175840.1250000000,212427.8125000000,165682.5468750000,164771.5781250000,132171.4218750000,120286.2265625000,132715.1875000000,153551.1250000000,,,
11.7919999808,92,176190.0468750000,198361.2968750000,166185.1562500000,165542.1250000000,132896.1718750000,120994.4921875000,133502.4687500000,150627.0625000000,,,
11.7959999808,92,176141.4375000000,185020.8437500000,166083.1250000000,165476.5781250000,132792.5312500000,120919.4687500000,133414.7812500000,149390.2968750000,,,
11.7999999810,92,175734.7187500000,193375.0156250000,165448.3593750000,164533.0468750000,131875.6562500000,120044.3203125000,132434.7343750000,152122.4218750000,,,
11.8039999809,92,175571.9062500000,210012.4687500000,165257.2500000000,164187.2343750000,131591.0937500000,119740.0234375000,132099.6718750000,154496.4218750000,,,
11.8079999809,92,175836.3593750000,212484.1250000000,165672.5937500000,164762.5156250000,132164.6562500000,120275.6640625000,132703.8906250000,153570.4062500000,,,
11.8119999808,92,176182.1250000000,198507.2656250000,166173.0625000000,165526.7343750000,132887.4687500000,120981.9140625000,133496.0625000000,150644.3593750000,,,
11.8159999808,92,176151.7656250000,185053.4531250000,166098.8437500000,165483.0156250000,132810.5312500000,120928.3750000000,133439.8593750000,149386.8125000000,,,
11.8199999810,92,175745.1718750000,193302.8125000000,165465.7656250000,164544.5937500000,131889.4062500000,120046.0078125000,132460.1093750000,152100.3750000000,,,
11.8239999809,92,175561.0937500000,209963.4375000000,165247.4062500000,164187.1875000000,131575.2187500000,119712.9843750000,132099.0468750000,154464.7656250000,,,
11.8279999809,92,175821.1250000000,212507.5937500000,165655.0781250000,164760.7656250000,132144.1093750000,120249.8593750000,132696.6562500000,153546.7187500000,,,
11.8319999808,92,176176.0156250000,198575.1718750000,166165.5312500000,165537.0000000000,132880.1875000000,120971.6093750000,133495.8750000000,150636.0468750000,,,
11.8359999808,92,176144.1562500000,185066.3125000000,166089.3593750000,165482.0156250000,132802.6718750000,120923.0625000000,133433.9062500000,149371.0625000000,,,
11.8399999808,92,175730.4531250000,193238.1093750000,165447.2812500000,164530.2343750000,131875.3593750000,120047.5937500000,132444.0156250000,152080.7343750000,,,
11.8439999809,92,175557.3906250000,209924.0000000000,165245.2812500000,164178.0937500000,131576.5312500000,119736.5859375000,132098.0937500000,154476.1875000000,,,
11.8479999809,92,175818.0937500000,212483.9062500000,165657.2500000000,164757.4687500000,132147.7968750000,120274.1328125000,132699.4062500000,153563.6250000000,,,
11.8519999809,92,176176.8437500000,198536.0468750000,166171.1250000000,165537.4062500000,132884.3281250000,120988.5078125000,133502.1250000000,150646.1562500000,,,
11.8559999808,92,176141.7031250000,185064.3750000000,166093.6406250000,165485.9062500000,132805.3281250000,120919.3125000000,133445.0625000000,149367.7343750000,,,
11.8599999808,92,175728.4843750000,193163.0937500000,165454.2031250000,164544.6718750000,131879.6718750000,120029.9140625000,132461.0156250000,152053.5937500000,,,
11.8639999810,92,175558.6250000000,209876.2812500000,165245.5000000000,164188.2343750000,131573.5312500000,119726.7968750000,132105.9531250000,154464.9531250000,,,
11.8679999809,92,175811.4687500000,212474.0000000000,165647.9687500000,164747.3906250000,132136.0625000000,120260.1875000000,132701.8281250000,153550.1875000000,,,
11.8719999809,92,176164.5156250000,198523.0000000000,166156.5468750000,165525.6093750000,132867.6875000000,120973.1718750000,133499.7500000000,150625.2656250000,,,
11.8759999808,92,176136.1093750000,185062.3125000000,166080.7656250000,165492.5625000000,132790.9062500000,120918.7734375000,133440.0312500000,149357.4375000000,,,
11.8799999808,92,175731.7656250000,193084.7656250000,165452.4687500000,164547.8281250000,131876.3437500000,120043.5703125000,132463.6406250000,152042.6562500000,,,
11.8839999808,92,175558.7656250000,209831.8437500000,165244.0468750000,164177.2343750000,131568.1093750000,119727.9531250000,132105.4375000000,154463.2343750000,,,
11.8879999809,92,175820.1093750000,212495.4375000000,165655.2031250000,164740.5781250000,132140.2500000000,120264.5546875000,132704.5625000000,153565.9062500000,,,
11.8919999809,92,176176.3906250000,198589.2812500000,166167.8125000000,165532.5468750000,132877.0781250000,120977.1406250000,133501.3437500000,150646.3437500000,,,
11.8959999809,92,176148.5468750000,185075.6406250000,166096.8281250000,165496.8750000000,132807.5312500000,120920.0625000000,133446.8906250000,149361.5312500000,,,
11.8999999808,92,175749.1875000000,193021.2500000000,165470.8281250000,164563.0937500000,131897.3281250000,120047.0859375000,132476.6250000000,152039.1562500000,,,
11.9039999808,93,175577.9843750000,209800.1718750000,165264.7812500000,164200.4531250000,131589.3750000000,119728.9687500000,132123.0312500000,154473.7031250000,,,
11.9079999807,93,175829.8281250000,212557.4531250000,165667.3125000000,164754.8125000000,132150.5781250000,120258.2500000000,132713.2500000000,153588.0312500000,,,
11.9119999807,93,176179.8750000000,198716.3437500000,166172.9531250000,165524.4843750000,132879.5468750000,120976.2265625000,133505.5000000000,150669.2968750000,,,
11.9159999806,93,176154.9062500000,185108.4375000000,166103.1406250000,165489.2343750000,132812.1718750000,120937.4140625000,133452.6093750000,149366.6562500000,,,
11.9199999806,93,175738.5000000000,192966.6250000000,165460.8281250000,164559.9843750000,131890.0312500000,120054.8593750000,132470.3281250000,152025.7968750000,,,
11.9239999806,93,175566.7187500000,209760.7343750000,165252.5312500000,164200.9375000000,131581.0937500000,119727.6875000000,132112.2031250000,154470.3906250000,,,
11.9279999807,93,175822.2812500000,212628.5000000000,165655.6093750000,164747.0468750000,132142.6406250000,120250.2578125000,132699.5937500000,153605.8125000000,,,
11.9319999807,93,176186.3750000000,198884.4375000000,166178.4218750000,165522.9843750000,132891.6250000000,120976.7890625000,133511.5312500000,150702.1875000000,,,
11.9359999807,93,176159.2812500000,185157.1562500000,166109.3593750000,165492.7968750000,132830.5937500000,120930.6562500000,133466.5781250000,149363.3281250000,,,
11.9399999806,93,175742.4687500000,192910.6718750000,165466.7812500000,164546.3906250000,131906.8750000000,120045.3359375000,132484.0000000000,152009.6875000000,,,
11.9439999806,93,175559.2968750000,209725.0156250000,165246.7968750000,164174.7656250000,131583.2343750000,119715.5625000000,132113.8593750000,154464.4687500000,,,
11.9479999808,93,175815.5312500000,212656.6718750000,165651.9843750000,164736.0468750000,132142.0156250000,120245.6171875000,132700.9218750000,153614.7968750000,,,
11.9519999807,93,176183.4687500000,198925.2343750000,166178.9687500000,165525.5312500000,132890.4375000000,120972.7109375000,133512.2031250000,150707.4218750000,,,
11.9559999807,93,176156.9375000000,185168.7656250000,166112.1562500000,165505.4687500000,132828.2656250000,120932.8515625000,133464.9687500000,149358.5937500000,,,
11.9599999806,93,175747.8281250000,192854.1875000000,165473.4375000000,164570.0156250000,131906.9531250000,120061.0312500000,132482.0937500000,152001.9375000000,,,
11.9639999806,93,175579.1406250000,209696.5000000000,165263.4687500000,164192.2031250000,131593.0000000000,119733.9375000000,132115.3281250000,154473.6718750000,,,
11.9679999806,93,175836.0937500000,212672.3281250000,165669.0156250000,164749.8281250000,132154.7031250000,120261.4453125000,132706.2812500000,153628.7500000000,,,
11.9719999807,93,176192.3281250000,198978.9062500000,166183.3125000000,165532.3125000000,132896.0781250000,120985.6953125000,133514.5937500000,150718.0937500000,,,
11.9759999807,93,176168.6875000000,185184.0000000000,166121.1093750000,165506.3750000000,132842.0312500000,120945.9453125000,133478.7500000000,149358.9375000000,,,
11.9799999807,93,175763.2187500000,192780.8437500000,165489.5781250000,164571.6250000000,131926.6093750000,120064.1953125000,132499.0781250000,151989.8281250000,,,
11.9839999806,93,175583.2968750000,209647.0937500000,165267.7187500000,164191.2031250000,131596.2968750000,119721.6250000000,132115.1406250000,154466.3750000000,,,
11.9879999806,93,175831.3437500000,212676.0312500000,165661.7812500000,164739.5781250000,132146.0000000000,120240.5234375000,132691.5000000000,153625.9062500000,,,
11.9919999808,93,176196.8593750000,199001.5156250000,166182.8281250000,165543.3593750000,132894.1093750000,120973.7890625000,133503.6406250000,150719.3281250000,,,
11.9959999807,93,176169.9218750000,185182.6406250000,166116.3593750000,165516.1406250000,132836.5000000000,120940.8515625000,133463.6250000000,149352.8281250000,,,
11.9999999807,93,175752.0312500000,192694.9687500000,165473.9687500000,164560.3593750000,131909.9375000000,120059.2343750000,132480.2968750000,151967.2500000000,,,
12.0039999806,93,175565.5937500000,209584.8125000000,165247.7812500000,164175.1875000000,131576.5625000000,119719.3437500000,132101.5156250000,154457.1406250000,,,
12.0079999806,93,175821.7187500000,212686.2031250000,165652.4218750000,164733.6093750000,132139.4687500000,120253.3437500000,132695.9062500000,153641.4062500000,,,
12.0119999805,93,176192.2187500000,199054.7500000000,166178.6718750000,165526.1406250000,132893.2031250000,120995.4843750000,133515.7656250000,150745.6093750000,,,
12.0159999807,93,176167.7812500000,185202.0468750000,166115.0937500000,165506.8593750000,132839.5781250000,120963.5156250000,133482.3281250000,149362.9062500000,,,
12.0199999807,93,175750.0468750000,192617.8281250000,165469.8125000000,164573.1250000000,131913.6250000000,120076.3750000000,132497.2343750000,151957.2500000000,,,
12.0239999807,93,175564.2500000000,209525.2968750000,165243.6250000000,164186.8593750000,131576.9375000000,119723.6640625000,132110.5625000000,154452.0468750000,,,
12.0279999806,93,175810.7187500000,212706.2031250000,165634.1875000000,164727.7031250000,132120.7187500000,120236.6328125000,132680.0468750000,153636.8437500000,,,
12.0319999806,94,176160.8593750000,199127.0312500000,166143.9843750000,165494.1406250000,132856.4062500000,120952.4375000000,133480.0468750000,150719.2187500000,,,
12.0359999805,94,176137.6250000000,185193.9843750000,166084.7656250000,165488.3750000000,132808.0937500000,120926.6875000000,133451.3750000000,149316.2031250000,,,
12.0399999805,94,175731.4687500000,192526.8750000000,165450.5000000000,164568.7031250000,131891.2968750000,120052.1015625000,132474.9062500000,151915.4375000000,,,
12.0439999804,94,175555.2968750000,209471.4843750000,165229.6562500000,164189.1093750000,131559.0468750000,119706.2031250000,132091.9687500000,154434.9375000000,,,
12.0479999804,94,175816.4687500000,212719.4531250000,165639.0937500000,164740.6250000000,132122.5468750000,120234.1406250000,132682.8906250000,153640.6875000000,,,
12.0519999804,94,176187.7968750000,199184.0625000000,166172.6406250000,165525.4375000000,132881.8593750000,120969.8437500000,133508.2812500000,150743.4375000000,,,
12.0559999805,94,176165.3906250000,185222.2968750000,166119.1562500000,165520.9843750000,132840.9218750000,120942.0312500000,133489.6406250000,149328.5468750000,,,
12.0599999805,94,175761.8593750000,192457.5312500000,165489.9843750000,164602.3125000000,131931.2343750000,120075.1640625000,132519.7343750000,151918.0937500000,,,
12.0639999805,94,175574.4218750000,209431.1718750000,165258.5312500000,164194.7812500000,131587.7968750000,119727.6875000000,132121.9843750000,154453.5781250000,,,
12.0679999804,94,175819.7343750000,212745.0937500000,165649.2031250000,164737.9218750000,132132.1562500000,120238.5937500000,132690.0781250000,153663.3437500000,,,
12.0719999804,94,176176.4375000000,199247.2031250000,166164.5937500000,165524.8281250000,132873.4375000000,120958.1718750000,133494.4531250000,150752.9687500000,,,
12.0759999806,94,176162.3593750000,185246.7031250000,166116.5781250000,165517.4218750000,132838.8593750000,120940.8984375000,133477.6250000000,149331.8125000000,,,
12.0799999805,94,175765.9375000000,192414.0781250000,165493.4531250000,164595.4687500000,131933.8593750000,120082.1406250000,132512.9218750000,151917.7343750000,,,
12.0839999805,94,175585.6406250000,209411.1093750000,165266.5312500000,164207.5937500000,131593.9062500000,119732.5937500000,132120.4375000000,154465.0312500000,,,
12.0879999804,94,175831.9218750000,212823.6250000000,165657.3593750000,164734.5468750000,132139.1718750000,120239.9296875000,132690.5312500000,153689.7968750000,,,
12.0919999804,94,176191.4375000000,199401.8593750000,166178.1875000000,165521.9062500000,132887.4687500000,120965.5546875000,133502.5781250000,150782.6875000000,,,
12.0959999803,94,176172.7656250000,185298.7656250000,166126.8750000000,165510.5312500000,132853.3125000000,120952.7578125000,133489.2187500000,149333.2656250000,,,
12.0999999805,94,175766.7968750000,192346.3281250000,165493.2656250000,164573.4531250000,131940.0000000000,120082.5703125000,132517.7500000000,151896.8750000000,,,
12.1039999805,94,175584.9687500000,209354.7343750000,165264.5781250000,164183.3437500000,131597.1562500000,119727.4140625000,132120.4531250000,154455.2187500000,,,
12.1079999804,94,175836.9843750000,212879.8281250000,165655.4218750000,164724.9375000000,132140.5468750000,120243.6875000000,132686.1875000000,153711.4062500000,,,
12.1119999804,94,176206.0000000000,199543.1875000000,166183.8125000000,165522.4687500000,132896.6562500000,120981.6171875000,133504.5781250000,150819.0468750000,,,
12.1159999804,94,176193.2812500000,185319.3125000000,166140.3125000000,165534.5156250000,132871.3437500000,120971.2656250000,133499.3593750000,149343.7812500000,,,
12.1199999806,94,175788.1406250000,192261.5468750000,165511.5000000000,164603.9375000000,131960.0156250000,120102.2578125000,132527.0312500000,151898.2187500000,,,
12.1239999805,94,175595.0156250000,209301.9375000000,165269.6093750000,164186.5156250000,131600.4843750000,119736.8046875000,132113.1093750000,154466.9843750000,,,
12.1279999805,94,175822.4687500000,212868.9843750000,165641.7968750000,164701.7656250000,132123.0625000000,120228.5312500000,132660.3906250000,153707.0937500000,,,
12.1319999804,94,176186.1875000000,199542.7031250000,166168.9843750000,165501.2968750000,132877.2656250000,120959.5468750000,133480.4375000000,150805.0000000000,,,
12.1359999804,94,176192.7500000000,185329.3437500000,166149.6718750000,165536.5468750000,132876.5156250000,120969.3593750000,133503.4375000000,149339.7656250000,,,
12.1399999803,94,175780.6875000000,192192.2968750000,165507.9531250000,164605.5781250000,131957.5625000000,120097.6171875000,132528.0000000000,151872.2812500000,,,
12.1439999805,94,175577.2343750000,209249.5000000000,165254.6250000000,164185.5000000000,131587.3906250000,119725.8906250000,132107.1250000000,154443.0937500000,,,
12.1479999805,94,175805.8437500000,212865.9375000000,165629.9687500000,164698.7031250000,132113.2500000000,120219.7890625000,132660.3125000000,153695.6718750000,,,
12.1519999804,94,176165.4687500000,199574.2968750000,166151.1718750000,165487.9218750000,132863.5937500000,120954.5781250000,133479.8281250000,150800.9531250000,,,
12.1559999804,94,176166.3281250000,185364.0000000000,166122.1093750000,165517.5312500000,132855.4062500000,120962.6250000000,133494.0468750000,149328.0625000000,,,
12.1599999804,95,175763.7812500000,192132.1250000000,165498.2500000000,164600.6406250000,131950.4531250000,120095.0156250000,132531.1875000000,151851.5468750000,,,
12.1639999803,95,175569.1875000000,209208.3593750000,165258.6406250000,164181.7343750000,131589.1406250000,119723.5312500000,132120.5156250000,154442.9062500000,,,
12.1679999803,95,175817.3750000000,212883.1562500000,165651.8281250000,164716.5156250000,132131.2656250000,120232.7734375000,132684.9062500000,153719.4062500000,,,
12.1719999802,95,176170.2187500000,199588.8593750000,166159.2031250000,165517.0000000000,132869.5937500000,120953.6718750000,133482.6250000000,150809.3125000000,,,
12.1759999802,95,176165.6562500000,185358.7187500000,166122.6718750000,165537.9218750000,132854.0625000000,120954.9062500000,133488.7031250000,149319.3281250000,,,
12.1799999801,95,175761.8593750000,192037.5781250000,165493.3437500000,164605.0937500000,131945.7656250000,120091.2578125000,132525.7187500000,151828.7187500000,,,
12.1839999803,95,175560.2656250000,209136.0468750000,165240.9687500000,164172.5156250000,131572.8281250000,119711.9921875000,132101.7968750000,154425.3281250000,,,
12.1879999803,95,175795.5781250000,212888.8593750000,165620.5000000000,164697.8281250000,132103.0000000000,120208.9765625000,132659.4531250000,153706.1250000000,,,
12.1919999802,95,176159.7656250000,199671.6093750000,166144.0625000000,165497.2500000000,132855.1406250000,120939.9921875000,133476.6875000000,150809.2656250000,,,
12.1959999802,95,176175.3906250000,185374.9531250000,166132.2187500000,165532.7187500000,132863.1406250000,120968.3671875000,133503.4843750000,149319.1093750000,,,
12.1999999802,95,175778.4375000000,191958.2968750000,165510.9062500000,164619.1562500000,131961.5937500000,120110.4375000000,132543.2500000000,151824.0781250000,,,
12.2039999804,95,175563.8750000000,209074.2812500000,165243.5781250000,164173.3125000000,131572.5312500000,119718.1640625000,132101.0937500000,154424.1562500000,,,
12.2079999803,95,175796.0000000000,212919.6093750000,165621.0937500000,164695.1875000000,132097.8125000000,120206.4609375000,132651.7187500000,153716.9062500000,,,
12.2119999803,95,176165.7968750000,199776.3437500000,166152.9218750000,165487.3906250000,132858.3281250000,120939.4531250000,133476.0156250000,150823.9375000000,,,
12.2159999802,95,176168.2968750000,185394.5000000000,166129.4531250000,165519.8437500000,132859.2968750000,120954.4765625000,133499.2812500000,149296.5468750000,,,
12.2199999802,95,175771.2656250000,191877.7187500000,165507.5468750000,164603.8593750000,131959.3125000000,120098.4453125000,132542.2031250000,151789.6093750000,,,
12.2239999801,95,175579.6562500000,209024.1406250000,165259.4531250000,164183.3437500000,131588.1406250000,119726.3671875000,132115.2031250000,154424.7500000000,,,
12.2279999803,95,175807.0000000000,212971.0781250000,165630.4218750000,164687.8750000000,132106.5937500000,120213.2421875000,132661.8125000000,153737.2656250000,,,
12.2319999803,95,176169.8125000000,199900.1875000000,166158.2656250000,165475.9843750000,132862.9687500000,120945.5390625000,133486.3437500000,150845.4687500000,,,
12.2359999802,95,176170.6718750000,185441.1406250000,166131.8593750000,165519.3593750000,132864.0156250000,120961.1015625000,133510.8125000000,149296.4375000000,,,
12.2399999802,95,175765.8281250000,191824.6718750000,165498.6718750000,164608.9531250000,131952.8750000000,120101.3203125000,132543.6093750000,151771.6875000000,,,
12.2439999802,95,175555.1093750000,208987.0781250000,165231.5625000000,164172.5937500000,131560.5781250000,119706.8984375000,132097.6562500000,154404.2187500000,,,
12.2479999803,95,175780.8437500000,212989.7968750000,165603.0625000000,164680.7343750000,132078.3125000000,120190.6875000000,132640.4843750000,153726.2968750000,,,
12.2519999803,95,176147.0937500000,199955.4062500000,166135.9218750000,165476.3906250000,132839.4843750000,120930.5234375000,133468.1562500000,150844.8750000000,,,
12.2559999803,95,176157.5156250000,185470.4531250000,166122.9062500000,165524.5937500000,132853.0156250000,120958.5000000000,133505.0625000000,149291.6406250000,,,
12.2599999802,95,175770.9218750000,191761.0781250000,165512.3281250000,164621.8906250000,131962.9375000000,120111.5390625000,132555.7812500000,151762.6562500000,,,
12.2639999802,95,175555.5468750000,208946.6093750000,165238.1250000000,164176.8593750000,131562.4531250000,119705.1015625000,132102.4062500000,154404.5000000000,,,
12.2679999801,95,175776.3593750000,212997.2187500000,165599.0156250000,164673.3593750000,132074.1562500000,120181.0078125000,132645.0781250000,153729.8437500000,,,
12.2719999803,95,176146.2187500000,199971.6093750000,166129.5625000000,165480.4843750000,132835.5312500000,120920.5703125000,133474.6250000000,150845.5312500000,,,
12.2759999803,95,176164.2968750000,185481.5156250000,166123.5781250000,165529.6250000000,132855.4062500000,120955.8671875000,133518.4531250000,149295.6406250000,,,
12.2799999802,95,175768.1875000000,191686.0468750000,165500.9218750000,164630.3593750000,131956.2812500000,120103.0859375000,132564.9218750000,151745.9218750000,,,
12.2839999802,95,175558.3906250000,208888.2968750000,165231.0468750000,164185.3906250000,131560.2812500000,119706.8203125000,132116.8125000000,154403.3437500000,,,
12.2879999802,96,175777.5156250000,213030.5156250000,165593.4062500000,164680.6093750000,132070.0625000000,120183.3671875000,132651.8593750000,153748.0781250000,,,
12.2919999801,96,176141.1718750000,200074.6562500000,166123.1250000000,165460.9062500000,132830.4687500000,120924.3515625000,133479.6093750000,150863.8125000000,,,
12.2959999801,96,176156.9375000000,185512.1718750000,166119.7968750000,165516.2187500000,132856.4062500000,120963.4296875000,133530.0156250000,149289.8750000000,,,
12.2999999800,96,175762.7656250000,191611.4375000000,165500.5781250000,164609.6093750000,131962.2656250000,120111.6406250000,132581.8750000000,151728.8281250000,,,
12.3039999800,96,175548.5468750000,208827.8593750000,165228.5468750000,164150.9687500000,131563.4375000000,119707.1953125000,132129.4687500000,154395.3281250000,,,
12.3079999799,96,175783.8281250000,213036.7031250000,165610.4687500000,164666.3125000000,132091.4843750000,120196.9921875000,132678.9218750000,153760.7343750000,,,
12.3119999801,96,176163.2968750000,200137.4843750000,166157.4843750000,165479.7187500000,132868.6562500000,120946.0546875000,133518.4062500000,150889.9218750000,,,
12.3159999801,96,176181.2968750000,185540.3906250000,166156.3281250000,165541.9062500000,132895.0000000000,120985.9062500000,133566.9687500000,149300.9218750000,,,
12.3199999800,96,175790.5000000000,191556.6406250000,165539.2343750000,164649.2500000000,131999.2968750000,120132.7812500000,132615.6250000000,151726.5781250000,,,
12.3239999800,96,175564.3593750000,208786.3906250000,165250.8906250000,164184.6406250000,131581.6250000000,119708.9062500000,132144.7656250000,154389.6406250000,,,
12.3279999800,96,175790.9375000000,213081.7968750000,165615.2187500000,164689.9375000000,132089.2968750000,120189.4296875000,132675.7343750000,153766.3906250000,,,
12.3319999801,96,176163.7343750000,200253.7187500000,166151.2500000000,165486.3593750000,132852.9687500000,120936.7968750000,133505.3593750000,150900.9375000000,,,
12.3359999801,96,176176.2031250000,185574.6093750000,166144.2343750000,165540.9531250000,132876.3593750000,120978.6171875000,133558.1718750000,149288.9843750000,,,
12.3399999801,96,175769.1718750000,191478.3750000000,165510.0000000000,164628.8281250000,131968.0781250000,120119.5546875000,132597.9218750000,151690.6875000000,,,
12.3439999800,96,175554.4687500000,208730.8281250000,165231.9843750000,164170.7656250000,131559.7968750000,119712.3437500000,132134.8125000000,154384.5937500000,,,
12.3479999800,96,175783.6875000000,213126.8593750000,165604.1875000000,164671.8281250000,132077.0000000000,120193.8515625000,132674.8906250000,153785.5000000000,,,
12.3519999799,96,176158.6562500000,200371.9531250000,166147.0156250000,165479.7968750000,132851.5468750000,120943.2343750000,133511.8750000000,150923.7343750000,,,
12.3559999801,96,176168.7187500000,185616.8750000000,166135.0625000000,165545.4531250000,132876.2812500000,120987.4375000000,133559.7656250000,149287.2343750000,,,
12.3599999801,96,175757.5625000000,191416.0000000000,165494.0625000000,164628.4062500000,131963.8437500000,120122.1562500000,132593.2187500000,151670.7343750000,,,
12.3639999800,96,175534.5312500000,208679.9375000000,165210.0468750000,164158.2187500000,131546.1718750000,119702.3359375000,132119.7343750000,154368.3593750000,,,
12.3679999800,96,175766.3125000000,213120.3593750000,165585.5000000000,164659.7343750000,132061.5000000000,120186.2890625000,132654.8906250000,153779.1875000000,,,
12.3719999800,96,176146.8906250000,200386.6250000000,166134.7031250000,165464.0156250000,132838.8125000000,120938.7031250000,133495.5468750000,150919.6406250000,,,
12.3759999801,96,176169.5312500000,185620.1250000000,166142.1093750000,165530.7500000000,132879.9531250000,120988.2421875000,133561.5000000000,149283.5468750000,,,
12.3799999801,96,175769.5000000000,191334.5781250000,165513.4531250000,164620.6875000000,131979.5625000000,120130.8203125000,132603.9531250000,151663.8593750000,,,
12.3839999801,96,175552.1562500000,208620.4687500000,165233.0781250000,164163.6406250000,131565.4531250000,119709.7968750000,132130.3593750000,154377.5312500000,,,
12.3879999800,96,175785.1406250000,213122.0000000000,165603.8750000000,164691.5156250000,132075.4218750000,120191.0937500000,132660.9843750000,153800.4375000000,,,
12.3919999800,96,176154.2656250000,200415.1875000000,166137.1562500000,165492.9375000000,132837.9531250000,120933.6562500000,133489.7500000000,150934.3281250000,,,
12.3959999799,96,176155.6093750000,185631.6406250000,166123.6250000000,165535.3906250000,132861.6562500000,120968.2890625000,133543.2656250000,149270.0000000000,,,
12.3999999801,96,175759.8750000000,191264.3593750000,165504.0937500000,164626.4687500000,131970.8750000000,120123.9531250000,132600.8906250000,151637.5312500000,,,
12.4039999801,96,175551.0937500000,208564.7968750000,165229.7500000000,164164.9531250000,131560.8437500000,119714.6796875000,132136.3906250000,154369.9687500000,,,
12.4079999800,96,175779.3750000000,213147.4843750000,165599.9062500000,164664.1875000000,132070.0781250000,120188.5156250000,132669.2187500000,153804.4062500000,,,
12.4119999800,96,176138.5468750000,200490.2968750000,166127.0156250000,165460.9062500000,132825.0937500000,120917.3750000000,133490.5312500000,150925.7031250000,,,
12.4159999799,97,176164.7812500000,185675.6562500000,166136.7187500000,165545.2656250000,132871.5000000000,120979.4687500000,133558.5312500000,149271.5468750000,,,
12.4199999799,97,175778.8125000000,191222.1093750000,165522.1250000000,164653.0781250000,131986.9375000000,120141.6562500000,132614.4375000000,151637.4531250000,,,
12.4239999799,97,175559.5312500000,208532.2656250000,165232.7656250000,164177.4687500000,131560.4687500000,119713.2031250000,132127.3437500000,154369.6718750000,,,
12.4279999798,97,175772.4218750000,213187.0937500000,165585.8281250000,164653.5156250000,132053.7812500000,120171.8828125000,132641.6406250000,153806.0468750000,,,
12.4319999798,97,176144.0625000000,200588.2187500000,166124.5937500000,165455.4687500000,132824.9687500000,120922.5312500000,133481.0156250000,150945.0937500000,,,
12.4359999797,97,176171.5156250000,185712.0000000000,166138.2812500000,165545.7968750000,132875.8750000000,120984.5390625000,133559.4843750000,149272.3593750000,,,
12.4399999799,97,175785.8281250000,191153.8437500000,165528.2656250000,164650.9375000000,131993.5156250000,120148.6328125000,132621.6875000000,151625.3750000000,,,
12.4439999799,97,175557.4218750000,208473.8593750000,165234.9062500000,164167.6562500000,131561.4375000000,119714.5937500000,132132.1562500000,154368.9062500000,,,
12.4479999798,97,175771.0312500000,213206.8906250000,165586.8125000000,164655.6250000000,132052.7343750000,120171.6953125000,132644.7968750000,153820.4218750000,,,
12.4519999798,97,176144.9531250000,200678.8281250000,166126.0156250000,165465.6562500000,132822.2343750000,120918.6640625000,133480.2500000000,150962.5156250000,,,
12.4559999797,97,176171.2343750000,185734.6250000000,166140.5625000000,165548.4062500000,132876.0312500000,120984.6250000000,133559.1093750000,149263.5625000000,,,
12.4599999799,97,175772.5000000000,191071.7968750000,165517.8593750000,164649.5468750000,131984.5156250000,120136.2656250000,132610.8750000000,151588.1718750000,,,
12.4639999799,97,175542.9375000000,208409.6875000000,165220.5312500000,164162.9375000000,131551.2187500000,119704.8046875000,132121.0156250000,154344.7031250000,,,
12.4679999799,97,175759.7968750000,213228.8906250000,165578.1250000000,164646.8281250000,132046.8906250000,120166.0078125000,132634.0000000000,153817.3281250000,,,
12.4719999798,97,176139.2343750000,200775.5156250000,166124.8125000000,165461.6562500000,132822.8437500000,120911.9062500000,133470.0156250000,150967.0312500000,,,
12.4759999798,97,176173.0312500000,185769.7968750000,166146.1406250000,165561.0937500000,132887.0000000000,120984.9687500000,133566.0937500000,149257.2500000000,,,
12.4799999797,97,175777.8906250000,190999.9218750000,165526.6250000000,164665.8750000000,132000.1875000000,120139.8906250000,132635.8437500000,151572.2187500000,,,
12.4839999799,97,175552.5937500000,208357.8593750000,165229.2500000000,164172.2187500000,131562.4843750000,119699.0156250000,132141.4375000000,154344.9531250000,,,
12.4879999799,97,175761.6093750000,213236.3125000000,165572.8906250000,164641.2500000000,132044.1250000000,120147.1015625000,132643.0000000000,153821.2968750000,,,
12.4919999798,97,176135.0312500000,200803.6875000000,166112.0781250000,165443.9843750000,132814.9375000000,120905.6328125000,133477.4218750000,150971.9843750000,,,
12.4959999798,97,176172.6562500000,185781.8593750000,166136.7968750000,165555.2968750000,132881.1875000000,120991.8125000000,133568.8281250000,149263.9843750000,,,
12.4999999797,97,175784.3906250000,190934.9218750000,165525.9531250000,164658.9843750000,132000.1093750000,120151.9296875000,132633.6406250000,151572.8281250000,,,
12.5039999799,97,175558.6250000000,208299.8750000000,165230.0312500000,164169.8281250000,131564.0625000000,119710.5703125000,132137.8593750000,154352.0625000000,,,
12.5079999799,97,175773.2500000000,213238.1406250000,165584.7968750000,164650.1250000000,132056.7343750000,120168.2343750000,132648.9531250000,153847.0312500000,,,
12.5119999798,97,176149.0000000000,200850.7812500000,166129.5781250000,165461.3593750000,132830.7031250000,120918.6093750000,133488.8437500000,151001.4687500000,,,
12.5159999798,97,176179.8281250000,185802.9218750000,166149.4531250000,165561.4687500000,132893.2343750000,120996.7734375000,133582.0781250000,149273.9062500000,,,
12.5199999798,97,175788.2968750000,190871.3593750000,165529.4375000000,164666.6562500000,132005.4218750000,120158.5546875000,132635.2500000000,151567.0468750000,,,
12.5239999797,97,175563.3750000000,208252.7656250000,165234.0468750000,164167.8125000000,131566.8750000000,119716.4218750000,132136.3125000000,154357.4687500000,,,
12.5279999799,97,175772.7656250000,213263.6250000000,165584.8750000000,164640.3437500000,132052.8125000000,120165.0468750000,132643.5625000000,153860.2968750000,,,
12.5319999799,97,176139.5625000000,200930.5781250000,166119.6406250000,165450.1250000000,132818.7500000000,120912.8437500000,133477.8437500000,151013.6718750000,,,
12.5359999798,97,176179.8750000000,185850.3125000000,166148.8125000000,165568.7343750000,132892.5000000000,121001.8125000000,133579.3437500000,149280.7500000000,,,
12.5399999798,97,175780.9843750000,190813.4687500000,165526.8593750000,164670.1875000000,132001.8750000000,120153.8906250000,132633.5312500000,151549.0625000000,,,
12.5439999797,98,175554.5468750000,208203.8750000000,165230.2187500000,164169.6718750000,131558.6718750000,119704.9687500000,132131.9062500000,154346.1562500000,,,
12.5479999797,98,175771.8281250000,213293.1250000000,165585.0625000000,164643.4531250000,132046.4843750000,120158.5000000000,132639.7812500000,153865.8750000000,,,
12.5519999797,98,176149.4375000000,201028.4531250000,166132.8593750000,165454.8437500000,132823.8437500000,120913.7343750000,133483.3906250000,151029.2812500000,,,
12.5559999796,98,176180.7343750000,185880.3593750000,166156.4843750000,165568.6250000000,132895.9687500000,120996.1250000000,133585.5312500000,149264.6875000000,,,
12.5599999796,98,175791.5000000000,190745.2656250000,165544.4375000000,164676.2812500000,132018.3125000000,120165.4218750000,132654.5156250000,151528.6093750000,,,
12.5639999795,98,175558.1406250000,208147.7968750000,165235.9218750000,164177.0937500000,131565.5625000000,119714.5156250000,132142.2656250000,154339.8281250000,,,
12.5679999797,98,175761.8281250000,213310.4218750000,165575.5468750000,164638.0156250000,132040.2812500000,120155.4687500000,132632.3906250000,153869.7968750000,,,
12.5719999797,98,176144.0625000000,201089.3437500000,166126.7656250000,165447.7343750000,132821.7500000000,120914.6171875000,133477.5000000000,151036.7656250000,,,
12.5759999796,98,176190.6875000000,185922.0625000000,166164.6406250000,165572.4687500000,132906.6718750000,121014.2890625000,133592.0312500000,149276.7812500000,,,
12.5799999796,98,175802.1406250000,190689.5781250000,165550.2812500000,164697.1562500000,132026.6875000000,120180.8671875000,132659.8281250000,151530.4218750000,,,
12.5839999795,98,175565.1093750000,208108.4375000000,165237.4062500000,164191.6562500000,131567.1250000000,119718.3750000000,132145.0000000000,154352.7812500000,,,
12.5879999797,98,175775.2187500000,213345.7812500000,165583.1875000000,164658.0468750000,132046.1406250000,120162.2812500000,132644.2968750000,153898.7343750000,,,
12.5919999797,98,176153.5156250000,201175.1718750000,166129.9375000000,165467.0000000000,132824.3281250000,120918.4765625000,133487.8281250000,151062.7812500000,,,
12.5959999796,98,176180.7968750000,185945.2343750000,166148.7343750000,165572.9531250000,132893.1718750000,121007.1484375000,133583.8906250000,149272.2968750000,,,
12.5999999796,98,175789.1093750000,190618.2656250000,165534.4843750000,164686.3906250000,132013.7812500000,120174.8125000000,132649.0468750000,151506.3125000000,,,
12.6039999796,98,175556.9687500000,208047.8750000000,165227.2031250000,164177.6093750000,131558.2968750000,119719.5546875000,132131.7500000000,154342.2187500000,,,
12.6079999795,98,175771.1875000000,213364.9531250000,165578.7343750000,164631.7343750000,132043.3750000000,120172.2109375000,132636.5937500000,153912.2500000000,,,
12.6119999797,98,176145.5156250000,201259.9062500000,166124.2187500000,165455.1406250000,132820.3750000000,120921.7500000000,133480.9218750000,151079.9531250000,,,
12.6159999797,98,176189.1562500000,185980.6093750000,166159.8437500000,165590.1406250000,132906.5000000000,121026.2500000000,133597.6562500000,149285.2031250000,,,
12.6199999796,98,175805.1718750000,190566.1718750000,165550.0937500000,164714.4531250000,132031.0937500000,120196.4531250000,132667.1250000000,151515.1406250000,,,
12.6239999796,98,175566.2656250000,208007.5625000000,165234.6093750000,164194.6875000000,131565.5937500000,119720.5781250000,132141.0312500000,154350.2343750000,,,
12.6279999795,98,175765.0468750000,213374.9062500000,165571.2343750000,164631.7656250000,132036.7656250000,120153.5625000000,132633.5937500000,153911.5781250000,,,
12.6319999797,98,176146.8906250000,201309.1562500000,166124.1718750000,165450.6406250000,132821.1093750000,120908.8750000000,133481.2500000000,151082.2812500000,,,
12.6359999797,98,176192.1406250000,186009.2343750000,166166.2500000000,165579.4687500000,132913.5625000000,121006.8828125000,133598.5468750000,149272.8437500000,,,
12.6399999796,98,175805.3906250000,190495.4531250000,165555.7500000000,164691.8906250000,132038.2812500000,120182.0000000000,132669.1093750000,151480.2656250000,,,
12.6439999796,98,175560.6406250000,207930.7187500000,165232.0937500000,164170.2656250000,131563.1718750000,119708.0000000000,132135.8593750000,154321.6718750000,,,
12.6479999796,98,175763.0625000000,213402.4531250000,165568.0312500000,164633.4218750000,132029.8593750000,120142.1640625000,132621.5468750000,153909.5000000000,,,
12.6519999795,98,176148.3125000000,201446.2031250000,166121.9218750000,165454.2656250000,132813.8281250000,120907.6718750000,133472.0781250000,151099.8281250000,,,
12.6559999797,98,176206.1406250000,186069.2343750000,166177.1718750000,165588.3125000000,132920.7500000000,121025.3906250000,133605.8906250000,149278.9843750000,,,
12.6599999797,98,175827.2968750000,190452.1875000000,165577.8593750000,164712.8750000000,132056.6406250000,120200.0781250000,132683.8281250000,151482.1406250000,,,
12.6639999796,98,175578.6562500000,207907.1406250000,165249.2812500000,164190.0468750000,131577.3437500000,119724.9218750000,132147.9218750000,154341.2968750000,,,
12.6679999796,98,175782.1093750000,213434.0781250000,165586.1406250000,164650.9375000000,132047.4687500000,120162.2578125000,132641.0781250000,153944.5468750000,,,
12.6719999795,99,176153.8906250000,201488.3125000000,166129.8750000000,165450.0781250000,132823.6562500000,120912.2265625000,133484.0156250000,151117.3593750000,,,
12.6759999795,99,176193.9531250000,186098.6562500000,166169.5468750000,165574.2812500000,132919.1093750000,121021.3125000000,133610.7187500000,149273.8593750000,,,
12.6799999794,99,175808.9843750000,190388.6406250000,165565.2500000000,164698.0625000000,132051.4375000000,120199.9140625000,132691.2031250000,151456.0156250000,,,
12.6839999794,99,175565.3281250000,207844.3593750000,165241.4218750000,164172.0781250000,131574.2500000000,119719.0781250000,132153.7968750000,154324.2187500000,,,
12.6879999794,99,175764.9375000000,213420.9843750000,165575.1250000000,164618.5625000000,132038.1718750000,120153.3515625000,132637.5000000000,153932.9062500000,,,
12.6919999793,99,176154.4843750000,201495.8593750000,166136.6875000000,165442.5156250000,132829.8437500000,120918.5078125000,133495.7343750000,151120.0468750000,,,
12.6959999795,99,176200.3437500000,186106.0625000000,166179.1250000000,165590.4687500000,132925.9531250000,121023.8593750000,133620.8593750000,149275.7343750000,,,
12.6999999795,99,175809.5156250000,190305.1093750000,165564.8750000000,164725.9843750000,132049.9687500000,120198.6250000000,132692.5156250000,151441.1562500000,,,
12.7039999794,99,175566.1093750000,207769.1406250000,165240.2656250000,164191.4531250000,131572.0781250000,119720.3593750000,132152.2187500000,154319.4218750000,,,
12.7079999794,99,175768.9687500000,213416.5625000000,165574.6562500000,164644.3125000000,132035.5312500000,120152.0078125000,132631.3125000000,153941.7656250000,,,
12.7119999793,99,176151.5000000000,201538.9531250000,166127.1406250000,165463.4062500000,132819.0625000000,120913.0312500000,133478.3750000000,151129.4375000000,,,
12.7159999795,99,176198.4687500000,186131.8125000000,166174.1875000000,165582.9531250000,132920.1875000000,121022.3046875000,133610.3750000000,149275.4062500000,,,
12.7199999795,99,175814.3437500000,190236.1093750000,165566.1406250000,164699.3281250000,132051.2343750000,120197.5312500000,132688.8437500000,151426.3906250000,,,
12.7239999794,99,175576.9687500000,207709.7343750000,165247.9375000000,164165.8593750000,131576.7187500000,119722.7734375000,132151.3281250000,154319.4218750000,,,
12.7279999794,99,175776.2343750000,213434.6406250000,165583.0781250000,164614.5937500000,132040.6093750000,120158.6328125000,132631.6562500000,153957.6718750000,,,
12.7319999794,99,176146.2968750000,201631.1718750000,166127.2812500000,165437.5468750000,132816.4062500000,120908.1015625000,133477.1406250000,151136.3281250000,,,
12.7359999793,99,176195.0625000000,186166.6875000000,166173.0156250000,165593.0625000000,132918.7656250000,121023.7812500000,133615.1406250000,149258.9375000000,,,
12.7399999795,99,175809.2187500000,190152.6250000000,165564.2812500000,164720.1875000000,132047.9062500000,120197.5312500000,132693.3437500000,151389.4531250000,,,
12.7439999795,99,175545.2343750000,207630.2656250000,165214.3281250000,164157.2187500000,131541.0937500000,119695.5000000000,132123.3750000000,154275.7968750000,,,
12.7479999794,99,175739.0625000000,213435.5312500000,165540.2812500000,164597.4218750000,131994.9843750000,120118.1328125000,132589.6562500000,153926.4375000000,,,
12.7519999794,99,176129.4843750000,201701.5000000000,166103.2656250000,165428.5312500000,132787.9218750000,120885.0546875000,133444.2031250000,151131.3125000000,,,
12.7559999793,99,176200.6406250000,186197.7656250000,166176.3125000000,165598.3750000000,132917.9375000000,121022.2500000000,133602.1406250000,149267.8437500000,,,
12.7599999795,99,175831.7812500000,190098.6718750000,165587.0312500000,164735.6093750000,132068.0468750000,120215.0390625000,132700.6250000000,151403.1562500000,,,
12.7639999795,99,175583.2968750000,207587.8750000000,165255.4531250000,164187.6406250000,131578.0937500000,119730.6640625000,132148.2500000000,154317.7500000000,,,
12.7679999794,99,175772.5781250000,213471.8906250000,165576.2968750000,164633.6093750000,132029.1093750000,120147.8515625000,132617.3125000000,153978.6875000000,,,
12.7719999794,99,176145.5156250000,201808.8750000000,166118.7187500000,165447.0937500000,132804.8281250000,120901.9296875000,133462.2031250000,151173.3750000000,,,
12.7759999793,99,176199.1406250000,186239.9843750000,166172.3125000000,165590.2500000000,132920.9375000000,121033.7343750000,133613.7187500000,149270.5312500000,,,
12.7799999793,99,175819.0625000000,190033.1718750000,165573.1875000000,164717.6406250000,132061.9062500000,120216.1718750000,132704.8906250000,151376.4687500000,,,
12.7839999795,99,175563.0000000000,207533.0468750000,165232.4375000000,164162.1093750000,131560.6562500000,119714.3515625000,132144.2500000000,154289.7500000000,,,
12.7879999795,99,175755.2500000000,213495.7968750000,165558.4062500000,164604.0312500000,132014.0312500000,120132.2968750000,132614.4375000000,153969.2031250000,,,
12.7919999794,99,176147.0781250000,201895.2187500000,166121.8593750000,165431.1406250000,132809.2500000000,120903.7031250000,133472.9687500000,151186.5937500000,,,
12.7959999794,99,176208.6562500000,186282.6406250000,166187.4687500000,165595.2968750000,132935.4531250000,121037.7265625000,133630.9218750000,149274.6562500000,,,
12.7999999793,100,175831.1093750000,189970.6718750000,165585.1250000000,164730.2812500000,132074.7031250000,120228.0546875000,132718.3750000000,151371.6718750000,,,
12.8039999793,100,175572.0312500000,207470.8750000000,165238.3906250000,164164.6718750000,131567.9687500000,119726.9375000000,132150.6562500000,154295.7343750000,,,
12.8079999792,100,175764.4843750000,213488.2031250000,165564.1562500000,164598.2343750000,132020.9687500000,120140.7421875000,132619.9062500000,153984.7343750000,,,
12.8119999792,100,176146.6718750000,201925.9218750000,166119.4218750000,165430.7031250000,132808.7656250000,120899.8906250000,133472.9375000000,151191.6406250000,,,
12.8159999792,100,176208.8125000000,186276.5781250000,166187.8906250000,165599.0468750000,132938.5625000000,121038.8046875000,133635.5625000000,149265.2500000000,,,
12.8199999791,100,175825.5625000000,189871.6718750000,165583.1093750000,164736.0156250000,132075.2968750000,120222.0156250000,132721.8906250000,151338.4375000000,,,
12.8239999793,100,175569.4843750000,207391.7343750000,165236.8437500000,164172.3281250000,131565.9687500000,119716.3359375000,132149.4062500000,154273.6875000000,,,
12.8279999793,100,175767.0781250000,213484.3125000000,165565.6250000000,164609.7187500000,132019.2656250000,120134.3593750000,132615.4062500000,153981.1562500000,,,
12.8319999792,100,176154.4531250000,201967.9843750000,166128.5625000000,165438.4843750000,132812.0312500000,120895.6562500000,133470.7968750000,151195.4218750000,,,
12.8359999792,100,176217.5625000000,186319.3750000000,166199.6406250000,165597.8906250000,132945.8281250000,121036.5234375000,133638.1093750000,149264.5000000000,,,
12.8399999791,100,175838.2968750000,189828.0781250000,165599.0156250000,164744.4062500000,132087.5468750000,120225.2343750000,132728.8125000000,151329.1250000000,,,
12.8439999793,100,175575.1718750000,207340.3437500000,165245.2031250000,164180.9375000000,131570.4687500000,119711.0546875000,132147.9843750000,154269.7656250000,,,
12.8479999793,100,175769.5000000000,213494.6875000000,165570.9843750000,164610.2187500000,132020.8437500000,120128.4609375000,132613.1718750000,153993.0937500000,,,
12.8519999792,100,176158.5781250000,202049.4687500000,166133.2343750000,165435.1875000000,132816.9531250000,120898.7656250000,133471.5625000000,151224.8125000000,,,
12.8559999792,100,176224.5156250000,186371.8750000000,166206.3750000000,165620.9531250000,132956.2812500000,121050.1484375000,133643.7656250000,149288.9062500000,,,
12.8599999791,100,175839.9843750000,189785.7812500000,165604.4687500000,164767.0781250000,132098.9687500000,120234.3281250000,132739.4375000000,151331.2656250000,,,
12.8639999791,100,175569.5468750000,207307.5312500000,165243.3593750000,164180.7187500000,131572.9843750000,119714.4921875000,132154.0156250000,154275.3125000000,,,
12.8679999793,100,175764.8125000000,213547.4218750000,165569.1718750000,164616.3906250000,132020.4843750000,120128.8906250000,132613.8437500000,154012.7656250000,,,
12.8719999793,100,176146.4062500000,202167.7187500000,166124.4687500000,165436.7500000000,132807.6875000000,120889.6718750000,133464.9687500000,151238.6093750000,,,
12.8759999792,100,176212.5781250000,186436.9218750000,166195.8125000000,165599.3125000000,132947.4843750000,121043.1718750000,133638.1093750000,149282.0156250000,,,
12.8799999792,100,175834.3750000000,189731.9531250000,165594.5312500000,164739.2031250000,132092.6406250000,120238.4062500000,132735.2187500000,151313.2500000000,,,
12.8839999791,100,175568.6250000000,207236.7500000000,165234.2968750000,164163.6406250000,131566.2812500000,119714.7265625000,132150.2031250000,154267.0312500000,,,
12.8879999793,100,175751.5000000000,213541.1250000000,165546.9218750000,164590.3125000000,132002.1718750000,120117.5703125000,132602.5312500000,154013.4531250000,,,
12.8919999793,100,176129.1875000000,202230.5625000000,166098.2500000000,165412.7968750000,132786.1093750000,120877.6015625000,133447.9843750000,151243.3281250000,,,
12.8959999792,100,176207.8593750000,186452.4218750000,166186.3125000000,165609.7500000000,132941.2343750000,121038.6718750000,133633.4062500000,149272.8125000000,,,
12.8999999792,100,175835.3437500000,189638.4843750000,165595.7968750000,164764.2343750000,132094.7656250000,120231.4609375000,132733.5312500000,151284.9531250000,,,
12.9039999791,100,175567.4218750000,207155.6406250000,165233.9218750000,164165.7500000000,131564.8906250000,119703.6796875000,132140.4062500000,154251.2656250000,,,
12.9079999791,100,175751.6093750000,213537.9062500000,165547.9218750000,164584.5000000000,131998.0468750000,120105.9296875000,132593.7656250000,154009.2656250000,,,
12.9119999793,100,176137.2343750000,202282.0937500000,166106.7031250000,165417.1875000000,132787.6093750000,120870.0937500000,133448.1250000000,151246.0625000000,,,
12.9159999792,100,176215.6250000000,186479.4843750000,166194.1250000000,165610.1718750000,132943.3906250000,121034.2656250000,133635.4843750000,149267.5781250000,,,
12.9199999792,100,175842.7187500000,189579.5468750000,165603.2500000000,164754.3437500000,132098.1718750000,120238.2187500000,132740.9531250000,151274.8593750000,,,
12.9239999792,100,175572.1406250000,207107.8125000000,165237.4062500000,164166.5781250000,131563.5312500000,119713.1484375000,132144.7031250000,154257.5156250000,,,
12.9279999791,101,175747.4218750000,213556.8125000000,165540.7031250000,164580.5781250000,131989.0781250000,120100.7265625000,132581.8281250000,154023.3593750000,,,
12.9319999791,101,176145.5468750000,202344.0312500000,166112.2812500000,165412.0937500000,132792.4375000000,120875.6718750000,133445.3906250000,151270.7812500000,,,
12.9359999790,101,176214.9531250000,186511.0781250000,166189.7187500000,165604.4062500000,132941.7500000000,121032.7109375000,133628.7656250000,149273.9687500000,,,
12.9399999790,101,175839.0000000000,189519.1718750000,165594.4843750000,164760.8750000000,132093.5625000000,120227.2187500000,132731.5937500000,151259.2031250000,,,
12.9439999789,101,175573.5156250000,207046.4218750000,165233.8593750000,164168.9375000000,131561.3750000000,119701.5859375000,132136.8125000000,154247.0468750000,,,
12.9479999789,101,175755.5468750000,213577.9531250000,165544.1093750000,164576.9062500000,131991.7187500000,120099.6015625000,132582.0625000000,154037.9687500000,,,
12.9519999791,101,176145.0156250000,202445.5937500000,166109.7656250000,165405.3281250000,132790.0781250000,120870.4687500000,133446.6562500000,151292.2968750000,,,
12.9559999791,101,176219.6250000000,186582.6406250000,166197.0468750000,165606.5468750000,132949.8750000000,121039.6328125000,133640.2500000000,149289.0156250000,,,
12.9599999790,101,175851.8125000000,189487.9843750000,165613.3125000000,164769.9531250000,132114.5781250000,120247.4687500000,132756.9218750000,151264.0781250000,,,
12.9639999790,101,175589.5000000000,207024.5000000000,165252.2031250000,164193.2656250000,131582.6718750000,119719.6406250000,132162.3750000000,154266.7968750000,,,
12.9679999789,101,175759.1718750000,213630.5781250000,165547.2500000000,164585.9531250000,131998.9531250000,120102.1484375000,132594.1875000000,154062.4531250000,,,
12.9719999791,101,176144.7968750000,202570.5625000000,166108.4218750000,165402.8125000000,132789.4218750000,120866.4140625000,133450.0000000000,151314.0000000000,,,
12.9759999791,101,176227.3281250000,186642.0156250000,166200.6093750000,165606.4531250000,132953.3906250000,121043.7890625000,133647.3593750000,149291.4531250000,,,
12.9799999790,101,175854.8437500000,189436.9687500000,165608.6406250000,164769.2968750000,132109.6562500000,120248.1640625000,132759.3906250000,151244.6093750000,,,
12.9839999790,101,175575.5781250000,206968.5000000000,165231.3906250000,164171.8750000000,131558.7187500000,119704.0312500000,132147.7343750000,154242.0000000000,,,
12.9879999789,101,175750.2656250000,213635.1093750000,165536.0625000000,164569.7187500000,131979.7500000000,120092.4921875000,132584.5312500000,154050.2500000000,,,
12.9919999789,101,176147.2343750000,202610.4531250000,166106.2500000000,165411.2343750000,132782.0781250000,120866.8750000000,133451.3437500000,151313.0937500000,,,
12.9959999791,101,176233.6875000000,186679.3281250000,166209.2500000000,165630.0781250000,132957.4218750000,121046.8750000000,133660.9531250000,149290.1093750000,,,
12.9999999790,101,175853.0000000000,189384.6093750000,165615.7812500000,164780.1875000000,132114.1250000000,120247.8437500000,132774.8593750000,151223.6562500000,,,
13.0039999790,101,175573.1406250000,206912.4375000000,165236.2187500000,164175.9218750000,131562.2968750000,119702.5546875000,132162.8593750000,154228.4843750000,,,
13.0079999790,101,175749.4375000000,213640.6093750000,165536.7343750000,164568.7812500000,131981.0625000000,120088.8437500000,132593.7031250000,154053.6562500000,,,
13.0119999789,101,176133.2031250000,202656.9062500000,166093.7500000000,165384.3125000000,132771.7500000000,120853.3281250000,133452.9531250000,151310.8125000000,,,
13.0159999791,101,176213.9375000000,186707.2500000000,166190.3593750000,165601.1875000000,132944.3281250000,121036.5234375000,133664.7968750000,149274.9843750000,,,
13.0199999791,101,175849.8281250000,189340.2500000000,165610.1718750000,164774.8593750000,132113.9062500000,120256.8046875000,132787.2343750000,151212.5781250000,,,
13.0239999790,101,175576.6718750000,206875.8593750000,165235.2500000000,164167.9843750000,131564.0937500000,119715.1328125000,132171.3125000000,154233.9843750000,,,
13.0279999790,101,175741.9531250000,213675.4687500000,165529.5468750000,164558.4062500000,131975.1093750000,120086.9687500000,132593.7812500000,154062.8906250000,,,
13.0319999789,101,176134.1718750000,202758.9687500000,166097.5000000000,165398.8750000000,132776.3437500000,120861.0234375000,133462.5312500000,151330.0625000000,,,
13.0359999789,101,176225.6875000000,186770.2343750000,166204.5468750000,165621.5156250000,132960.4218750000,121052.7500000000,133682.4375000000,149287.5625000000,,,
13.0399999791,101,175844.7968750000,189287.1875000000,165608.1406250000,164778.1250000000,132115.0468750000,120252.2187500000,132795.0000000000,151188.8281250000,,,
13.0439999790,101,175566.6718750000,206813.2812500000,165228.3437500000,164166.9843750000,131561.4531250000,119706.4453125000,132181.6718750000,154214.3750000000,,,
13.0479999790,101,175747.6875000000,213675.1562500000,165533.6562500000,164573.4218750000,131985.2187500000,120096.8125000000,132620.7500000000,154073.4218750000,,,
13.0519999790,101,176138.4375000000,202801.1562500000,166098.3125000000,165407.6718750000,132783.4218750000,120863.7890625000,133480.9531250000,151343.0781250000,,,
13.0559999789,102,176227.4531250000,186797.0312500000,166202.1093750000,165624.6093750000,132963.9375000000,121051.7031250000,133692.7656250000,149284.8750000000,,,
13.0599999789,102,175851.3281250000,189216.0625000000,165611.5156250000,164784.0625000000,132124.6093750000,120261.0703125000,132807.5000000000,151173.3125000000,,,
13.0639999788,102,175572.0625000000,206748.5625000000,165228.9062500000,164176.2343750000,131563.7656250000,119713.5234375000,132181.5312500000,154210.6562500000,,,
13.0679999788,102,175750.5312500000,213682.7656250000,165533.2968750000,164572.0468750000,131980.3437500000,120096.8125000000,132610.2812500000,154080.6406250000,,,
13.0719999787,102,176142.5468750000,202867.9687500000,166102.6875000000,165403.4062500000,132779.9375000000,120865.9375000000,133473.3437500000,151357.4843750000,,,
13.0759999787,102,176240.5781250000,186830.9375000000,166219.5000000000,165628.3281250000,132972.8437500000,121066.7812500000,133700.9687500000,149296.8125000000,,,
13.0799999789,102,175867.9843750000,189159.4843750000,165633.7500000000,164777.8281250000,132139.7500000000,120279.1171875000,132820.6562500000,151174.3906250000,,,
13.0839999788,102,175574.9531250000,206678.7656250000,165233.0781250000,164156.1562500000,131565.0468750000,119713.6015625000,132179.1250000000,154207.0000000000,,,
13.0879999788,102,175736.2343750000,213708.2500000000,165516.1406250000,164555.4218750000,131962.2343750000,120078.1171875000,132588.7187500000,154085.9843750000,,,
13.0919999788,102,176131.3593750000,203036.9687500000,166089.7031250000,165397.8281250000,132766.9843750000,120848.1796875000,133461.3281250000,151380.8906250000,,,
13.0959999787,102,176225.1562500000,186894.5781250000,166201.3125000000,165631.5312500000,132960.4375000000,121049.3437500000,133689.2812500000,149282.8125000000,,,
13.0999999789,102,175858.5000000000,189090.1875000000,165622.1093750000,164787.9375000000,132133.6250000000,120269.4375000000,132814.0468750000,151148.8281250000,,,
13.1039999789,102,175573.5156250000,206612.0156250000,165232.2031250000,164155.4062500000,131562.2031250000,119711.0546875000,132178.8437500000,154203.5937500000,,,
13.1079999788,102,175738.3906250000,213728.3906250000,165518.6875000000,164545.0468750000,131960.5468750000,120079.4531250000,132585.6562500000,154104.7031250000,,,
13.1119999788,102,176124.4375000000,203162.2031250000,166080.8750000000,165379.6875000000,132753.9218750000,120841.3906250000,133442.5937500000,151400.9843750000,,,
13.1159999787,102,176226.2500000000,186971.3437500000,166206.1562500000,165622.3593750000,132961.7031250000,121050.8750000000,133686.1406250000,149286.8593750000,,,
13.1199999787,102,175863.7812500000,189068.7031250000,165629.6406250000,164792.4218750000,132139.8281250000,120271.3671875000,132813.9687500000,151136.4843750000,,,
13.1239999789,102,175590.1406250000,206583.7343750000,165249.2812500000,164171.6875000000,131577.6562500000,119715.9375000000,132186.6250000000,154204.4843750000,,,
13.1279999788,102,175748.9531250000,213720.4218750000,165531.2968750000,164557.8906250000,131973.1250000000,120076.8046875000,132598.1250000000,154105.9062500000,,,
13.1319999788,102,176128.3750000000,203128.3593750000,166089.5468750000,165385.1875000000,132764.9687500000,120839.7578125000,133454.5625000000,151395.7500000000,,,
13.1359999788,102,176220.7812500000,186969.5937500000,166203.0781250000,165615.6406250000,132962.7031250000,121049.8515625000,133687.6406250000,149282.3593750000,,,
13.1399999787,102,175854.6562500000,188999.8125000000,165625.2968750000,164793.3125000000,132139.5625000000,120275.0156250000,132818.7187500000,151119.4062500000,,,
13.1439999789,102,175566.0000000000,206510.6562500000,165230.2656250000,164172.7500000000,131563.0156250000,119703.2734375000,132177.4218750000,154177.3906250000,,,
13.1479999789,102,175738.6562500000,213695.1093750000,165525.4375000000,164554.4375000000,131970.6250000000,120078.8125000000,132595.5625000000,154095.8281250000,,,
13.1519999788,102,176125.8593750000,203097.2187500000,166090.6875000000,165378.0625000000,132768.2656250000,120846.5156250000,133457.3281250000,151390.0468750000,,,
13.1559999788,102,176203.3437500000,186958.9218750000,166188.9218750000,165609.4843750000,132949.6875000000,121036.5234375000,133675.3125000000,149266.3281250000,,,
13.1599999787,102,175837.6250000000,188915.3281250000,165608.8281250000,164791.8906250000,132126.7343750000,120259.4296875000,132806.8125000000,151084.9375000000,,,
13.1639999787,102,175562.1093750000,206427.7968750000,165224.5468750000,164175.8437500000,131557.2812500000,119694.3750000000,132172.5000000000,154160.5937500000,,,
13.1679999789,102,175727.0625000000,213678.0000000000,165510.5312500000,164552.1562500000,131952.3906250000,120059.2578125000,132578.2343750000,154090.2187500000,,,
13.1719999788,102,176107.3750000000,203126.5312500000,166068.1406250000,165368.7500000000,132740.7656250000,120823.4453125000,133429.2968750000,151384.7500000000,,,
13.1759999788,102,176211.6562500000,186999.7500000000,166194.5000000000,165624.7656250000,132949.9062500000,121041.3203125000,133673.8593750000,149276.2187500000,,,
13.1799999787,102,175852.2656250000,188859.8125000000,165620.6406250000,164815.5468750000,132134.1406250000,120273.4375000000,132811.0468750000,151081.0781250000,,,
13.1839999787,103,175562.5156250000,206367.3437500000,165221.3125000000,164170.6093750000,131549.3593750000,119696.0312500000,132159.4375000000,154157.8593750000,,,
13.1879999787,103,175714.9218750000,213694.2500000000,165494.4062500000,164525.7656250000,131933.0781250000,120045.2890625000,132554.1406250000,154091.8281250000,,,
13.1919999786,103,176107.9375000000,203229.9062500000,166065.1093750000,165354.0312500000,132734.5468750000,120815.9921875000,133421.3906250000,151401.1406250000,,,
13.1959999786,103,176224.5937500000,187050.8437500000,166206.3437500000,165612.9687500000,132958.0312500000,121046.3125000000,133680.1406250000,149285.3906250000,,,
13.1999999785,103,175865.8437500000,188808.5312500000,165637.1093750000,164805.6406250000,132148.7812500000,120277.4062500000,132825.1250000000,151077.8593750000,,,
13.2039999785,103,175580.8906250000,206310.1250000000,165238.7500000000,164176.7968750000,131568.0312500000,119701.6640625000,132180.9687500000,154170.0468750000,,,
13.2079999787,103,175734.7968750000,213714.5625000000,165512.7812500000,164535.0312500000,131952.3437500000,120053.3046875000,132574.0781250000,154124.9531250000,,,
13.2119999786,103,176118.3281250000,203336.9843750000,166077.8125000000,165365.7500000000,132747.4531250000,120821.6484375000,133434.9531250000,151434.0625000000,,,
13.2159999786,103,176225.5000000000,187091.9687500000,166209.5468750000,165625.8906250000,132966.5625000000,121049.2343750000,133693.8437500000,149286.5937500000,,,
13.2199999786,103,175861.1562500000,188745.9531250000,165630.7968750000,164807.3125000000,132149.7968750000,120279.2031250000,132831.7031250000,151058.9687500000,,,
13.2239999785,103,175574.2031250000,206248.2500000000,165233.5625000000,164166.8750000000,131565.5625000000,119699.7343750000,132180.7812500000,154155.9375000000,,,
13.2279999787,103,175732.9375000000,213715.9687500000,165514.1562500000,164529.5156250000,131954.5937500000,120055.1015625000,132577.6875000000,154126.1875000000,,,
13.2319999787,103,176120.7812500000,203410.9218750000,166079.5312500000,165357.2968750000,132751.2343750000,120829.4531250000,133437.2031250000,151451.8437500000,,,
13.2359999786,103,176235.2656250000,187138.6093750000,166220.0312500000,165628.9531250000,132979.6250000000,121061.8125000000,133699.9062500000,149299.5781250000,,,
13.2399999786,103,175876.3906250000,188708.3750000000,165644.8593750000,164831.1875000000,132164.8437500000,120296.5000000000,132836.8437500000,151064.6875000000,,,
13.2439999785,103,175578.6562500000,206200.4843750000,165233.1406250000,164172.3750000000,131565.5937500000,119705.3125000000,132175.2500000000,154158.7968750000,,,
13.2479999785,103,175727.9218750000,213725.9218750000,165506.9062500000,164519.4218750000,131947.3437500000,120047.4843750000,132569.5625000000,154129.6250000000,,,
13.2519999787,103,176114.4375000000,203449.5468750000,166072.2656250000,165343.1562500000,132745.0156250000,120820.1718750000,133432.4375000000,151453.2343750000,,,
13.2559999786,103,176226.8125000000,187177.9531250000,166210.0468750000,165612.1406250000,132969.7031250000,121052.8281250000,133693.4375000000,149296.9531250000,,,
13.2599999786,103,175865.6093750000,188662.1562500000,165637.2187500000,164809.2343750000,132159.1406250000,120289.3359375000,132837.8125000000,151042.9843750000,,,
13.2639999785,103,175572.6718750000,206146.6406250000,165230.8593750000,164171.0625000000,131564.6250000000,119704.6718750000,132178.7187500000,154147.8125000000,,,
13.2679999785,103,175727.7656250000,213734.8593750000,165506.8593750000,164527.5781250000,131948.0937500000,120053.1406250000,132571.0625000000,154142.6875000000,,,
13.2719999787,103,176121.3281250000,203500.3281250000,166079.7968750000,165361.0000000000,132752.4062500000,120829.9921875000,133436.8281250000,151476.0625000000,,,
13.2759999787,103,176228.5625000000,187226.3906250000,166213.1875000000,165623.1093750000,132973.9687500000,121056.9609375000,133695.3750000000,149305.5625000000,,,
13.2799999786,103,175871.5000000000,188608.3750000000,165643.6562500000,164816.1562500000,132166.4062500000,120294.3515625000,132845.3593750000,151031.4843750000,,,
13.2839999786,103,175578.7656250000,206090.8593750000,165236.1718750000,164169.2968750000,131570.3437500000,119706.2812500000,132183.5468750000,154148.3750000000,,,
13.2879999785,103,175730.8281250000,213760.6562500000,165511.5781250000,164529.1406250000,131952.1250000000,120049.8203125000,132575.2031250000,154157.1093750000,,,
13.2919999785,103,176121.8281250000,203595.6250000000,166080.3593750000,165362.6562500000,132751.6093750000,120826.5625000000,133437.3125000000,151494.5625000000,,,
13.2959999787,103,176231.1093750000,187284.2031250000,166215.5156250000,165637.2343750000,132977.1250000000,121057.3906250000,133699.3125000000,149309.3750000000,,,
13.2999999786,103,175871.4218750000,188558.5468750000,165644.2343750000,164834.1875000000,132170.0781250000,120301.3281250000,132852.6250000000,151018.7187500000,,,
13.3039999786,103,175574.6406250000,206023.6875000000,165232.7812500000,164187.7968750000,131567.1718750000,119712.3437500000,132185.8281250000,154138.3125000000,,,
13.3079999785,103,175722.6093750000,213756.3750000000,165501.8750000000,164541.9375000000,131942.1250000000,120050.8671875000,132568.9531250000,154156.2500000000,,,
13.3119999785,104,176113.6250000000,203651.7343750000,166069.7187500000,165372.7968750000,132740.3437500000,120818.8359375000,133429.5312500000,151494.7031250000,,,
13.3159999785,104,176225.9531250000,187301.2500000000,166209.5625000000,165647.6250000000,132970.5781250000,121059.0000000000,133699.6406250000,149300.3906250000,,,
13.3199999784,104,175871.1562500000,188482.5781250000,165646.8750000000,164848.3750000000,132171.5000000000,120307.1250000000,132857.6093750000,151001.0625000000,,,
13.3239999784,104,175577.6406250000,205951.1093750000,165234.5312500000,164185.3906250000,131567.3593750000,119715.0000000000,132186.6250000000,154132.9218750000,,,
13.3279999783,104,175734.3281250000,213757.5468750000,165508.2031250000,164535.7968750000,131944.5781250000,120054.7031250000,132569.0781250000,154172.8906250000,,,
13.3319999783,104,176113.5781250000,203736.3593750000,166067.4843750000,165356.5781250000,132733.5781250000,120811.5156250000,133420.5312500000,151510.7968750000,,,
13.3359999785,104,176226.9531250000,187345.0625000000,166213.1562500000,165627.1562500000,132971.5000000000,121051.8671875000,133698.3750000000,149296.0625000000,,,
13.3399999784,104,175884.1562500000,188430.2812500000,165659.9062500000,164841.5156250000,132183.5468750000,120314.1484375000,132864.7968750000,150992.3437500000,,,
13.3439999784,104,175590.6250000000,205885.4843750000,165249.3125000000,164189.7343750000,131578.3593750000,119719.9296875000,132190.4375000000,154134.4531250000,,,
13.3479999783,104,175724.9218750000,213757.4687500000,165496.7187500000,164527.5000000000,131931.6562500000,120044.3203125000,132552.7968750000,154178.7031250000,,,
13.3519999783,104,176098.7187500000,203830.7812500000,166047.7500000000,165332.2187500000,132717.1406250000,120804.0312500000,133405.9843750000,151530.0781250000,,,
13.3559999785,104,176221.3906250000,187404.7656250000,166203.6875000000,165629.5468750000,132969.6250000000,121062.9921875000,133696.8125000000,149310.2812500000,,,
13.3599999784,104,175875.3593750000,188381.2187500000,165650.5156250000,164844.5312500000,132181.1562500000,120318.0625000000,132861.2343750000,150981.6406250000,,,
13.3639999784,104,175575.8906250000,205827.1406250000,165232.5468750000,164170.5000000000,131567.8906250000,119708.7187500000,132179.4687500000,154120.9062500000,,,
13.3679999784,104,175723.5781250000,213768.4062500000,165500.3437500000,164523.0156250000,131935.7656250000,120038.8750000000,132553.0156250000,154182.4843750000,,,
13.3719999783,104,176112.1718750000,203872.8906250000,166070.4375000000,165356.2500000000,132736.8906250000,120810.4375000000,133419.5000000000,151543.7812500000,,,
13.3759999783,104,176236.0937500000,187456.3750000000,166223.3750000000,165627.2343750000,132987.5312500000,121068.3046875000,133710.1562500000,149318.8906250000,,,
13.3799999785,104,175886.3125000000,188336.7812500000,165665.6406250000,164839.1718750000,132197.0312500000,120320.3984375000,132876.7343750000,150967.1093750000,,,
13.3839999784,104,175579.6562500000,205769.9375000000,165239.5468750000,164177.2656250000,131575.5468750000,119711.0546875000,132187.1406250000,154114.5937500000,,,
13.3879999784,104,175727.8437500000,213782.5468750000,165502.7500000000,164524.1250000000,131939.6718750000,120042.8203125000,132554.0937500000,154196.3593750000,,,
13.3919999783,104,176114.6250000000,203979.3437500000,166066.2031250000,165347.5937500000,132733.9375000000,120804.1640625000,133414.6562500000,151561.2656250000,,,
13.3959999783,104,176236.0625000000,187507.7343750000,166222.0937500000,165640.8125000000,132987.1406250000,121062.2968750000,133714.7656250000,149314.1406250000,,,
13.3999999785,104,175883.1718750000,188273.7968750000,165662.8593750000,164850.2031250000,132194.6718750000,120319.3515625000,132880.5156250000,150944.6093750000,,,
13.4039999784,104,175583.8906250000,205690.8593750000,165241.9687500000,164179.4531250000,131574.2031250000,119713.0703125000,132190.3281250000,154100.2031250000,,,
13.4079999784,104,175726.0000000000,213857.3593750000,165495.8906250000,164507.0937500000,131926.1562500000,120036.2734375000,132544.8125000000,154214.2500000000,,,
13.4119999784,104,176115.0000000000,204467.5781250000,166064.6562500000,165322.8281250000,132722.7500000000,120805.8281250000,133403.3281250000,151646.9218750000,,,
13.4159999783,104,176246.1875000000,187722.3906250000,166237.5937500000,165642.9062500000,133002.8750000000,121085.3671875000,133724.7187500000,149325.7812500000,,,
13.4199999783,104,175903.0937500000,188261.5468750000,165684.0468750000,164861.6562500000,132216.5000000000,120341.3750000000,132897.3281250000,150941.8125000000,,,
13.4239999785,104,175595.4843750000,205654.1718750000,165254.1875000000,164194.4843750000,131583.8281250000,119714.4609375000,132197.1718750000,154103.3593750000,,,
13.4279999784,104,175721.4375000000,213882.5468750000,165489.9843750000,164511.9375000000,131916.2343750000,120024.8203125000,132534.1093750000,154224.0156250000,,,
13.4319999784,104,176101.3125000000,204555.2968750000,166048.0468750000,165320.8750000000,132704.6093750000,120786.0078125000,133387.2656250000,151655.0156250000,,,
13.4359999783,104,176234.2968750000,187763.0312500000,166223.6562500000,165640.9375000000,132989.5781250000,121072.1406250000,133712.0000000000,149315.6406250000,,,
13.4399999783,105,175886.9218750000,188180.0312500000,165667.5781250000,164858.5625000000,132201.5156250000,120328.7109375000,132881.4531250000,150904.6875000000,,,
13.4439999782,105,175581.6718750000,205564.6406250000,165239.1250000000,164185.9687500000,131568.3593750000,119709.6328125000,132184.2187500000,154079.2500000000,,,
13.4479999782,105,175722.1875000000,213813.1562500000,165494.4843750000,164518.3593750000,131917.7343750000,120025.1406250000,132543.4687500000,154209.6875000000,,,
13.4519999782,105,176112.9218750000,204309.9531250000,166063.6562500000,165346.7031250000,132716.5312500000,120797.5390625000,133405.0781250000,151620.8906250000,,,
13.4559999781,105,176235.9687500000,187697.2343750000,166223.0625000000,165652.7343750000,132978.4218750000,121068.8671875000,133707.2812500000,149320.2031250000,,,
13.4599999781,105,175885.8593750000,188097.7343750000,165664.8593750000,164870.7500000000,132189.3906250000,120326.4609375000,132876.4687500000,150889.1406250000,,,
13.4639999783,105,175566.5312500000,205466.5156250000,165221.5781250000,164168.5937500000,131545.0156250000,119690.4296875000,132163.3125000000,154054.2031250000,,,
13.4679999782,105,175694.0000000000,213714.9062500000,165464.6875000000,164481.1250000000,131890.4375000000,119998.4531250000,132513.8906250000,154172.9687500000,,,
13.4719999782,105,176081.1250000000,204020.1718750000,166031.2031250000,165308.9687500000,132691.5312500000,120768.0078125000,133376.7031250000,151546.8125000000,,,
13.4759999781,105,176212.5468750000,187593.0468750000,166197.0468750000,165620.0468750000,132955.8906250000,121036.7343750000,133678.3906250000,149296.4218750000,,,
13.4799999781,105,175868.7187500000,187998.9062500000,165652.6093750000,164853.7187500000,132183.5156250000,120306.6406250000,132867.5937500000,150858.1875000000,,,
13.4839999783,105,175581.0000000000,205377.8125000000,165242.1562500000,164194.1562500000,131569.0781250000,119701.0000000000,132184.5312500000,154052.6718750000,,,
13.4879999782,105,175726.6406250000,213715.3906250000,165497.9843750000,164537.3125000000,131921.3593750000,120023.5625000000,132538.2343750000,154205.1250000000,,,
13.4919999782,105,176111.5625000000,204108.3750000000,166060.7031250000,165362.0781250000,132718.0000000000,120787.9375000000,133396.8906250000,151585.5937500000,,,
13.4959999782,105,176235.1250000000,187657.2187500000,166219.5468750000,165652.5781250000,132978.1406250000,121051.5390625000,133700.8437500000,149312.5625000000,,,
13.4999999781,105,175885.6406250000,187949.2031250000,165666.5625000000,164881.4687500000,132197.2031250000,120319.1093750000,132881.9062500000,150849.2187500000,,,
13.5039999781,105,175573.2500000000,205310.4687500000,165227.0000000000,164192.5781250000,131552.1562500000,119687.1796875000,132169.1875000000,154033.6718750000,,,
13.5079999783,105,175714.4843750000,213743.5000000000,165481.1562500000,164513.0156250000,131902.5312500000,120010.3125000000,132525.9218750000,154208.7500000000,,,
13.5119999782,105,176101.0781250000,204318.3125000000,166049.7031250000,165337.3750000000,132702.2812500000,120782.2500000000,133387.1093750000,151624.1093750000,,,
13.5159999782,105,176234.1875000000,187774.0468750000,166221.3125000000,165656.2343750000,132978.1406250000,121064.8203125000,133704.6250000000,149327.4687500000,,,
13.5199999781,105,175885.6406250000,187911.7812500000,165668.6406250000,164881.3906250000,132201.4375000000,120336.4687500000,132891.0312500000,150845.6093750000,,,
13.5239999781,105,175570.0312500000,205253.0937500000,165225.2187500000,164169.7500000000,131554.7500000000,119699.4140625000,132180.3281250000,154035.0000000000,,,
13.5279999783,105,175714.7343750000,213782.5781250000,165480.9687500000,164498.1250000000,131906.3125000000,120018.2734375000,132533.8437500000,154229.3125000000,,,
13.5319999782,105,176105.6406250000,204504.5156250000,166048.7656250000,165328.1718750000,132703.9531250000,120790.2421875000,133388.8437500000,151661.8593750000,,,
13.5359999782,105,176234.6406250000,187868.7031250000,166219.6250000000,165650.9687500000,132979.0937500000,121066.2109375000,133705.8593750000,149326.1875000000,,,
13.5399999782,105,175887.9531250000,187861.0312500000,165672.4531250000,164878.8125000000,132205.2968750000,120333.0859375000,132894.4687500000,150817.3593750000,,,
13.5439999781,105,175571.9062500000,205170.5937500000,165227.0156250000,164184.2343750000,131553.8750000000,119697.3750000000,132175.5468750000,154012.6718750000,,,
13.5479999781,105,175706.9843750000,213761.2812500000,165473.9218750000,164498.7968750000,131894.4062500000,120003.4140625000,132519.4687500000,154214.7343750000,,,
13.5519999783,105,176093.4062500000,204560.9843750000,166042.0156250000,165314.3593750000,132693.3750000000,120773.3437500000,133381.9843750000,151652.1250000000,,,
13.5559999782,105,176236.6562500000,187915.3437500000,166228.7500000000,165646.8906250000,132987.1875000000,121070.9921875000,133717.5468750000,149320.2343750000,,,
13.5599999782,105,175907.3437500000,187816.1562500000,165697.5625000000,164893.5156250000,132230.5312500000,120359.0000000000,132922.6875000000,150812.5937500000,,,
13.5639999781,105,175589.4375000000,205121.5937500000,165246.4375000000,164200.4062500000,131573.0781250000,119715.4843750000,132198.1406250000,154015.7656250000,,,
13.5679999781,106,175702.1718750000,213765.3281250000,165467.2656250000,164496.3593750000,131886.8906250000,120003.3593750000,132514.5625000000,154212.8437500000,,,
13.5719999780,106,176075.1406250000,204577.5781250000,166020.6562500000,165302.7656250000,132670.5000000000,120764.0937500000,133362.4218750000,151639.2187500000,,,
13.5759999780,106,176213.3437500000,187942.0312500000,166200.1562500000,165629.4843750000,132959.7500000000,121055.8359375000,133694.4375000000,149300.3281250000,,,
13.5799999780,106,175886.6875000000,187753.1875000000,165672.3750000000,164882.7343750000,132209.3125000000,120345.9062500000,132904.2187500000,150776.6250000000,,,
13.5839999779,106,175576.9218750000,205044.9062500000,165232.6875000000,164183.9375000000,131560.6875000000,119708.6406250000,132186.7343750000,153995.4062500000,,,
13.5879999779,106,175707.8125000000,213766.1093750000,165472.8125000000,164479.0625000000,131890.7031250000,120009.5078125000,132519.1875000000,154226.5312500000,,,
13.5919999781,106,176099.1718750000,204630.3125000000,166039.8125000000,165310.9687500000,132686.7500000000,120774.7890625000,133375.8906250000,151671.0000000000,,,
13.5959999780,106,176235.8750000000,188002.2187500000,166219.8125000000,165644.1250000000,132975.3906250000,121065.6484375000,133705.5625000000,149329.0781250000,,,
13.5999999780,106,175901.3281250000,187728.1250000000,165683.6093750000,164898.0156250000,132218.2500000000,120354.5156250000,132907.2500000000,150784.1093750000,,,
13.6039999779,106,175592.2812500000,204996.7812500000,165242.6250000000,164199.5468750000,131566.5000000000,119711.3515625000,132188.0781250000,154002.4062500000,,,
13.6079999779,106,175722.1093750000,213769.0000000000,165480.8906250000,164498.9375000000,131895.9375000000,120003.0156250000,132522.4062500000,154240.4843750000,,,
13.6119999781,106,176102.5468750000,204693.6875000000,166039.9218750000,165317.0937500000,132685.0625000000,120763.7421875000,133375.7812500000,151684.3593750000,,,
13.6159999780,106,176243.2656250000,188050.5312500000,166225.8437500000,165653.4375000000,132979.4687500000,121062.1640625000,133712.9062500000,149332.4687500000,,,
13.6199999780,106,175905.0781250000,187662.5000000000,165688.6250000000,164897.8281250000,132220.9531250000,120353.5000000000,132919.0625000000,150761.7812500000,,,
13.6239999780,106,175583.1093750000,204902.7500000000,165233.0000000000,164176.7968750000,131554.2968750000,119707.9687500000,132185.0937500000,153978.1250000000,,,
13.6279999779,106,175708.5937500000,213736.0156250000,165465.9062500000,164477.3906250000,131876.9687500000,120005.4843750000,132508.5937500000,154232.7031250000,,,
13.6319999779,106,176096.8906250000,204724.2656250000,166032.9531250000,165304.2656250000,132674.0156250000,120778.3359375000,133366.2343750000,151692.6250000000,,,
13.6359999781,106,176242.7812500000,188089.5312500000,166221.8593750000,165644.7500000000,132975.1718750000,121083.7265625000,133711.3593750000,149338.6093750000,,,
13.6399999780,106,175908.3593750000,187606.7031250000,165692.0312500000,164907.5468750000,132228.1718750000,120377.2343750000,132929.0312500000,150748.1875000000,,,
13.6439999780,106,175586.7031250000,204813.9843750000,165240.8125000000,164193.2656250000,131563.5312500000,119728.0312500000,132199.3750000000,153966.5781250000,,,
13.6479999779,106,175703.3906250000,213731.6093750000,165468.4687500000,164476.0781250000,131879.9687500000,120009.2890625000,132521.7500000000,154232.2968750000,,,
13.6519999779,106,176091.0156250000,204857.2031250000,166036.1093750000,165299.6250000000,132677.5781250000,120780.7500000000,133388.2031250000,151710.7500000000,,,
13.6559999781,106,176237.6718750000,188178.2656250000,166228.3125000000,165647.5625000000,132984.1875000000,121093.4140625000,133741.1093750000,149338.9843750000,,,
13.6599999780,106,175905.0312500000,187569.9062500000,165697.2187500000,164899.3906250000,132236.5781250000,120390.5156250000,132956.2343750000,150727.4062500000,,,
13.6639999780,106,175593.5937500000,204743.3750000000,165250.8593750000,164189.4843750000,131576.7500000000,119745.4375000000,132228.6093750000,153956.5625000000,,,
13.6679999779,106,175719.1250000000,213741.8125000000,165483.7031250000,164479.1718750000,131897.7500000000,120041.4531250000,132563.2031250000,154257.0468750000,,,
13.6719999779,106,176101.0937500000,204975.8125000000,166042.7343750000,165296.7031250000,132688.6562500000,120814.7343750000,133426.0000000000,151751.9843750000,,,
13.6759999779,106,176251.0312500000,188273.6875000000,166237.4062500000,165648.9843750000,132999.5781250000,121130.6171875000,133785.5937500000,149370.2500000000,,,
13.6799999780,106,175924.5000000000,187550.8125000000,165716.9062500000,164913.3125000000,132264.2187500000,120434.6640625000,133026.0312500000,150744.0312500000,,,
13.6839999780,106,175610.5781250000,204698.3593750000,165269.3281250000,164208.9062500000,131603.2968750000,119788.3828125000,132302.6093750000,153976.3593750000,,,
13.6879999780,106,175731.8750000000,213745.6406250000,165496.0937500000,164479.8906250000,131918.1875000000,120076.1875000000,132621.0312500000,154284.3906250000,,,
13.6919999779,106,176113.5781250000,204993.9687500000,166056.4218750000,165284.0937500000,132710.3906250000,120850.0546875000,133479.6875000000,151781.3750000000,,,
13.6959999779,107,176270.7968750000,188304.8125000000,166261.2500000000,165656.3125000000,133031.7187500000,121177.7656250000,133848.7343750000,149406.4375000000,,,
13.6999999778,107,175945.6718750000,187518.7812500000,165739.0625000000,164927.7343750000,132295.5000000000,120478.0312500000,133078.9687500000,150763.0468750000,,,
13.7039999778,107,175618.8437500000,204653.8906250000,165275.7031250000,164189.3750000000,131616.3125000000,119812.0703125000,132334.2812500000,153986.6562500000,,,
13.7079999777,107,175732.8906250000,213750.6562500000,165497.0937500000,164470.7187500000,131924.0625000000,120094.7187500000,132647.7031250000,154298.4375000000,,,
13.7119999777,107,176125.5625000000,205012.5000000000,166072.1562500000,165302.4531250000,132727.7031250000,120864.8046875000,133510.3593750000,151796.8437500000,,,
13.7159999777,107,176278.6406250000,188332.4375000000,166273.1093750000,165665.0781250000,133041.9843750000,121175.6718750000,133867.6250000000,149410.2968750000,,,
13.7199999779,107,175954.0156250000,187463.8281250000,165751.9843750000,164941.7343750000,132308.1093750000,120485.0078125000,133102.6562500000,150752.2343750000,,,
13.7239999778,107,175623.2656250000,204591.1250000000,165284.2812500000,164199.1718750000,131623.5468750000,119811.6953125000,132350.1562500000,153977.8281250000,,,
13.7279999778,107,175740.7968750000,213752.1875000000,165507.3593750000,164485.9531250000,131930.6093750000,120085.0859375000,132654.9375000000,154302.2968750000,,,
13.7319999777,107,176127.7343750000,205093.9843750000,166072.1093750000,165313.2031250000,132725.0000000000,120850.9921875000,133509.5468750000,151809.3750000000,,,
13.7359999777,107,176281.3437500000,188396.8593750000,166276.4375000000,165667.8906250000,133047.1093750000,121172.8593750000,133874.7812500000,149414.9218750000,,,
13.7399999779,107,175955.8125000000,187427.2343750000,165758.6406250000,164930.5000000000,132315.2656250000,120478.9687500000,133102.9843750000,150736.5000000000,,,
13.7439999778,107,175631.0156250000,204536.1406250000,165295.0625000000,164200.2656250000,131633.0000000000,119811.8828125000,132350.1093750000,153972.8750000000,,,
13.7479999778,107,175738.1718750000,213782.5468750000,165504.1718750000,164475.1406250000,131926.5625000000,120073.0156250000,132643.6250000000,154303.8593750000,,,
13.7519999777,107,176115.3750000000,205221.3593750000,166057.0625000000,165295.0625000000,132708.8281250000,120825.5703125000,133482.5156250000,151806.7968750000,,,
13.7559999777,107,176265.9218750000,188487.2812500000,166258.0312500000,165664.7031250000,133027.5312500000,121145.1484375000,133842.7031250000,149388.7968750000,,,
13.7599999777,107,175947.2500000000,187397.0625000000,165746.4375000000,164949.2031250000,132303.0312500000,120459.1796875000,133081.5937500000,150695.9062500000,,,
13.7639999778,107,175628.8750000000,204476.8593750000,165287.3437500000,164218.2187500000,131624.9531250000,119798.2812500000,132333.3437500000,153948.0625000000,,,
13.7679999778,107,175734.2343750000,213785.9218750000,165498.7031250000,164478.8437500000,131917.6875000000,120057.2500000000,132625.8125000000,154302.1718750000,,,
13.7719999778,107,176108.1093750000,205332.6250000000,166052.2500000000,165293.7812500000,132699.8750000000,120808.5312500000,133467.7812500000,151825.0156250000,,,
13.7759999777,107,176257.1562500000,188570.0781250000,166252.7812500000,165665.7031250000,133021.3593750000,121135.7343750000,133833.6406250000,149396.2187500000,,,
13.7799999777,107,175929.0937500000,187347.7343750000,165730.2343750000,164942.4375000000,132288.5312500000,120445.5781250000,133065.2187500000,150672.0625000000,,,
13.7839999779,107,175591.4218750000,204376.5000000000,165248.9062500000,164195.1718750000,131586.8125000000,119757.5937500000,132293.7500000000,153905.0625000000,,,
13.7879999778,107,175696.1875000000,213741.1406250000,165455.7343750000,164459.5312500000,131875.4687500000,120011.1640625000,132580.2343750000,154269.0156250000,,,
13.7919999778,107,176078.7031250000,205329.0000000000,166017.3125000000,165280.7187500000,132663.9843750000,120773.4765625000,133425.7500000000,151802.0312500000,,,
13.7959999777,107,176235.8281250000,188593.3281250000,166228.5781250000,165649.6093750000,132993.0312500000,121107.6250000000,133798.5312500000,149377.0468750000,,,
13.7999999777,107,175919.7343750000,187285.1093750000,165719.0000000000,164934.2656250000,132273.2343750000,120432.0859375000,133042.3125000000,150646.9843750000,,,
13.8039999777,107,175591.7968750000,204291.9062500000,165247.5468750000,164198.7656250000,131580.5625000000,119756.7343750000,132278.4687500000,153896.4843750000,,,
13.8079999778,107,175705.5781250000,213717.6406250000,165464.7656250000,164470.3750000000,131879.4687500000,120020.3671875000,132575.2031250000,154283.8437500000,,,
13.8119999778,107,176097.5312500000,205330.1562500000,166035.9531250000,165286.4375000000,132679.9375000000,120786.1093750000,133435.0156250000,151822.9531250000,,,
13.8159999778,107,176254.5312500000,188589.4687500000,166244.8906250000,165657.9687500000,133008.8593750000,121114.5234375000,133807.3593750000,149392.1093750000,,,
13.8199999777,107,175933.3281250000,187209.6250000000,165730.2656250000,164943.5937500000,132286.1093750000,120437.5859375000,133052.7968750000,150642.8281250000,,,
13.8239999777,108,175599.9062500000,204236.0625000000,165250.5781250000,164188.5781250000,131582.8281250000,119753.4375000000,132280.8281250000,153895.6250000000,,,
13.8279999776,108,175704.2656250000,213745.8281250000,165456.4531250000,164448.2500000000,131866.9687500000,120007.3593750000,132562.8593750000,154286.6093750000,,,
13.8319999776,108,176096.8437500000,205435.8593750000,166029.1562500000,165282.5937500000,132668.7031250000,120785.4140625000,133427.7187500000,151834.0781250000,,,
13.8359999775,108,176266.7031250000,188651.2187500000,166254.6875000000,165666.8750000000,133018.1406250000,121144.4843750000,133828.0625000000,149400.7187500000,,,
13.8399999775,108,175951.2187500000,187167.0937500000,165750.0781250000,164949.6562500000,132307.4687500000,120475.2734375000,133092.4687500000,150645.2656250000,,,
13.8439999775,108,175614.2187500000,204194.2968750000,165269.7187500000,164202.5312500000,131604.1875000000,119790.1796875000,132327.2812500000,153907.0781250000,,,
13.8479999776,108,175723.1562500000,213793.3281250000,165481.2343750000,164456.4218750000,131897.0781250000,120056.9765625000,132626.0781250000,154322.7343750000,,,
13.8519999776,108,176111.0312500000,205578.1250000000,166047.8906250000,165289.7656250000,132692.5468750000,120818.1406250000,133484.5156250000,151870.0156250000,,,
13.8559999776,108,176289.4531250000,188739.2500000000,166279.4375000000,165698.4218750000,133048.3125000000,121173.7421875000,133887.8750000000,149414.0781250000,,,
13.8599999775,108,175971.8125000000,187136.8437500000,165769.4375000000,164979.3125000000,132332.4062500000,120507.7500000000,133141.5468750000,150641.8906250000,,,
13.8639999775,108,175638.4687500000,204161.2031250000,165290.4218750000,164211.0468750000,131629.3750000000,119830.0625000000,132371.7812500000,153924.9687500000,,,
13.8679999777,108,175732.2656250000,213831.3125000000,165484.6718750000,164444.0625000000,131904.1406250000,120079.3515625000,132647.8125000000,154345.1718750000,,,
13.8719999776,108,176115.5781250000,205661.7031250000,166047.4843750000,165274.0625000000,132696.5625000000,120843.5078125000,133504.9843750000,151893.2812500000,,,
13.8759999776,108,176287.8125000000,188790.2031250000,166275.3906250000,165676.1250000000,133048.8437500000,121199.5234375000,133905.3125000000,149422.7968750000,,,
13.8799999775,108,175960.9843750000,187088.0156250000,165758.8437500000,164967.5156250000,132327.6562500000,120519.3359375000,133152.8593750000,150624.8593750000,,,
13.8839999775,108,175615.8593750000,204089.9843750000,165270.2343750000,164200.4375000000,131612.5000000000,119819.8203125000,132370.7343750000,153899.2968750000,,,
13.8879999775,108,175717.5468750000,213816.5000000000,165473.6250000000,164449.9375000000,131894.2187500000,120074.6015625000,132653.9218750000,154335.7812500000,,,
13.8919999776,108,176104.1875000000,205685.2500000000,166042.5937500000,165283.7968750000,132691.7968750000,120845.5781250000,133512.8750000000,151891.0468750000,,,
13.8959999776,108,176268.5781250000,188805.5781250000,166262.7500000000,165678.1718750000,133037.9375000000,121192.8984375000,133899.2968750000,149409.2812500000,,,
13.8999999776,108,175944.0625000000,187007.9062500000,165746.1093750000,164970.3125000000,132319.2343750000,120519.2578125000,133135.4062500000,150599.3281250000,,,
13.9039999775,108,175609.2343750000,204003.3281250000,165266.1562500000,164210.1093750000,131609.5312500000,119820.5156250000,132350.1093750000,153889.5937500000,,,
13.9079999775,108,175706.9843750000,213811.7343750000,165463.4843750000,164448.0781250000,131882.3906250000,120059.9531250000,132617.3437500000,154337.9218750000,,,
13.9119999777,108,176086.1406250000,205771.6250000000,166022.8281250000,165260.3281250000,132670.3437500000,120814.3828125000,133462.0468750000,151894.9687500000,,,
13.9159999776,108,176257.2656250000,188856.5937500000,166254.3593750000,165663.1562500000,133027.5000000000,121165.8828125000,133862.5312500000,149396.4687500000,,,
13.9199999776,108,175942.7187500000,186943.7968750000,165749.6562500000,164963.5156250000,132317.8906250000,120494.6093750000,133117.8593750000,150569.3593750000,,,
13.9239999775,108,175604.5468750000,203908.0156250000,165261.2812500000,164206.9531250000,131600.1875000000,119791.7890625000,132327.1250000000,153864.4843750000,,,
13.9279999775,108,175701.4531250000,213773.1093750000,165457.0000000000,164441.4062500000,131872.0000000000,120032.4609375000,132592.6093750000,154328.3125000000,,,
13.9319999774,108,176083.1562500000,205801.6875000000,166018.4843750000,165259.0781250000,132661.8281250000,120791.2890625000,133437.0000000000,151898.8281250000,,,
13.9359999776,108,176255.8437500000,188898.5156250000,166251.4375000000,165674.9531250000,133021.8750000000,121147.3281250000,133837.8281250000,149398.6562500000,,,
13.9399999776,108,175939.5000000000,186881.6250000000,165745.1250000000,164972.0312500000,132313.9531250000,120481.1171875000,133096.9687500000,150546.9375000000,,,
13.9439999775,108,175601.1562500000,203803.5156250000,165255.4843750000,164200.5937500000,131592.4843750000,119774.6484375000,132300.3281250000,153840.1250000000,,,
13.9479999775,108,175698.6875000000,213721.9375000000,165451.7656250000,164442.2656250000,131861.8125000000,120003.2031250000,132560.9531250000,154317.4375000000,,,
13.9519999775,109,176086.5937500000,205803.6250000000,166023.0156250000,165261.0625000000,132658.1562500000,120759.1250000000,133414.1406250000,151895.0937500000,,,
13.9559999774,109,176257.8437500000,188911.8750000000,166253.2343750000,165672.3281250000,133017.0937500000,121117.4687500000,133817.2187500000,149389.5625000000,,,
13.9599999774,109,175950.0156250000,186816.9062500000,165758.0468750000,164979.1562500000,132320.3437500000,120461.8593750000,133088.2500000000,150531.3906250000,,,
13.9639999773,109,175606.2812500000,203703.7500000000,165260.7343750000,164212.0937500000,131589.9375000000,119753.4375000000,132285.5468750000,153824.5156250000,,,
13.9679999773,109,175688.8437500000,213705.3281250000,165438.2968750000,164430.4531250000,131841.2968750000,119980.3515625000,132533.6250000000,154315.6562500000,,,
13.9719999772,109,176060.4687500000,205896.1562500000,165991.6406250000,165238.7968750000,132622.4843750000,120735.3906250000,133373.6875000000,151900.3281250000,,,
13.9759999774,109,176234.4531250000,188983.1406250000,166227.4843750000,165656.9062500000,132990.4062500000,121104.4375000000,133787.2656250000,149382.9218750000,,,
13.9799999774,109,175930.1875000000,186767.4687500000,165737.2343750000,164967.7656250000,132301.0312500000,120456.4375000000,133064.0625000000,150503.2968750000,,,
13.9839999774,109,175592.9062500000,203641.9531250000,165246.9531250000,164204.9375000000,131576.8750000000,119752.8203125000,132266.7500000000,153809.2031250000,,,
13.9879999773,109,175682.2500000000,213728.1250000000,165433.4218750000,164426.9687500000,131834.1093750000,119977.0000000000,132519.6250000000,154318.6875000000,,,
13.9919999773,109,176046.5781250000,206002.4843750000,165976.0312500000,165231.5781250000,132605.7812500000,120723.1562500000,133348.8593750000,151906.5781250000,,,
13.9959999775,109,176220.2968750000,189095.7343750000,166213.5156250000,165651.2656250000,132974.4531250000,121086.8125000000,133762.5937500000,149376.1250000000,,,
13.9999999774,109,175921.2656250000,186767.4218750000,165727.9843750000,164978.9687500000,132289.9531250000,120436.0546875000,133045.6250000000,150469.4843750000,,,
14.0039999774,109,175586.6250000000,203578.6406250000,165239.5000000000,164204.1875000000,131567.6250000000,119728.1406250000,132252.6406250000,153770.3593750000,,,
14.0079999773,109,175686.6718750000,213705.8593750000,165434.4843750000,164436.6250000000,131832.8125000000,119962.5625000000,132512.1093750000,154303.7031250000,,,
14.0119999773,109,176060.6562500000,206069.4843750000,165987.7500000000,165240.6406250000,132611.5468750000,120708.7578125000,133349.8437500000,151915.1406250000,,,
14.0159999772,109,176235.8281250000,189191.0000000000,166227.4531250000,165666.0781250000,132981.0156250000,121076.3281250000,133767.0468750000,149384.1250000000,,,
14.0199999774,109,175932.5781250000,186759.9062500000,165740.3750000000,164993.1406250000,132298.7656250000,120433.0546875000,133055.5781250000,150453.6875000000,,,
14.0239999774,109,175585.0937500000,203504.3437500000,165241.0000000000,164208.9843750000,131566.6093750000,119718.3515625000,132252.7500000000,153741.6875000000,,,
14.0279999773,109,175673.7500000000,213686.7968750000,165425.4218750000,164432.3437500000,131820.7500000000,119937.4296875000,132501.1718750000,154282.9062500000,,,
14.0319999773,109,176059.7968750000,206140.0781250000,165995.0468750000,165235.1718750000,132613.7656250000,120701.4062500000,133353.5000000000,151922.6406250000,,,
14.0359999773,109,176241.6250000000,189287.6406250000,166241.7500000000,165656.8750000000,132992.3437500000,121085.2031250000,133777.1718750000,149398.7968750000,,,
14.0399999775,109,175944.9218750000,186737.1406250000,165757.2343750000,164994.5781250000,132316.3593750000,120452.2812500000,133066.8281250000,150451.1093750000,,,
14.0439999774,109,175604.0000000000,203409.0000000000,165257.7812500000,164213.5156250000,131583.8281250000,119735.3281250000,132260.5000000000,153743.6250000000,,,
14.0479999774,109,175684.4687500000,213643.2031250000,165428.3437500000,164428.6562500000,131821.7187500000,119942.5546875000,132489.6875000000,154296.3281250000,,,
14.0519999773,109,176069.2968750000,206170.5781250000,165992.7656250000,165245.4218750000,132609.5000000000,120700.3359375000,133335.0625000000,151945.6562500000,,,
14.0559999773,109,176248.3593750000,189343.2812500000,166236.2500000000,165670.7187500000,132986.8125000000,121082.0937500000,133762.0468750000,149418.3437500000,,,
14.0599999772,109,175945.5937500000,186686.1250000000,165751.5625000000,165012.7343750000,132311.4531250000,120450.8906250000,133055.5000000000,150439.3906250000,,,
14.0639999774,109,175591.4843750000,203295.0781250000,165242.8750000000,164223.7343750000,131568.8593750000,119733.1015625000,132244.7187500000,153720.3125000000,,,
14.0679999774,109,175657.8437500000,213574.5625000000,165405.2500000000,164419.5468750000,131796.2343750000,119936.2265625000,132472.4218750000,154281.3750000000,,,
14.0719999773,109,176019.0000000000,206185.1093750000,165944.5156250000,165216.5625000000,132560.3125000000,120676.7031250000,133299.9531250000,151929.0781250000,,,
14.0759999773,109,176198.3281250000,189360.2500000000,166188.8125000000,165644.0000000000,132940.0312500000,121063.7187500000,133731.9843750000,149391.2500000000,,,
14.0799999773,110,175910.8281250000,186609.0625000000,165721.4062500000,164996.7031250000,132281.8437500000,120448.9296875000,133041.9062500000,150406.2656250000,,,
14.0839999772,110,175574.0156250000,203194.4687500000,165228.7343750000,164217.9218750000,131552.7187500000,119737.0156250000,132239.7343750000,153703.9843750000,,,
14.0879999772,110,175652.1250000000,213583.8750000000,165399.5468750000,164425.6093750000,131787.5156250000,119932.7968750000,132466.2187500000,154293.2656250000,,,
14.0919999771,110,176019.9687500000,206451.7187500000,165944.4843750000,165216.2656250000,132556.9062500000,120668.2031250000,133286.8750000000,151978.4843750000,,,
14.0959999771,110,176211.8750000000,189521.9843750000,166205.9531250000,165663.9843750000,132959.8281250000,121062.0000000000,133732.6250000000,149398.8281250000,,,
14.0999999770,110,175920.6093750000,186579.1718750000,165733.2656250000,165007.5625000000,132297.7812500000,120434.6328125000,133038.1562500000,150374.2812500000,,,
14.1039999772,110,175570.4531250000,203128.5468750000,165225.2187500000,164203.1093750000,131552.5000000000,119707.0312500000,132225.0312500000,153666.5625000000,,,
14.1079999772,110,175646.8906250000,213571.4375000000,165392.3593750000,164402.3437500000,131784.1562500000,119910.2656250000,132454.0468750000,154272.4531250000,,,
14.1119999771,110,176028.7343750000,206429.1718750000,165952.4062500000,165210.0468750000,132567.5312500000,120663.9609375000,133297.6250000000,151963.0625000000,,,
14.1159999771,110,176219.3906250000,189552.5625000000,166211.1250000000,165651.8906250000,132966.0468750000,121064.5546875000,133745.0468750000,149397.2968750000,,,
14.1199999771,110,175927.7031250000,186563.3750000000,165740.2968750000,165003.5156250000,132306.1406250000,120448.3125000000,133055.0937500000,150367.5625000000,,,
14.1239999773,110,175579.5156250000,203088.4687500000,165234.2031250000,164205.4687500000,131561.5312500000,119722.9375000000,132239.0156250000,153665.5937500000,,,
14.1279999772,110,175657.9687500000,213586.5000000000,165404.1250000000,164403.1562500000,131794.0000000000,119925.6328125000,132466.5156250000,154280.1250000000,,,
14.1319999772,110,176038.7968750000,206418.0000000000,165962.3750000000,165224.4218750000,132576.6718750000,120681.4765625000,133306.1875000000,151962.4843750000,,,
14.1359999771,110,176225.3125000000,189581.7187500000,166216.8125000000,165661.7500000000,132968.3281250000,121073.9375000000,133745.5000000000,149401.0937500000,,,
14.1399999771,110,175925.6875000000,186539.4531250000,165739.2500000000,165006.5781250000,132302.7343750000,120452.4687500000,133054.4531250000,150351.0000000000,,,
14.1439999770,110,175571.9218750000,203022.9218750000,165224.9843750000,164212.2031250000,131548.6875000000,119723.5546875000,132231.0468750000,153648.1875000000,,,
14.1479999772,110,175650.4843750000,213572.8281250000,165393.7187500000,164409.4843750000,131779.6562500000,119922.1718750000,132451.9218750000,154279.8281250000,,,
14.1519999772,110,176033.1562500000,206437.6875000000,165954.7656250000,165219.2187500000,132563.9062500000,120677.2109375000,133292.7968750000,151969.1093750000,,,
14.1559999771,110,176225.0156250000,189604.5781250000,166213.3437500000,165658.2968750000,132962.0468750000,121075.2812500000,133738.9375000000,149411.7812500000,,,
14.1599999771,110,175933.5156250000,186482.5937500000,165744.6093750000,165014.8281250000,132309.7187500000,120463.0625000000,133056.1406250000,150354.8750000000,,,
14.1639999771,110,175580.8906250000,202933.6250000000,165234.2968750000,164214.9687500000,131559.2656250000,119730.3437500000,132235.3906250000,153653.4687500000,,,
14.1679999772,110,175657.5468750000,213536.4062500000,165399.4687500000,164416.4531250000,131785.3437500000,119925.6328125000,132454.4687500000,154296.2187500000,,,
14.1719999772,110,176038.3437500000,206477.7656250000,165957.6093750000,165231.9843750000,132567.7500000000,120676.5703125000,133291.2968750000,151994.2031250000,,,
14.1759999772,110,176231.4218750000,189653.6406250000,166221.0781250000,165684.4687500000,132971.0468750000,121078.4687500000,133742.6875000000,149428.0000000000,,,
14.1799999771,110,175945.6875000000,186428.2187500000,165760.2968750000,165049.1875000000,132326.2031250000,120478.8125000000,133073.4687500000,150352.5312500000,,,
14.1839999771,110,175577.4218750000,202839.6406250000,165231.5312500000,164220.1250000000,131555.6093750000,119737.3906250000,132237.9375000000,153642.9062500000,,,
14.1879999770,110,175639.0156250000,213496.6562500000,165381.1875000000,164390.5000000000,131765.3125000000,119925.6015625000,132443.0156250000,154293.3125000000,,,
14.1919999772,110,176016.1250000000,206554.5000000000,165934.8906250000,165197.7812500000,132540.7343750000,120673.2187500000,133276.4687500000,152006.2812500000,,,
14.1959999772,110,176216.8437500000,189711.6250000000,166204.9531250000,165651.9375000000,132952.3750000000,121081.1796875000,133736.8906250000,149424.7656250000,,,
14.1999999771,110,175931.5000000000,186364.5781250000,165741.8437500000,165018.6093750000,132307.6718750000,120474.8671875000,133064.2968750000,150324.6406250000,,,
14.2039999771,110,175574.6406250000,202755.6875000000,165220.9843750000,164219.5625000000,131544.7187500000,119731.3046875000,132229.0937500000,153629.7187500000,,,
14.2079999771,111,175646.5000000000,213504.1562500000,165379.3437500000,164408.0312500000,131761.7968750000,119915.4375000000,132436.0000000000,154302.1875000000,,,
14.2119999770,111,176019.2187500000,206622.6562500000,165933.6718750000,165193.7968750000,132539.9843750000,120660.7187500000,133272.5156250000,152010.0000000000,,,
14.2159999770,111,176218.8750000000,189728.8437500000,166206.0781250000,165640.7187500000,132957.5156250000,121076.6484375000,133739.1406250000,149412.1718750000,,,
14.2199999769,111,175927.2968750000,186294.9375000000,165737.6093750000,164996.5937500000,132309.0781250000,120469.1250000000,133062.7968750000,150297.4218750000,,,
14.2239999769,111,175564.9843750000,202710.9531250000,165214.4218750000,164185.1250000000,131542.1718750000,119723.1015625000,132223.8593750000,153612.9687500000,,,
14.2279999768,111,175629.9375000000,213541.6250000000,165367.7031250000,164369.2500000000,131753.7656250000,119904.2265625000,132424.6718750000,154292.7500000000,,,
14.2319999770,111,176004.7343750000,206705.4843750000,165919.4843750000,165180.3281250000,132528.4687500000,120649.8281250000,133254.6875000000,152002.4375000000,,,
14.2359999770,111,176206.4375000000,189779.1093750000,166193.0781250000,165650.0000000000,132947.1406250000,121066.3515625000,133722.3593750000,149393.1562500000,,,
14.2399999769,111,175928.1562500000,186245.0000000000,165736.9062500000,165033.1250000000,132310.0625000000,120473.5546875000,133058.0781250000,150279.5312500000,,,
14.2439999769,111,175582.5468750000,202655.7812500000,165227.7500000000,164226.0781250000,131552.2812500000,119736.5390625000,132231.3125000000,153624.0781250000,,,
14.2479999769,111,175653.9531250000,213575.8281250000,165389.2656250000,164399.8750000000,131769.5156250000,119921.8203125000,132443.0781250000,154329.4218750000,,,
14.2519999770,111,176040.7187500000,206822.5312500000,165956.2812500000,165200.9531250000,132560.6406250000,120676.2187500000,133291.6406250000,152057.4218750000,,,
14.2559999770,111,176247.3281250000,189890.7968750000,166233.2812500000,165671.0312500000,132983.0781250000,121094.3750000000,133762.0312500000,149441.1406250000,,,
14.2599999770,111,175958.3281250000,186244.6562500000,165764.1093750000,165044.1562500000,132335.7031250000,120492.2500000000,133087.4531250000,150295.8125000000,,,
14.2639999769,111,175594.8125000000,202614.0625000000,165235.7343750000,164227.8125000000,131560.5000000000,119736.5390625000,132241.4062500000,153623.9687500000,,,
14.2679999769,111,175655.3437500000,213584.9843750000,165383.9843750000,164396.6562500000,131765.7656250000,119912.6796875000,132438.5468750000,154333.1406250000,,,
14.2719999768,111,176032.1718750000,206913.6562500000,165941.7812500000,165203.6093750000,132548.0312500000,120661.2812500000,133276.7812500000,152062.6562500000,,,
14.2759999770,111,176239.8593750000,189978.4531250000,166223.9687500000,165674.4218750000,132978.1406250000,121086.0390625000,133755.1875000000,149436.1250000000,,,
14.2799999770,111,175957.1718750000,186222.0937500000,165766.2500000000,165040.0781250000,132340.4531250000,120492.1953125000,133091.8750000000,150272.0937500000,,,
14.2839999769,111,175592.2031250000,202535.4062500000,165239.3593750000,164210.8593750000,131562.3906250000,119736.5859375000,132241.4531250000,153599.6406250000,,,
14.2879999769,111,175655.1093750000,213571.9218750000,165389.5156250000,164382.6093750000,131766.0000000000,119913.6171875000,132438.2187500000,154330.9531250000,,,
14.2919999768,111,176030.6718750000,207001.7343750000,165943.0312500000,165189.6875000000,132543.1250000000,120664.8203125000,133275.5468750000,152079.8750000000,,,
14.2959999770,111,176238.2500000000,190059.5312500000,166223.4687500000,165670.6093750000,132972.6718750000,121099.0156250000,133756.6562500000,149445.2187500000,,,
14.2999999770,111,175956.6406250000,186172.6406250000,165768.3125000000,165056.4375000000,132338.4218750000,120507.5937500000,133095.7968750000,150254.8281250000,,,
14.3039999770,111,175591.9375000000,202424.5156250000,165241.1093750000,164219.1875000000,131559.3125000000,119749.0625000000,132245.2031250000,153583.6875000000,,,
14.3079999769,111,175653.5000000000,213506.8750000000,165390.3437500000,164375.0156250000,131763.0000000000,119924.5312500000,132440.1250000000,154333.0625000000,,,
14.3119999769,111,176030.2968750000,206995.2968750000,165946.2343750000,165178.1250000000,132542.9843750000,120675.1718750000,133275.4687500000,152094.1250000000,,,
14.3159999768,111,176227.5625000000,190064.4218750000,166219.4375000000,165646.3125000000,132967.5781250000,121093.7109375000,133746.5937500000,149445.6718750000,,,
14.3199999770,111,175949.5781250000,186086.8906250000,165771.4843750000,165041.0625000000,132344.4218750000,120506.2500000000,133094.5312500000,150237.5000000000,,,
14.3239999770,111,175592.0781250000,202292.4687500000,165245.6093750000,164219.3750000000,131569.3906250000,119751.8750000000,132250.1718750000,153571.9687500000,,,
14.3279999769,111,175644.6718750000,213445.9531250000,165382.0468750000,164368.6406250000,131760.1250000000,119915.2500000000,132431.5625000000,154330.2812500000,,,
14.3319999769,111,176024.7187500000,207016.5625000000,165940.6718750000,165176.3593750000,132542.4843750000,120669.6250000000,133270.4218750000,152103.6093750000,,,
14.3359999768,112,176234.0000000000,190089.4687500000,166228.4531250000,165666.4531250000,132981.6562500000,121100.7578125000,133763.2343750000,149456.4062500000,,,
14.3399999768,112,175959.6093750000,186018.7343750000,165782.6093750000,165064.5312500000,132360.0312500000,120523.0390625000,133116.6250000000,150230.8906250000,,,
14.3439999768,112,175598.1093750000,202209.5156250000,165252.2656250000,164224.3906250000,131577.3437500000,119768.9375000000,132264.8437500000,153572.0937500000,,,
14.3479999767,112,175643.4843750000,213446.1718750000,165379.7812500000,164367.7812500000,131757.5781250000,119920.5859375000,132436.4218750000,154342.0781250000,,,
14.3519999767,112,176011.5625000000,207095.1093750000,165927.1562500000,165166.0625000000,132528.2031250000,120662.9140625000,133265.7343750000,152111.6562500000,,,
14.3559999766,112,176220.9375000000,190167.3281250000,166215.9218750000,165649.7187500000,132969.6718750000,121101.8593750000,133762.0468750000,149455.3593750000,,,
14.3599999768,112,175956.5625000000,186007.2031250000,165781.1093750000,165060.7500000000,132362.4218750000,120531.7812500000,133129.6875000000,150222.6093750000,,,
14.3639999768,112,175597.1718750000,202167.0781250000,165251.2187500000,164236.6093750000,131580.8281250000,119766.6328125000,132276.2187500000,153562.9843750000,,,
14.3679999767,112,175654.0312500000,213461.5625000000,165390.8437500000,164382.5312500000,131771.5312500000,119931.1328125000,132461.6875000000,154353.8281250000,,,
14.3719999767,112,176029.8906250000,207180.7656250000,165946.3906250000,165174.5000000000,132550.3281250000,120683.7578125000,133300.2031250000,152140.3125000000,,,
14.3759999766,112,176234.4531250000,190261.3750000000,166229.7343750000,165655.8281250000,132988.1718750000,121123.8046875000,133787.3750000000,149478.4062500000,,,
14.3799999768,112,175973.9687500000,185998.4062500000,165799.6718750000,165061.3750000000,132388.3593750000,120567.0000000000,133165.2031250000,150227.0625000000,,,
14.3839999768,112,175624.3906250000,202109.6562500000,165278.8437500000,164238.7656250000,131613.7656250000,119823.8125000000,132325.2500000000,153580.8750000000,,,
14.3879999768,112,175676.8906250000,213479.5625000000,165413.0937500000,164385.6875000000,131797.7343750000,119984.1562500000,132506.0468750000,154391.7031250000,,,
14.3919999767,112,176038.4687500000,207282.7968750000,165954.0937500000,165159.8125000000,132562.8593750000,120718.8671875000,133336.0625000000,152175.9843750000,,,
14.3959999767,112,176252.2187500000,190376.5937500000,166247.3281250000,165652.0156250000,133011.8125000000,121162.1875000000,133842.5468750000,149506.0000000000,,,
14.3999999766,112,175981.9062500000,186005.7031250000,165808.5000000000,165065.9218750000,132404.6718750000,120607.8515625000,133211.6406250000,150223.2031250000,,,
14.4039999768,112,175617.1562500000,202048.9218750000,165271.4687500000,164232.1875000000,131615.1093750000,119854.1484375000,132358.3125000000,153562.7656250000,,,
14.4079999768,112,175675.6250000000,213469.5625000000,165411.1562500000,164375.5312500000,131802.9375000000,120011.7343750000,132542.8750000000,154392.8750000000,,,
14.4119999767,112,176043.7500000000,207376.4062500000,165957.9843750000,165158.3906250000,132571.6250000000,120747.5156250000,133371.3906250000,152202.0000000000,,,
14.4159999767,112,176258.4062500000,190509.7656250000,166254.1718750000,165651.4062500000,133023.1250000000,121197.8593750000,133874.7343750000,149536.3593750000,,,
14.4199999766,112,175991.5000000000,186022.9687500000,165821.4062500000,165062.9218750000,132424.6406250000,120644.6796875000,133253.9375000000,150227.7656250000,,,
14.4239999768,112,175629.9687500000,201974.5781250000,165289.7656250000,164229.1093750000,131639.3281250000,119877.8906250000,132395.3906250000,153557.1093750000,,,
14.4279999768,112,175679.6250000000,213442.3437500000,165421.5937500000,164373.3593750000,131816.0468750000,120022.8046875000,132561.9218750000,154400.3125000000,,,
14.4319999767,112,176040.0000000000,207467.0468750000,165961.6718750000,165160.6406250000,132577.4843750000,120754.5156250000,133379.4843750000,152230.6250000000,,,
14.4359999767,112,176254.5468750000,190602.3281250000,166261.7656250000,165656.4218750000,133032.8437500000,121200.1640625000,133888.6250000000,149552.9687500000,,,
14.4399999767,112,175983.1406250000,185981.0781250000,165825.6875000000,165064.7187500000,132431.5468750000,120635.9609375000,133263.7031250000,150210.1093750000,,,
14.4439999766,112,175622.3593750000,201856.0781250000,165290.3750000000,164233.5781250000,131640.0000000000,119870.0546875000,132399.7343750000,153534.3906250000,,,
14.4479999768,112,175671.0156250000,213375.3125000000,165414.7968750000,164367.5312500000,131806.1562500000,120009.5546875000,132550.6093750000,154392.7500000000,,,
14.4519999768,112,176039.6562500000,207477.2656250000,165958.7812500000,165153.2343750000,132567.9531250000,120739.0937500000,133362.3437500000,152240.1406250000,,,
14.4559999767,112,176257.1718750000,190655.6875000000,166258.3593750000,165652.8281250000,133022.6406250000,121185.9453125000,133867.8125000000,149566.0000000000,,,
14.4599999767,112,175993.2500000000,185951.8437500000,165829.8281250000,165078.2968750000,132429.9062500000,120631.7500000000,133252.7187500000,150207.3125000000,,,
14.4639999766,113,175623.2656250000,201756.0312500000,165285.9218750000,164238.9531250000,131630.5312500000,119855.3593750000,132384.1406250000,153518.6718750000,,,
14.4679999766,113,175665.1406250000,213341.5937500000,165404.1250000000,164373.6562500000,131790.2968750000,119986.4609375000,132525.9531250000,154390.5156250000,,,
14.4719999766,113,176032.2500000000,207545.2343750000,165945.0156250000,165164.4531250000,132545.7812500000,120710.0156250000,133330.0000000000,152247.0937500000,,,
14.4759999765,113,176248.5937500000,190737.6250000000,166242.4843750000,165661.0781250000,133000.9531250000,121159.7968750000,133838.2187500000,149562.0312500000,,,
14.4799999765,113,175990.5156250000,185921.5625000000,165823.1406250000,165088.1406250000,132421.7812500000,120613.9921875000,133238.4218750000,150182.4531250000,,,
14.4839999764,113,175622.2187500000,201688.9687500000,165280.0156250000,164239.4531250000,131622.9375000000,119837.4375000000,132368.6093750000,153498.6562500000,,,
14.4879999766,113,175659.7187500000,213342.6093750000,165393.2343750000,164345.6406250000,131778.1875000000,119963.1015625000,132508.7812500000,154380.6250000000,,,
14.4919999766,113,176023.5312500000,207590.6406250000,165934.0000000000,165125.2031250000,132536.5468750000,120690.5468750000,133318.3593750000,152238.5312500000,,,
14.4959999765,113,176246.9531250000,190795.3125000000,166241.9375000000,165634.7500000000,133001.1875000000,121152.0156250000,133831.9218750000,149554.2500000000,,,
14.4999999765,113,175990.7031250000,185898.6718750000,165824.6250000000,165069.6093750000,132421.9062500000,120610.0781250000,133229.1718750000,150157.7500000000,,,
14.5039999764,113,175626.0000000000,201617.6875000000,165284.7968750000,164237.6093750000,131623.4375000000,119832.5078125000,132363.1250000000,153475.4375000000,,,
14.5079999766,113,175660.1250000000,213332.6093750000,165391.6250000000,164357.1875000000,131767.0000000000,119949.7734375000,132493.7656250000,154371.2343750000,,,
14.5119999766,113,176023.5625000000,207672.2343750000,165927.5937500000,165136.7968750000,132519.3593750000,120674.5312500000,133299.4687500000,152238.2656250000,,,
14.5159999765,113,176245.1406250000,190877.9062500000,166234.0625000000,165645.1250000000,132986.1875000000,121136.8359375000,133819.6718750000,149542.7968750000,,,
14.5199999765,113,175987.8906250000,185878.1250000000,165817.5312500000,165089.3437500000,132411.9375000000,120601.2500000000,133225.8281250000,150128.0312500000,,,
14.5239999765,113,175615.4375000000,201557.3906250000,165271.0937500000,164248.6562500000,131607.0625000000,119820.6250000000,132349.7656250000,153444.8593750000,,,
14.5279999764,113,175650.4375000000,213337.3593750000,165382.1093750000,164362.2968750000,131758.4062500000,119939.6093750000,132487.3593750000,154357.8281250000,,,
14.5319999766,113,176014.1718750000,207777.6406250000,165920.7500000000,165129.9843750000,132516.5468750000,120671.5000000000,133300.0156250000,152244.8593750000,,,
14.5359999766,113,176249.7031250000,190969.1718750000,166244.0937500000,165658.7812500000,133003.3281250000,121153.4687500000,133837.5312500000,149550.7656250000,,,
14.5399999765,113,175995.0000000000,185837.6562500000,165831.5156250000,165101.0312500000,132433.5312500000,120619.3281250000,133246.7500000000,150116.6406250000,,,
14.5439999765,113,175616.0781250000,201455.8125000000,165276.4843750000,164239.2187500000,131617.6718750000,119830.7656250000,132363.4062500000,153429.8125000000,,,
14.5479999764,113,175644.5156250000,213299.6093750000,165376.9531250000,164343.7656250000,131753.6406250000,119944.3828125000,132487.9531250000,154357.6406250000,,,
14.5519999766,113,176016.1875000000,207814.3125000000,165924.0937500000,165128.5312500000,132518.4687500000,120679.3828125000,133310.1250000000,152259.7500000000,,,
14.5559999766,113,176254.9531250000,190992.2968750000,166251.1718750000,165653.3281250000,133007.8437500000,121165.1093750000,133858.7656250000,149559.0625000000,,,
14.5599999765,113,176003.9218750000,185746.1875000000,165839.0781250000,165102.6250000000,132439.7968750000,120644.7343750000,133273.3281250000,150110.3906250000,,,
14.5639999765,113,175624.2031250000,201337.0468750000,165280.7656250000,164236.8281250000,131621.6718750000,119857.7734375000,132386.9843750000,153433.6718750000,,,
14.5679999765,113,175658.1875000000,213254.7187500000,165388.2812500000,164337.1250000000,131768.9843750000,119973.2968750000,132524.5937500000,154384.2656250000,,,
14.5719999764,113,176036.4375000000,207835.4218750000,165941.2968750000,165133.6562500000,132542.4218750000,120717.1484375000,133354.3281250000,152297.3750000000,,,
14.5759999766,113,176284.4062500000,191018.7968750000,166276.3593750000,165679.1562500000,133041.2656250000,121215.3203125000,133907.1250000000,149597.8437500000,,,
14.5799999766,113,176039.8593750000,185711.2968750000,165874.7500000000,165122.6875000000,132485.2187500000,120696.9296875000,133328.9062500000,150141.2812500000,,,
14.5839999765,113,175664.5468750000,201298.9531250000,165320.6093750000,164265.4843750000,131669.0468750000,119902.5937500000,132436.9062500000,153473.2343750000,,,
14.5879999765,113,175691.3906250000,213299.2968750000,165421.5312500000,164363.2187500000,131807.2343750000,120015.8593750000,132570.9062500000,154433.0625000000,,,
14.5919999764,114,176052.3906250000,207937.3906250000,165957.4687500000,165141.4375000000,132562.1406250000,120744.0312500000,133385.6250000000,152335.3281250000,,,
14.5959999764,114,176281.5312500000,191108.2031250000,166273.1875000000,165669.4531250000,133041.8281250000,121215.1015625000,133916.2500000000,149600.2500000000,,,
14.5999999763,114,176026.1093750000,185691.1250000000,165862.8125000000,165120.1093750000,132479.5312500000,120690.7343750000,133337.6250000000,150111.4843750000,,,
14.6039999763,114,175640.1093750000,201253.4375000000,165299.4218750000,164254.0468750000,131654.6093750000,119890.6796875000,132443.3437500000,153445.0625000000,,,
14.6079999763,114,175672.1875000000,213328.7187500000,165406.6250000000,164360.4531250000,131796.2343750000,119999.0703125000,132570.5625000000,154421.9062500000,,,
14.6119999762,114,176039.3281250000,208011.3125000000,165950.6875000000,165139.3750000000,132557.8125000000,120728.7109375000,133385.5468750000,152325.4375000000,,,
14.6159999764,114,176276.3281250000,191175.3125000000,166275.3593750000,165673.6406250000,133046.9218750000,121214.8359375000,133924.8281250000,149593.0625000000,,,
14.6199999764,114,176020.3437500000,185667.2031250000,165862.8437500000,165128.4218750000,132482.1250000000,120689.8750000000,133338.6875000000,150092.3906250000,,,
14.6239999763,114,175633.7812500000,201199.3593750000,165295.0156250000,164259.1250000000,131648.3906250000,119884.5390625000,132432.7968750000,153434.3437500000,,,
14.6279999763,114,175667.3125000000,213345.4218750000,165398.5156250000,164354.6875000000,131783.2187500000,119994.5078125000,132549.0468750000,154432.6562500000,,,
14.6319999762,114,176038.6093750000,208101.7968750000,165942.6875000000,165138.5156250000,132544.0781250000,120726.1875000000,133357.1250000000,152351.6718750000,,,
14.6359999764,114,176274.1093750000,191245.4218750000,166264.6093750000,165671.8593750000,133032.1718750000,121205.6640625000,133895.1093750000,149602.8906250000,,,
14.6399999764,114,176018.9218750000,185635.6093750000,165854.3125000000,165124.5937500000,132470.5156250000,120674.3671875000,133308.5937500000,150076.7968750000,,,
14.6439999763,114,175631.5468750000,201130.1406250000,165285.1406250000,164252.6250000000,131635.4375000000,119869.1406250000,132398.7968750000,153417.9218750000,,,
14.6479999763,114,175657.7812500000,213332.2812500000,165383.4531250000,164344.3125000000,131763.4531250000,119967.3437500000,132508.8750000000,154424.3437500000,,,
14.6519999763,114,176029.1875000000,208166.6406250000,165931.5625000000,165128.7500000000,132525.6250000000,120692.0234375000,133319.8281250000,152349.6562500000,,,
14.6559999762,114,176266.6718750000,191299.5781250000,166258.4687500000,165667.3593750000,133018.3593750000,121178.4921875000,133862.4218750000,149590.6562500000,,,
14.6599999764,114,176021.4687500000,185575.7031250000,165858.0625000000,165138.0468750000,132467.5625000000,120663.4296875000,133288.9062500000,150052.4218750000,,,
14.6639999764,114,175634.9375000000,201034.7031250000,165288.0937500000,164269.5312500000,131629.1562500000,119850.7421875000,132376.5000000000,153397.9375000000,,,
14.6679999763,114,175642.2031250000,213311.3906250000,165367.9375000000,164336.2656250000,131739.1875000000,119929.5781250000,132471.2031250000,154408.4062500000,,,
14.6719999763,114,176005.1875000000,208271.9687500000,165906.4843750000,165106.3750000000,132493.5312500000,120652.1093750000,133277.0781250000,152346.1093750000,,,
14.6759999762,114,176254.1406250000,191377.2500000000,166248.2500000000,165661.8125000000,133004.0312500000,121153.1171875000,133837.3593750000,149574.9687500000,,,
14.6799999764,114,176009.7656250000,185512.2968750000,165849.5156250000,165130.0625000000,132457.0781250000,120640.4140625000,133265.3281250000,150014.1406250000,,,
14.6839999764,114,175631.1718750000,200927.1406250000,165286.5156250000,164262.8281250000,131624.7656250000,119829.4218750000,132358.5312500000,153371.6093750000,,,
14.6879999763,114,175654.6250000000,213278.4531250000,165378.5156250000,164335.8593750000,131745.0625000000,119917.0781250000,132460.4843750000,154414.7187500000,,,
14.6919999763,114,176022.2187500000,208288.4687500000,165922.9218750000,165106.4531250000,132503.8750000000,120640.6250000000,133269.4687500000,152361.9687500000,,,
14.6959999762,114,176254.2500000000,191417.7968750000,166246.6406250000,165653.5937500000,132997.1093750000,121131.8203125000,133815.6406250000,149581.2968750000,,,
14.6999999762,114,176008.7187500000,185485.5937500000,165848.0625000000,165132.0781250000,132450.5625000000,120625.9296875000,133248.8125000000,150003.8281250000,,,
14.7039999764,114,175631.7656250000,200850.1406250000,165285.8906250000,164270.5781250000,131622.1250000000,119821.4843750000,132348.0625000000,153357.5468750000,,,
14.7079999764,114,175641.3125000000,213249.8125000000,165361.9843750000,164334.8906250000,131728.8281250000,119900.2343750000,132436.5781250000,154400.9062500000,,,
14.7119999763,114,175997.3750000000,208277.5000000000,165895.7031250000,165103.2968750000,132479.5781250000,120621.3671875000,133239.5000000000,152338.4218750000,,,
14.7159999763,114,176236.7187500000,191446.6093750000,166229.2031250000,165649.3125000000,132981.2031250000,121119.6718750000,133794.8281250000,149566.8125000000,,,
14.7199999762,115,175997.0312500000,185465.2812500000,165838.9687500000,165128.5312500000,132443.9843750000,120620.5390625000,133240.4375000000,149976.5156250000,,,
14.7239999762,115,175618.9531250000,200767.9062500000,165275.2968750000,164255.2812500000,131609.7968750000,119815.2343750000,132337.7656250000,153325.6250000000,,,
14.7279999761,115,175634.9062500000,213221.5312500000,165355.2031250000,164322.1250000000,131716.9531250000,119898.7812500000,132427.8125000000,154393.1718750000,,,
14.7319999761,115,175989.8125000000,208334.6093750000,165886.0625000000,165088.4843750000,132462.6250000000,120610.2109375000,133224.4843750000,152346.1406250000,,,
14.7359999761,115,176233.5000000000,191541.0468750000,166223.1093750000,165642.6093750000,132967.8750000000,121109.9062500000,133781.0156250000,149575.7187500000,,,
14.7399999760,115,175998.4843750000,185480.6250000000,165839.5000000000,165132.4218750000,132439.3750000000,120614.3437500000,133231.6093750000,149966.7812500000,,,
14.7439999762,115,175627.4531250000,200707.9375000000,165281.4375000000,164269.2031250000,131612.3437500000,119809.4921875000,132332.1093750000,153313.2968750000,,,
14.7479999762,115,175639.8750000000,213203.4375000000,165357.0625000000,164335.0000000000,131715.5468750000,119888.8828125000,132418.4218750000,154397.0156250000,,,
14.7519999761,115,175991.8750000000,208421.8593750000,165886.6875000000,165095.5625000000,132460.4062500000,120604.4453125000,133216.3593750000,152367.4062500000,,,
14.7559999761,115,176239.1562500000,191665.8750000000,166230.6250000000,165649.3281250000,132973.5000000000,121108.9140625000,133781.2500000000,149595.3437500000,,,
14.7599999760,115,176003.7343750000,185489.0000000000,165848.2968750000,165145.8593750000,132447.1718750000,120612.2265625000,133234.7500000000,149953.9375000000,,,
14.7639999762,115,175616.6718750000,200627.5937500000,165274.0468750000,164256.4375000000,131604.1562500000,119798.1718750000,132324.8437500000,153280.3281250000,,,
14.7679999762,115,175620.4531250000,213175.4062500000,165341.3437500000,164313.6562500000,131698.5468750000,119868.4218750000,132404.9531250000,154372.4218750000,,,
14.7719999761,115,175974.1562500000,208526.6562500000,165868.8750000000,165084.3281250000,132439.8750000000,120587.9218750000,133200.4687500000,152370.1406250000,,,
14.7759999761,115,176224.7812500000,191773.9687500000,166214.4531250000,165659.5000000000,132958.0781250000,121102.3671875000,133772.5937500000,149591.6250000000,,,
14.7799999760,115,175996.8125000000,185459.6250000000,165837.7031250000,165157.0625000000,132441.2031250000,120621.7421875000,133237.4062500000,149933.8437500000,,,
14.7839999760,115,175599.6406250000,200532.9218750000,165253.3906250000,164245.9531250000,131588.6093750000,119795.5468750000,132313.4687500000,153251.7031250000,,,
14.7879999762,115,175598.5937500000,213131.1406250000,165316.1562500000,164295.6250000000,131677.2031250000,119860.7500000000,132385.7031250000,154360.6875000000,,,
14.7919999762,115,175953.3125000000,208583.5468750000,165849.0000000000,165071.3125000000,132422.5781250000,120576.7343750000,133182.3750000000,152379.4843750000,,,
14.7959999761,115,176203.7500000000,191836.6875000000,166199.4062500000,165639.0312500000,132946.6093750000,121094.2187500000,133759.8750000000,149591.1875000000,,,
14.7999999761,115,175969.5937500000,185417.9687500000,165815.6562500000,165133.2187500000,132425.5312500000,120610.7187500000,133222.6875000000,149908.5000000000,,,
14.8039999760,115,175577.7812500000,200431.8281250000,165234.8593750000,164242.8125000000,131574.4687500000,119784.3046875000,132300.9375000000,153228.1093750000,,,
14.8079999762,115,175595.7187500000,213084.8281250000,165316.5781250000,164314.3437500000,131676.7343750000,119857.7187500000,132382.9062500000,154362.0625000000,,,
14.8119999762,115,175964.5781250000,208589.7187500000,165857.2656250000,165091.2500000000,132427.4375000000,120580.0390625000,133181.4531250000,152393.7187500000,,,
14.8159999761,115,176210.6718750000,191876.2187500000,166201.0156250000,165637.7187500000,132942.8437500000,121089.9765625000,133749.1562500000,149602.8906250000,,,
14.8199999761,115,175978.2343750000,185393.6406250000,165825.8281250000,165136.3593750000,132430.2187500000,120608.2578125000,133220.4843750000,149900.3437500000,,,
14.8239999760,115,175600.3281250000,200352.2187500000,165258.0312500000,164256.7656250000,131591.7343750000,119798.4687500000,132312.7187500000,153231.9687500000,,,
14.8279999760,115,175606.7656250000,213064.2500000000,165325.3281250000,164310.6250000000,131679.0781250000,119860.9375000000,132380.5312500000,154377.5937500000,,,
14.8319999762,115,175962.4531250000,208639.5000000000,165855.4375000000,165074.0781250000,132420.6562500000,120570.9687500000,133172.0468750000,152404.3125000000,,,
14.8359999761,115,176213.3437500000,191950.0937500000,166207.3750000000,165638.0781250000,132946.3593750000,121088.4218750000,133754.4375000000,149610.4218750000,,,
14.8399999761,115,175992.1718750000,185379.9687500000,165839.7500000000,165166.7812500000,132445.7031250000,120620.0312500000,133239.2343750000,149898.4375000000,,,
14.8439999761,115,175611.5937500000,200275.9687500000,165267.7656250000,164286.8281250000,131602.7968750000,119801.8203125000,132325.7031250000,153224.5937500000,,,
14.8479999760,116,175610.1562500000,213035.5781250000,165328.6250000000,164314.8593750000,131682.8593750000,119854.4453125000,132387.2343750000,154378.8281250000,,,
14.8519999760,116,175960.1562500000,208693.1562500000,165855.4687500000,165057.9687500000,132421.1562500000,120561.3984375000,133174.3281250000,152417.3593750000,,,
14.8559999759,116,176212.8125000000,192037.6406250000,166205.3906250000,165627.3906250000,132947.0625000000,121084.3203125000,133752.9531250000,149624.9375000000,,,
14.8599999759,116,175988.7187500000,185377.0937500000,165838.8125000000,165154.3125000000,132448.1093750000,120623.5390625000,133237.8437500000,149892.4062500000,,,
14.8639999758,116,175599.1718750000,200204.6718750000,165258.5156250000,164269.8750000000,131595.3593750000,119802.4140625000,132315.2187500000,153210.1562500000,,,
14.8679999758,116,175601.7500000000,213018.0937500000,165318.2656250000,164304.2031250000,131672.9843750000,119854.1484375000,132374.7656250000,154382.8437500000,,,
14.8719999760,116,175961.9531250000,208750.2187500000,165851.5781250000,165064.3125000000,132416.7031250000,120561.9296875000,133166.8437500000,152437.2500000000,,,
14.8759999759,116,176222.2500000000,192111.0781250000,166211.0468750000,165646.8437500000,132951.3750000000,121086.6250000000,133754.4843750000,149642.3593750000,,,
14.8799999759,116,176007.0625000000,185354.1406250000,165856.5937500000,165175.2031250000,132464.5625000000,120638.9375000000,133250.7656250000,149895.6250000000,,,
14.8839999759,116,175617.2812500000,200121.0156250000,165276.7812500000,164282.1093750000,131612.0156250000,119815.9062500000,132325.2187500000,153212.3125000000,,,
14.8879999758,116,175611.6250000000,212992.2343750000,165327.9843750000,164320.8593750000,131680.6093750000,119859.0312500000,132375.7031250000,154395.5312500000,,,
14.8919999760,116,175963.9375000000,208793.2031250000,165854.3437500000,165076.6875000000,132417.3750000000,120566.3281250000,133166.0937500000,152453.3437500000,,,
14.8959999760,116,176219.4687500000,192158.6562500000,166212.0625000000,165647.1093750000,132951.6406250000,121092.3906250000,133754.7500000000,149649.8750000000,,,
14.8999999759,116,175996.0156250000,185299.5781250000,165850.3750000000,165170.7031250000,132458.8750000000,120631.6718750000,133245.8125000000,149871.6875000000,,,
14.9039999759,116,175605.9062500000,200009.0312500000,165270.0468750000,164270.5937500000,131604.9687500000,119804.7187500000,132318.2968750000,153184.8906250000,,,
14.9079999758,116,175605.6093750000,212946.8593750000,165326.3906250000,164308.2031250000,131678.1406250000,119850.1250000000,132370.5156250000,154391.8281250000,,,
14.9119999758,116,175963.9843750000,208846.4218750000,165855.4687500000,165071.0312500000,132416.6250000000,120557.2421875000,133157.1093750000,152466.2812500000,,,
14.9159999760,116,176214.3750000000,192205.9375000000,166205.7656250000,165643.8593750000,132945.0781250000,121083.1953125000,133744.7812500000,149645.1093750000,,,
14.9199999759,116,175989.2500000000,185234.2968750000,165840.3125000000,165177.8906250000,132449.8906250000,120625.6640625000,133239.2343750000,149845.5468750000,,,
14.9239999759,116,175587.2500000000,199916.1718750000,165245.3750000000,164265.3906250000,131579.3437500000,119784.3046875000,132298.6562500000,153155.9218750000,,,
14.9279999759,116,175582.4687500000,212932.6093750000,165297.5312500000,164285.5156250000,131646.0781250000,119824.0546875000,132345.2343750000,154374.2343750000,,,
14.9319999758,116,175944.4531250000,208893.4375000000,165833.6093750000,165044.1250000000,132392.8125000000,120536.6406250000,133141.3281250000,152453.5156250000,,,
14.9359999760,116,176215.5000000000,192235.0468750000,166208.2343750000,165644.1562500000,132947.2812500000,121080.9375000000,133748.3125000000,149632.7968750000,,,
14.9399999760,116,176006.5312500000,185185.1250000000,165858.1406250000,165191.1406250000,132469.8750000000,120641.7578125000,133255.2968750000,149837.2343750000,,,
14.9439999759,116,175615.7500000000,199864.8906250000,165273.0468750000,164290.2343750000,131608.3906250000,119809.8437500000,132322.8281250000,153174.4375000000,,,
14.9479999759,116,175607.9218750000,212963.8906250000,165321.9375000000,164308.8750000000,131670.8593750000,119846.3437500000,132362.6562500000,154406.7187500000,,,
14.9519999758,116,175963.5625000000,208957.3906250000,165853.2968750000,165069.2343750000,132412.6093750000,120551.1250000000,133153.4843750000,152475.5781250000,,,
14.9559999758,116,176228.4218750000,192284.2343750000,166221.5625000000,165666.2031250000,132960.5781250000,121088.8515625000,133757.5781250000,149638.5312500000,,,
14.9599999760,116,176017.0937500000,185150.3125000000,165871.3125000000,165192.9375000000,132484.0000000000,120648.8359375000,133267.7500000000,149825.4218750000,,,
14.9639999759,116,175618.0937500000,199799.3906250000,165276.6093750000,164275.4218750000,131611.2656250000,119805.1718750000,132321.8437500000,153158.7187500000,,,
14.9679999759,116,175601.3750000000,212977.9062500000,165315.4531250000,164284.8750000000,131662.7187500000,119834.4921875000,132354.4531250000,154403.8281250000,,,
14.9719999759,116,175955.0312500000,209042.5781250000,165843.7968750000,165044.9843750000,132404.8593750000,120548.0625000000,133149.7031250000,152485.5937500000,,,
14.9759999758,117,176219.8437500000,192370.3593750000,166211.4531250000,165643.9218750000,132955.0781250000,121093.7343750000,133757.3281250000,149647.1093750000,,,
14.9799999758,117,176002.3125000000,185143.0937500000,165856.4062500000,165178.3437500000,132475.8281250000,120649.2421875000,133265.9218750000,149809.1718750000,,,
14.9839999757,117,175605.6406250000,199741.9375000000,165265.6406250000,164272.8750000000,131606.2500000000,119805.4453125000,132323.8281250000,153142.2968750000,,,
14.9879999757,117,175598.5937500000,212979.6562500000,165314.7343750000,164287.4375000000,131665.7500000000,119837.6796875000,132359.5781250000,154411.3281250000,,,
14.9919999756,117,175944.2500000000,209138.7656250000,165835.4062500000,165032.4218750000,132396.5625000000,120534.9765625000,133142.6406250000,152496.0156250000,,,
14.9959999756,117,176205.9687500000,192481.0625000000,166198.9687500000,165625.9531250000,132943.8750000000,121080.5937500000,133747.5468750000,149646.5781250000,,,
14.9999999758,117,175996.6562500000,185136.2343750000,165851.5468750000,165174.9062500000,132471.6093750000,120650.7109375000,133262.6562500000,149792.8906250000,,,
15.0039999757,117,175603.2500000000,199641.4843750000,165264.9531250000,164270.5937500000,131604.7187500000,119813.5703125000,132323.5000000000,153126.2031250000,,,
15.0079999757,117,175591.5937500000,212917.3750000000,165308.0781250000,164280.4687500000,131657.0781250000,119839.1562500000,132355.5468750000,154407.5781250000,,,
15.0119999757,117,175949.2656250000,209156.2187500000,165836.1718750000,165040.2031250000,132396.5625000000,120546.3203125000,133144.2343750000,152516.2968750000,,,
15.0159999756,117,176219.1250000000,192528.6093750000,166208.8125000000,165651.3437500000,132951.4062500000,121089.6015625000,133753.9218750000,149664.8750000000,,,
15.0199999758,117,176018.1875000000,185094.4218750000,165875.2656250000,165217.7187500000,132493.8437500000,120662.7812500000,133282.8437500000,149788.0156250000,,,
15.0239999758,117,175631.2812500000,199536.5625000000,165294.7500000000,164306.1093750000,131631.5781250000,119827.8671875000,132348.2031250000,153120.5000000000,,,
15.0279999757,117,175619.8906250000,212884.4375000000,165333.1093750000,164296.1562500000,131679.6406250000,119849.1328125000,132372.3125000000,154423.1875000000,,,
15.0319999757,117,175964.7031250000,209241.5625000000,165849.1562500000,165037.2031250000,132405.4218750000,120541.7890625000,133149.7812500000,152543.5000000000,,,
15.0359999756,117,176231.1093750000,192629.7812500000,166218.6875000000,165650.2500000000,132961.7812500000,121090.0312500000,133763.5000000000,149685.3125000000,,,
15.0399999756,117,176014.7656250000,185076.7656250000,165868.0156250000,165199.7968750000,132491.4687500000,120652.5390625000,133281.6718750000,149768.6718750000,,,
15.0439999758,117,175613.1250000000,199442.2500000000,165271.9218750000,164276.8437500000,131614.2187500000,119808.4218750000,132336.4062500000,153082.5156250000,,,
15.0479999757,117,175590.1093750000,212828.0312500000,165301.6093750000,164268.6406250000,131650.3750000000,119824.1640625000,132351.5625000000,154394.1093750000,,,
15.0519999757,117,175936.7343750000,209251.4375000000,165820.7812500000,165015.4531250000,132376.6562500000,120519.8750000000,133125.6406250000,152528.5312500000,,,
15.0559999757,117,176209.5937500000,192655.3281250000,166199.2968750000,165623.1093750000,132941.2187500000,121073.1640625000,133744.5625000000,149672.1875000000,,,
15.0599999756,117,176004.4062500000,185020.8750000000,165862.0156250000,165181.4843750000,132485.8750000000,120651.3828125000,133277.5937500000,149749.5937500000,,,
15.0639999758,117,175607.3125000000,199338.0781250000,165267.9062500000,164270.0156250000,131612.6093750000,119803.5078125000,132332.4062500000,153064.6718750000,,,
15.0679999758,117,175594.0312500000,212792.7812500000,165306.6250000000,164275.7812500000,131656.0625000000,119821.9609375000,132350.7500000000,154400.1718750000,,,
15.0719999757,117,175946.3906250000,209276.1093750000,165834.0312500000,165032.0781250000,132391.8437500000,120527.8125000000,133135.3750000000,152545.3281250000,,,
15.0759999757,117,176210.9843750000,192696.4375000000,166205.6250000000,165634.2812500000,132948.7031250000,121077.7187500000,133751.0312500000,149678.9218750000,,,
15.0799999756,117,176000.8906250000,184989.7812500000,165860.0781250000,165197.5781250000,132483.6562500000,120655.7812500000,133275.3125000000,149733.3437500000,,,
15.0839999756,117,175601.8281250000,199260.2343750000,165260.4218750000,164268.8593750000,131600.1093750000,119793.1875000000,132324.8125000000,153047.9375000000,,,
15.0879999758,117,175575.6250000000,212786.4843750000,165281.6093750000,164259.1250000000,131625.2343750000,119775.9609375000,132331.2187500000,154388.7031250000,,,
15.0919999757,117,175922.7343750000,209454.1562500000,165800.9843750000,164997.3906250000,132350.4375000000,120467.3046875000,133109.7343750000,152558.9218750000,,,
15.0959999757,117,176201.0156250000,192891.8593750000,166189.4062500000,165623.3125000000,132926.2968750000,121029.4140625000,133743.5625000000,149682.2968750000,,,
15.0999999756,117,176007.6875000000,185004.0312500000,165865.2500000000,165212.9375000000,132487.3281250000,120621.9062500000,133291.8906250000,149718.4062500000,,,
15.1039999756,118,175608.6250000000,199199.7812500000,165268.3593750000,164286.9062500000,131607.9218750000,119777.6796875000,132338.4218750000,153037.3125000000,,,
15.1079999756,118,175590.6562500000,212776.3906250000,165303.0625000000,164264.4062500000,131645.8125000000,119787.8750000000,132350.1875000000,154407.5000000000,,,
15.1119999755,118,175929.9218750000,209527.4687500000,165813.4375000000,164989.8906250000,132363.6250000000,120472.2109375000,133113.7343750000,152585.7187500000,,,
15.1159999755,118,176201.6875000000,192992.5000000000,166195.5625000000,165605.1875000000,132935.1562500000,121037.3281250000,133743.0000000000,149703.5000000000,,,
15.1199999754,118,175998.6093750000,185020.7031250000,165861.4218750000,165180.1875000000,132486.9531250000,120626.0078125000,133286.5468750000,149710.2187500000,,,
15.1239999754,118,175603.7187500000,199107.1093750000,165263.5468750000,164274.4062500000,131608.6718750000,119782.2656250000,132339.3593750000,153012.0781250000,,,
15.1279999756,118,175582.3593750000,212717.9218750000,165292.1406250000,164264.0781250000,131637.9062500000,119785.7265625000,132346.4062500000,154393.0937500000,,,
15.1319999755,118,175920.1562500000,209493.7031250000,165801.8750000000,165005.1562500000,132352.5781250000,120468.9921875000,133109.8125000000,152580.4062500000,,,
15.1359999755,118,176186.1562500000,193005.4375000000,166179.0781250000,165612.9687500000,132917.6406250000,121025.3359375000,133733.9062500000,149704.6718750000,,,
15.1399999755,118,175987.0781250000,184983.7500000000,165853.3125000000,165193.1406250000,132479.6250000000,120618.5781250000,133285.0000000000,149693.4375000000,,,
15.1439999754,118,175589.2500000000,198976.8281250000,165253.7656250000,164274.6250000000,131599.3281250000,119770.5234375000,132331.4375000000,152982.5000000000,,,
15.1479999756,118,175567.3125000000,212622.4687500000,165279.1093750000,164251.9531250000,131625.2343750000,119772.8281250000,132330.6406250000,154382.6562500000,,,
15.1519999756,118,175916.4843750000,209437.2656250000,165801.0468750000,164983.9843750000,132352.7656250000,120465.7734375000,133104.9843750000,152584.0000000000,,,
15.1559999755,118,176190.7343750000,193009.5937500000,166185.0781250000,165598.9687500000,132923.8281250000,121027.4062500000,133732.5468750000,149722.7500000000,,,
15.1599999755,118,176011.8593750000,184969.7656250000,165877.9687500000,165199.0156250000,132505.5937500000,120642.5859375000,133301.0781250000,149715.3281250000,,,
15.1639999754,118,175613.1250000000,198889.2343750000,165274.3437500000,164280.7187500000,131621.4375000000,119789.8046875000,132345.1718750000,152991.6875000000,,,
15.1679999754,118,175585.8281250000,212589.5000000000,165293.1406250000,164255.2343750000,131639.3437500000,119782.3515625000,132340.5625000000,154404.2031250000,,,
15.1719999756,118,175931.1250000000,209518.0000000000,165811.7968750000,164992.6718750000,132361.1875000000,120472.4843750000,133112.3125000000,152620.7656250000,,,
15.1759999755,118,176204.8281250000,193129.6093750000,166198.0312500000,165610.0937500000,132931.8593750000,121034.9140625000,133741.9375000000,149749.7343750000,,,
15.1799999755,118,176017.0156250000,184979.2187500000,165884.1562500000,165217.3906250000,132508.6250000000,120647.4687500000,133314.2812500000,149707.8593750000,,,
15.1839999754,118,175614.6875000000,198825.0000000000,165276.7812500000,164293.6406250000,131621.5625000000,119791.4375000000,132359.6093750000,152977.9375000000,,,
15.1879999754,118,175586.2031250000,212589.1562500000,165290.1875000000,164260.1718750000,131634.0625000000,119779.7187500000,132347.9062500000,154407.5312500000,,,
15.1919999756,118,175933.1406250000,209677.1875000000,165809.0937500000,165003.4531250000,132352.3281250000,120465.7734375000,133112.3906250000,152651.9375000000,,,
15.1959999755,118,176208.8750000000,193314.1875000000,166197.9062500000,165624.3437500000,132931.2031250000,121035.0234375000,133748.0468750000,149769.4218750000,,,
15.1999999755,118,176019.7031250000,185006.0937500000,165883.9531250000,165215.4687500000,132512.9218750000,120650.7109375000,133324.3125000000,149690.9687500000,,,
15.2039999755,118,175620.6562500000,198781.8593750000,165279.4843750000,164297.2812500000,131628.0781250000,119798.5781250000,132369.7968750000,152961.3593750000,,,
15.2079999754,118,175586.1718750000,212597.7968750000,165288.6875000000,164247.4062500000,131633.1250000000,119778.4296875000,132350.7187500000,154402.5937500000,,,
15.2119999754,118,175922.1250000000,209836.6093750000,165796.3281250000,164963.7656250000,132340.7500000000,120455.9843750000,133109.2812500000,152664.5781250000,,,
15.2159999756,118,176203.9375000000,193482.8125000000,166197.0625000000,165599.7343750000,132931.9375000000,121040.3593750000,133760.5000000000,149775.1093750000,,,
15.2199999755,118,176015.3281250000,185018.7187500000,165886.5468750000,165210.2656250000,132515.5937500000,120655.2187500000,133336.2031250000,149669.6406250000,,,
15.2239999755,118,175616.4531250000,198709.7656250000,165285.4062500000,164286.8593750000,131632.6718750000,119798.9218750000,132381.5781250000,152935.0000000000,,,
15.2279999754,118,175583.2812500000,212576.5781250000,165293.1406250000,164243.8593750000,131636.7187500000,119780.7421875000,132354.7187500000,154398.1875000000,,,
15.2319999754,119,175919.9687500000,209880.2812500000,165797.7968750000,164962.0156250000,132341.2500000000,120459.1796875000,133105.3906250000,152674.6562500000,,,
15.2359999754,119,176205.1406250000,193538.7031250000,166196.4062500000,165598.2968750000,132933.1875000000,121042.2890625000,133757.6718750000,149783.3125000000,,,
15.2399999753,119,176024.6562500000,184998.3593750000,165891.6250000000,165215.2187500000,132526.2031250000,120669.2734375000,133343.7812500000,149668.5156250000,,,
15.2439999753,119,175628.8750000000,198624.5000000000,165289.4843750000,164298.8437500000,131641.8750000000,119818.0781250000,132388.5468750000,152936.9843750000,,,
15.2479999752,119,175598.0000000000,212542.8125000000,165297.5312500000,164256.7812500000,131643.2656250000,119797.5546875000,132361.4218750000,154417.0156250000,,,
15.2519999752,119,175938.0468750000,209834.7187500000,165806.7812500000,164979.4218750000,132354.1250000000,120472.4843750000,133119.1562500000,152685.9531250000,,,
15.2559999754,119,176224.3437500000,193506.5468750000,166211.7968750000,165612.5156250000,132949.3750000000,121051.9218750000,133773.1562500000,149799.0000000000,,,
15.2599999753,119,176047.5937500000,184943.5468750000,165915.3906250000,165232.6562500000,132551.0000000000,120686.7656250000,133364.9531250000,149682.2500000000,,,
15.2639999753,119,175647.9218750000,198526.2812500000,165308.2968750000,164316.9218750000,131661.1562500000,119831.8046875000,132407.4218750000,152950.2500000000,,,
15.2679999752,119,175612.6718750000,212504.9843750000,165310.8125000000,164275.3750000000,131655.5000000000,119806.6796875000,132376.6562500000,154444.2500000000,,,
15.2719999752,119,175946.9843750000,209831.9531250000,165818.6093750000,164990.5312500000,132362.7343750000,120481.3281250000,133132.9375000000,152710.2031250000,,,
15.2759999754,119,176232.5781250000,193521.1406250000,166220.5625000000,165627.6562500000,132955.3437500000,121066.6953125000,133788.7343750000,149820.9531250000,,,
15.2799999753,119,176050.5468750000,184899.2812500000,165916.4843750000,165250.0156250000,132550.4687500000,120700.8203125000,133375.6250000000,149681.4531250000,,,
15.2839999753,119,175650.3750000000,198441.7343750000,165308.4062500000,164327.8593750000,131659.4062500000,119843.8750000000,132412.7343750000,152948.1406250000,,,
15.2879999753,119,175612.1875000000,212499.0781250000,165310.3281250000,164273.5468750000,131654.4531250000,119815.8750000000,132385.3593750000,154456.3750000000,,,
15.2919999752,119,175948.7031250000,209923.2031250000,165819.0156250000,164993.3281250000,132364.9687500000,120496.9687500000,133146.3281250000,152734.1250000000,,,
15.2959999752,119,176231.2968750000,193602.0625000000,166221.7968750000,165622.6250000000,132963.3125000000,121086.2812500000,133808.7812500000,149827.7656250000,,,
15.2999999754,119,176053.9531250000,184868.1406250000,165926.6562500000,165252.6875000000,132570.9843750000,120728.3906250000,133410.2812500000,149670.6562500000,,,
15.3039999753,119,175650.0000000000,198371.0625000000,165313.3593750000,164322.3125000000,131674.7031250000,119866.2734375000,132443.8593750000,152937.1718750000,,,
15.3079999753,119,175613.0000000000,212496.8125000000,165315.9062500000,164267.1718750000,131670.8125000000,119844.2265625000,132426.7343750000,154464.1406250000,,,
15.3119999752,119,175947.6250000000,210015.2031250000,165824.2656250000,164972.9375000000,132380.3906250000,120525.9609375000,133196.9843750000,152752.7343750000,,,
15.3159999752,119,176248.0000000000,193705.1718750000,166242.5625000000,165626.1406250000,132991.2031250000,121127.9296875000,133866.6093750000,149848.6250000000,,,
15.3199999754,119,176075.8593750000,184855.8906250000,165951.8593750000,165264.5000000000,132600.0312500000,120769.6953125000,133466.6875000000,149674.9531250000,,,
15.3239999753,119,175662.3437500000,198297.8593750000,165326.2656250000,164321.4218750000,131691.3281250000,119899.5625000000,132493.6093750000,152939.4218750000,,,
15.3279999753,119,175628.8750000000,212494.8750000000,165331.5937500000,164262.6562500000,131688.1718750000,119872.9765625000,132471.0156250000,154487.8281250000,,,
15.3319999753,119,175981.1250000000,210108.7031250000,165855.1406250000,164994.2343750000,132412.2031250000,120559.2734375000,133242.7968750000,152799.8593750000,,,
15.3359999752,119,176264.0156250000,193817.9843750000,166257.2656250000,165637.7968750000,133010.8750000000,121145.3359375000,133902.6250000000,149871.1093750000,,,
15.3399999752,119,176090.6406250000,184869.8593750000,165966.5312500000,165275.4843750000,132626.2343750000,120791.7968750000,133514.7031250000,149671.3281250000,,,
15.3439999754,119,175684.7187500000,198251.0000000000,165352.5156250000,164341.3593750000,131726.2343750000,119925.6562500000,132544.5468750000,152945.3437500000,,,
15.3479999753,119,175637.4062500000,212509.9218750000,165341.2500000000,164265.2031250000,131702.5156250000,119880.4375000000,132491.9218750000,154502.8281250000,,,
15.3519999753,119,175978.0156250000,210228.8593750000,165850.5625000000,164983.7968750000,132409.6250000000,120564.2656250000,133248.8437500000,152823.6875000000,,,
15.3559999752,119,176278.7187500000,193942.4062500000,166273.9687500000,165647.5156250000,133026.3281250000,121168.0312500000,133923.8906250000,149897.4375000000,,,
15.3599999752,120,176108.2031250000,184873.4531250000,165982.6250000000,165286.3750000000,132639.9218750000,120813.2031250000,133527.7343750000,149676.2968750000,,,
15.3639999751,120,175691.0156250000,198178.0156250000,165354.6875000000,164346.8593750000,131724.3281250000,119930.3281250000,132538.8593750000,152930.5468750000,,,
15.3679999751,120,175644.8906250000,212490.2343750000,165344.2343750000,164283.5781250000,131697.7968750000,119878.4218750000,132479.6875000000,154504.1718750000,,,
15.3719999751,120,175979.7343750000,210263.8593750000,165848.8125000000,164991.1406250000,132399.7031250000,120545.1718750000,133226.7812500000,152827.5156250000,,,
15.3759999750,120,176271.3125000000,193987.1250000000,166262.1093750000,165637.5937500000,133009.9062500000,121142.2031250000,133896.1875000000,149893.2031250000,,,
15.3799999750,120,176097.4218750000,184834.7500000000,165974.6406250000,165286.2187500000,132627.2656250000,120792.4453125000,133507.3281250000,149650.4062500000,,,
15.3839999752,120,175683.7031250000,198063.7031250000,165350.3750000000,164346.6093750000,131715.0625000000,119915.5703125000,132521.4687500000,152904.0468750000,,,
15.3879999751,120,175630.3437500000,212425.8125000000,165331.6250000000,164273.6250000000,131679.7500000000,119855.3593750000,132453.1562500000,154491.5625000000,,,
15.3919999751,120,175961.5937500000,210250.4843750000,165833.8437500000,164984.4687500000,132379.3437500000,120522.1015625000,133194.7343750000,152821.8906250000,,,
15.3959999750,120,176265.8125000000,194003.1562500000,166258.2031250000,165639.2968750000,132999.3437500000,121128.3593750000,133871.7500000000,149899.2968750000,,,
15.3999999750,120,176093.3750000000,184774.0781250000,165967.2343750000,165281.2031250000,132616.7812500000,120775.3281250000,133483.0000000000,149638.3906250000,,,
15.4039999752,120,175681.0937500000,197928.7656250000,165340.7187500000,164336.9375000000,131702.0312500000,119897.5468750000,132493.0156250000,152888.0000000000,,,
15.4079999751,120,175630.2968750000,212365.9062500000,165324.9218750000,164271.5312500000,131667.5156250000,119838.9140625000,132427.0000000000,154496.8125000000,,,
15.4119999751,120,175950.4218750000,210280.2031250000,165818.2812500000,164969.5000000000,132361.0000000000,120491.6015625000,133165.0781250000,152829.0156250000,,,
15.4159999751,120,176244.2812500000,194059.8281250000,166235.5000000000,165625.5781250000,132976.1875000000,121089.2578125000,133837.9062500000,149889.5312500000,,,
15.4199999750,120,176077.1250000000,184751.0937500000,165954.8437500000,165278.7656250000,132605.8906250000,120746.6796875000,133458.1093750000,149609.2343750000,,,
15.4239999750,120,175670.9843750000,197833.8125000000,165336.9687500000,164341.8437500000,131699.9687500000,119874.5859375000,132478.9687500000,152854.6875000000,,,
15.4279999752,120,175617.3906250000,212320.3906250000,165311.8593750000,164262.7656250000,131656.7812500000,119812.6015625000,132403.7812500000,154479.1406250000,,,
15.4319999751,120,175951.6250000000,210336.0468750000,165816.4062500000,164977.4218750000,132356.8125000000,120476.3671875000,133146.7031250000,152839.0156250000,,,
15.4359999751,120,176248.4687500000,194154.7031250000,166237.5156250000,165636.8593750000,132973.9687500000,121080.7812500000,133820.6250000000,149901.7968750000,,,
15.4399999750,120,176085.8437500000,184753.0781250000,165962.1406250000,165279.2968750000,132610.4375000000,120751.4062500000,133449.8125000000,149605.6250000000,,,
15.4439999750,120,175673.5312500000,197755.8593750000,165333.2031250000,164331.2656250000,131694.4218750000,119872.8750000000,132462.6875000000,152841.4062500000,,,
15.4479999752,120,175615.4843750000,212294.7812500000,165305.5781250000,164251.7968750000,131648.3906250000,119801.5000000000,132387.7187500000,154475.5000000000,,,
15.4519999751,120,175948.0000000000,210364.7187500000,165809.5781250000,164967.5156250000,132348.9843750000,120466.7109375000,133133.9531250000,152842.1875000000,,,
15.4559999751,120,176240.9843750000,194219.5312500000,166223.8437500000,165622.1718750000,132962.3281250000,121067.4453125000,133804.7500000000,149903.9375000000,,,
15.4599999750,120,176075.9687500000,184750.5625000000,165948.9062500000,165277.2343750000,132602.2968750000,120736.9765625000,133438.9218750000,149583.5468750000,,,
15.4639999750,120,175672.3281250000,197665.2343750000,165334.0156250000,164332.8750000000,131699.8125000000,119867.1328125000,132465.5468750000,152816.0937500000,,,
15.4679999750,120,175619.1875000000,212251.0000000000,165309.6406250000,164248.7968750000,131654.0156250000,119800.4531250000,132388.2187500000,154476.8125000000,,,
15.4719999752,120,175943.1718750000,210423.6250000000,165803.9687500000,164956.5781250000,132345.3593750000,120461.2656250000,133124.7031250000,152857.3125000000,,,
15.4759999751,120,176237.7812500000,194318.1093750000,166225.8281250000,165612.1093750000,132965.7812500000,121069.4062500000,133806.9218750000,149918.1250000000,,,
15.4799999751,120,176073.5781250000,184757.4687500000,165951.4531250000,165275.6562500000,132607.0312500000,120745.5859375000,133445.4687500000,149577.9375000000,,,
15.4839999750,120,175672.3281250000,197567.8125000000,165334.3125000000,164352.9375000000,131701.7343750000,119881.2656250000,132469.7031250000,152800.9843750000,,,
15.4879999750,121,175616.4218750000,212208.4687500000,165304.5625000000,164254.1875000000,131647.8593750000,119810.3515625000,132387.6250000000,154477.7968750000,,,
15.4919999749,121,175939.7968750000,210490.2500000000,165796.1875000000,164952.4687500000,132332.9375000000,120460.7890625000,133117.1093750000,152876.6250000000,,,
15.4959999749,121,176228.9062500000,194440.7031250000,166210.7812500000,165599.9531250000,132947.2812500000,121062.6171875000,133793.3750000000,149931.0312500000,,,
15.4999999749,121,176080.9843750000,184784.0625000000,165953.9062500000,165292.1718750000,132608.9218750000,120761.4062500000,133456.9687500000,149575.1718750000,,,
15.5039999748,121,175675.7031250000,197491.7500000000,165335.9687500000,164357.0937500000,131703.6093750000,119890.5781250000,132490.2500000000,152782.3750000000,,,
15.5079999748,121,175609.0468750000,212159.6562500000,165298.0468750000,164244.2656250000,131641.5156250000,119807.5078125000,132400.2656250000,154467.0937500000,,,
15.5119999750,121,175935.4531250000,210543.7500000000,165795.6718750000,164941.1562500000,132332.9375000000,120468.9921875000,133140.0156250000,152885.7500000000,,,
15.5159999749,121,176240.3281250000,194527.1875000000,166228.9375000000,165623.5937500000,132967.1562500000,121093.6015625000,133841.8750000000,149951.2968750000,,,
15.5199999749,121,176084.2812500000,184778.2031250000,165964.4687500000,165309.3125000000,132622.8125000000,120783.0000000000,133497.4218750000,149569.1718750000,,,
15.5239999748,121,175680.7500000000,197411.5000000000,165344.3437500000,164371.2343750000,131715.7656250000,119915.2500000000,132522.4062500000,152774.7031250000,,,
15.5279999748,121,175625.0312500000,212136.6875000000,165313.9062500000,164258.1250000000,131661.0156250000,119836.9609375000,132440.5468750000,154488.3125000000,,,
15.5319999750,121,175954.2500000000,210608.4218750000,165813.7343750000,164950.3281250000,132355.3125000000,120503.2421875000,133189.5000000000,152926.7812500000,,,
15.5359999749,121,176259.8281250000,194638.0937500000,166248.3281250000,165633.9375000000,132991.5781250000,121130.7500000000,133892.6718750000,149994.4375000000,,,
15.5399999749,121,176095.4687500000,184800.9218750000,165979.0000000000,165310.0937500000,132644.4531250000,120813.4687500000,133549.4843750000,149579.1406250000,,,
15.5439999748,121,175681.8750000000,197341.6562500000,165350.1562500000,164364.2968750000,131728.3437500000,119940.3046875000,132569.4375000000,152765.6406250000,,,
15.5479999748,121,175611.9218750000,212100.6093750000,165304.0000000000,164250.8281250000,131656.8906250000,119855.2265625000,132469.7343750000,154482.5937500000,,,
15.5519999748,121,175929.7812500000,210637.2812500000,165788.4062500000,164943.7343750000,132336.0000000000,120500.6171875000,133190.8437500000,152920.4062500000,,,
15.5559999750,121,176238.2968750000,194691.5468750000,166226.3281250000,165622.4375000000,132974.5000000000,121122.8906250000,133889.6093750000,149983.1875000000,,,
15.5599999749,121,176092.3281250000,184790.7656250000,165977.1250000000,165312.0468750000,132648.0156250000,120828.5468750000,133560.7812500000,149570.3437500000,,,
15.5639999749,121,175691.4531250000,197253.8593750000,165362.9843750000,164372.7343750000,131744.0937500000,119958.4609375000,132582.3906250000,152763.6875000000,,,
15.5679999748,121,175617.0625000000,212079.1093750000,165309.0156250000,164251.4687500000,131662.6875000000,119855.6250000000,132461.9375000000,154498.5937500000,,,
15.5719999748,121,175930.6406250000,210711.9062500000,165792.5937500000,164932.0312500000,132339.0000000000,120492.6484375000,133176.3593750000,152942.7968750000,,,
15.5759999750,121,176232.9062500000,194798.7031250000,166223.5468750000,165605.5312500000,132969.9687500000,121109.6093750000,133866.1718750000,149991.9687500000,,,
15.5799999749,121,176081.5000000000,184795.2656250000,165967.8281250000,165297.5156250000,132637.6875000000,120806.9218750000,133532.4843750000,149546.9062500000,,,
15.5839999749,121,175670.6562500000,197171.7031250000,165340.1562500000,164353.5937500000,131720.3750000000,119923.3281250000,132544.4843750000,152724.0937500000,,,
15.5879999748,121,175603.5468750000,212044.9531250000,165296.7656250000,164233.7500000000,131646.7187500000,119822.2031250000,132436.1875000000,154478.9843750000,,,
15.5919999748,121,175925.3125000000,210788.6718750000,165785.4375000000,164925.7500000000,132325.0781250000,120468.4609375000,133153.3281250000,152951.0937500000,,,
15.5959999748,121,176226.3593750000,194923.4531250000,166217.6406250000,165609.2031250000,132958.6406250000,121090.2187500000,133847.4218750000,150000.7656250000,,,
15.5999999749,121,176095.0937500000,184809.8906250000,165985.6250000000,165327.0625000000,132654.4062500000,120808.0000000000,133540.2031250000,149543.9531250000,,,
15.6039999749,121,175702.1718750000,197103.0468750000,165373.3125000000,164388.4843750000,131752.8281250000,119939.9531250000,132561.5781250000,152731.1250000000,,,
15.6079999749,121,175612.5625000000,212019.1562500000,165301.0468750000,164243.5156250000,131650.4531250000,119817.4062500000,132421.8906250000,154487.2343750000,,,
15.6119999748,121,175927.7500000000,210830.7187500000,165783.0156250000,164923.8281250000,132324.3593750000,120456.5234375000,133133.7500000000,152965.3750000000,,,
15.6159999748,122,176239.8593750000,194989.7031250000,166224.8906250000,165610.6875000000,132968.4062500000,121083.7265625000,133832.2656250000,150018.3593750000,,,
15.6199999747,122,176093.1562500000,184775.2656250000,165974.8750000000,165315.9062500000,132644.7187500000,120792.7890625000,133506.9218750000,149527.2187500000,,,
15.6239999747,122,175669.9062500000,196975.6562500000,165330.6875000000,164366.4687500000,131709.3593750000,119899.2421875000,132499.4531250000,152685.8437500000,,,
15.6279999746,122,175580.4531250000,211946.2500000000,165262.1250000000,164223.8750000000,131604.7812500000,119779.5859375000,132362.9843750000,154459.5312500000,,,
15.6319999746,122,175897.7656250000,210836.2812500000,165745.1250000000,164912.0781250000,132277.0156250000,120422.9687500000,133078.1718750000,152946.3906250000,,,
15.6359999746,122,176213.0312500000,195003.5468750000,166192.9375000000,165605.1406250000,132928.3437500000,121056.5625000000,133791.2343750000,149991.7812500000,,,
15.6399999748,122,176080.8437500000,184711.6875000000,165964.6093750000,165332.2187500000,132629.5156250000,120780.4218750000,133492.4375000000,149496.0468750000,,,
15.6439999747,122,175662.4062500000,196852.0937500000,165328.7343750000,164377.5937500000,131705.3281250000,119888.7812500000,132497.2812500000,152656.2812500000,,,
15.6479999747,122,175584.8593750000,211901.2187500000,165271.7812500000,164232.5156250000,131614.1562500000,119774.5468750000,132369.2812500000,154459.5312500000,,,
15.6519999746,122,175909.7187500000,210865.2187500000,165762.5000000000,164927.8437500000,132296.3281250000,120421.0078125000,133089.4062500000,152962.2187500000,,,
15.6559999746,122,176228.1875000000,195043.0312500000,166212.4687500000,165629.1718750000,132951.4062500000,121059.5859375000,133802.2500000000,150005.7500000000,,,
15.6599999748,122,176085.2812500000,184676.0781250000,165970.9843750000,165333.6093750000,132638.5468750000,120776.0781250000,133488.2812500000,149485.1093750000,,,
15.6639999747,122,175666.3750000000,196775.5156250000,165334.5468750000,164375.9531250000,131709.2968750000,119887.4609375000,132486.9843750000,152648.6406250000,,,
15.6679999747,122,175585.9062500000,211896.6562500000,165272.6718750000,164225.9062500000,131609.8125000000,119768.8046875000,132350.0000000000,154466.7187500000,,,
15.6719999746,122,175906.3125000000,210944.4687500000,165759.7031250000,164915.6250000000,132285.3125000000,120409.5859375000,133063.9843750000,152974.5625000000,,,
15.6759999746,122,176221.7187500000,195137.4062500000,166205.5937500000,165611.9218750000,132936.0312500000,121048.4296875000,133779.0312500000,150005.6718750000,,,
15.6799999746,122,176085.0625000000,184669.9218750000,165967.1562500000,165332.5937500000,132630.2656250000,120775.8359375000,133475.6250000000,149466.6562500000,,,
15.6839999747,122,175668.1093750000,196685.7500000000,165329.0000000000,164373.1875000000,131701.2031250000,119884.8593750000,132478.9062500000,152626.6718750000,,,
15.6879999747,122,175585.4687500000,211878.6875000000,165260.6875000000,164232.7500000000,131595.6250000000,119758.6093750000,132336.8125000000,154464.9843750000,,,
15.6919999747,122,175898.9218750000,211047.6875000000,165740.9375000000,164922.5625000000,132267.0468750000,120393.3046875000,133048.2812500000,152983.8281250000,,,
15.6959999746,122,176213.0781250000,195271.1250000000,166190.3593750000,165604.9375000000,132926.2500000000,121034.2656250000,133768.0625000000,150006.0781250000,,,
15.6999999746,122,176090.7812500000,184675.0468750000,165972.6562500000,165345.8906250000,132643.1406250000,120777.9062500000,133483.7187500000,149452.6250000000,,,
15.7039999748,122,175664.6250000000,196607.3750000000,165321.3593750000,164382.5625000000,131701.5468750000,119878.0468750000,132471.3437500000,152604.0156250000,,,
15.7079999747,122,175569.9218750000,211840.5156250000,165241.5000000000,164224.3125000000,131581.6250000000,119742.5703125000,132313.8437500000,154448.4218750000,,,
15.7119999747,122,175883.2031250000,211065.9531250000,165722.3437500000,164901.6093750000,132247.1875000000,120378.0156250000,133020.3906250000,152979.5781250000,,,
15.7159999746,122,176207.9531250000,195325.4375000000,166182.6093750000,165601.0000000000,132910.5000000000,121025.5234375000,133745.6562500000,150009.8593750000,,,
15.7199999746,122,176071.6562500000,184668.5312500000,165949.3125000000,165336.1562500000,132613.3750000000,120760.9531250000,133451.9375000000,149427.8750000000,,,
15.7239999746,122,175656.3125000000,196501.2343750000,165314.2968750000,164386.9531250000,131686.0468750000,119873.5468750000,132456.3281250000,152571.5312500000,,,
15.7279999747,122,175560.6093750000,211771.5312500000,165236.9531250000,164217.2031250000,131566.1562500000,119733.6953125000,132299.9218750000,154434.9843750000,,,
15.7319999747,122,175865.6562500000,211066.8593750000,165712.9843750000,164885.0937500000,132229.3750000000,120364.3593750000,133006.9062500000,152974.9531250000,,,
15.7359999747,122,176184.2968750000,195370.0937500000,166169.4375000000,165593.2812500000,132892.6875000000,121009.3750000000,133735.9843750000,150005.9375000000,,,
15.7399999746,122,176058.8281250000,184653.1718750000,165951.8906250000,165333.0781250000,132613.2343750000,120758.6484375000,133460.5468750000,149416.0468750000,,,
15.7439999746,123,175633.4531250000,196390.0000000000,165305.8750000000,164374.0468750000,131676.7187500000,119857.7187500000,132453.3437500000,152540.8437500000,,,
15.7479999745,123,175538.7812500000,211714.5312500000,165224.9375000000,164205.7656250000,131554.5156250000,119713.7343750000,132292.6250000000,154421.2343750000,,,
15.7519999745,123,175859.9218750000,211077.6718750000,165711.7187500000,164888.5312500000,132230.7968750000,120355.5078125000,133007.2500000000,152981.9375000000,,,
15.7559999744,123,176184.6250000000,195406.3906250000,166169.3593750000,165593.6562500000,132895.1406250000,121000.7968750000,133729.0000000000,150014.8750000000,,,
15.7599999744,123,176062.2031250000,184633.0468750000,165954.4687500000,165340.9687500000,132618.4843750000,120752.3437500000,133455.3125000000,149408.5000000000,,,
15.7639999744,123,175646.0937500000,196284.4531250000,165316.0156250000,164384.2500000000,131690.0468750000,119864.5312500000,132460.4531250000,152534.2187500000,,,
15.7679999745,123,175554.1250000000,211651.8750000000,165231.6406250000,164217.1093750000,131562.9062500000,119722.8281250000,132297.9375000000,154435.4218750000,,,
15.7719999745,123,175864.9531250000,211129.3281250000,165707.1406250000,164884.7500000000,132226.4531250000,120351.7578125000,133002.5781250000,153007.2031250000,,,
15.7759999745,123,176184.5937500000,195492.4062500000,166164.0000000000,165589.5781250000,132892.5312500000,121002.4609375000,133733.9062500000,150033.1562500000,,,
15.7799999744,123,176066.7656250000,184605.5781250000,165955.4218750000,165357.7187500000,132624.2500000000,120759.8515625000,133469.2656250000,149401.2656250000,,,
15.7839999744,123,175651.0468750000,196179.9843750000,165311.9062500000,164396.1250000000,131690.7656250000,119871.5312500000,132465.8125000000,152522.8437500000,,,
15.7879999746,123,175552.6406250000,211610.2500000000,165224.6093750000,164209.2343750000,131558.4218750000,119719.7187500000,132295.1250000000,154439.3593750000,,,
15.7919999745,123,175852.5625000000,211205.1406250000,165692.4375000000,164865.8125000000,132211.1718750000,120334.8046875000,132984.0468750000,153018.0625000000,,,
15.7959999745,123,176168.6875000000,195600.5468750000,166147.4218750000,165572.1093750000,132875.6562500000,120978.0468750000,133706.4687500000,150023.6093750000,,,
15.7999999744,123,176041.7968750000,184585.3281250000,165931.6718750000,165323.7187500000,132602.3437500000,120733.7031250000,133434.4687500000,149354.9375000000,,,
15.8039999744,123,175626.0781250000,196088.5468750000,165293.9375000000,164349.8593750000,131671.6093750000,119844.0625000000,132434.1718750000,152472.6562500000,,,
15.8079999743,123,175529.9218750000,211587.1093750000,165206.5312500000,164160.6250000000,131537.2187500000,119693.5937500000,132263.5781250000,154412.5625000000,,,
15.8119999745,123,175839.1875000000,211263.4218750000,165684.1250000000,164836.2812500000,132197.4062500000,120316.7265625000,132965.2968750000,153012.2343750000,,,
15.8159999745,123,176169.4375000000,195707.2812500000,166151.7968750000,165559.3281250000,132874.5937500000,120976.3593750000,133706.6093750000,150033.8281250000,,,
15.8199999745,123,176067.8437500000,184622.7968750000,165961.3906250000,165339.4062500000,132627.6406250000,120755.0546875000,133462.7968750000,149367.3281250000,,,
15.8239999744,123,175660.0312500000,196035.0625000000,165325.3281250000,164394.7343750000,131699.5312500000,119866.1640625000,132465.9531250000,152478.9062500000,,,
15.8279999744,123,175549.9375000000,211577.3125000000,165222.8906250000,164202.9843750000,131549.6250000000,119697.8281250000,132281.1562500000,154423.5937500000,,,
15.8319999746,123,175855.9531250000,211346.6406250000,165696.5156250000,164864.3593750000,132206.7968750000,120322.8671875000,132979.5156250000,153040.0000000000,,,
15.8359999745,123,176180.4687500000,195813.6250000000,166161.1250000000,165578.3125000000,132881.1562500000,120982.5000000000,133718.2187500000,150056.5000000000,,,
15.8399999745,123,176066.7656250000,184629.9843750000,165960.3906250000,165349.7031250000,132625.5937500000,120754.1640625000,133466.9218750000,149358.6406250000,,,
15.8439999744,123,175654.4531250000,195948.0312500000,165322.0312500000,164395.9375000000,131695.3593750000,119870.0546875000,132467.0781250000,152458.2812500000,,,
15.8479999744,123,175552.7812500000,211526.9218750000,165227.0000000000,164202.1250000000,131550.7812500000,119713.1484375000,132284.3437500000,154429.1718750000,,,
15.8519999743,123,175857.7500000000,211370.1093750000,165696.0625000000,164866.5000000000,132203.0937500000,120334.8046875000,132978.3906250000,153058.1093750000,,,
15.8559999745,123,176184.7656250000,195899.5000000000,166162.9531250000,165590.3281250000,132879.2812500000,120991.4843750000,133718.4062500000,150081.6250000000,,,
15.8599999745,123,176069.5625000000,184652.5156250000,165959.9375000000,165363.0312500000,132625.8437500000,120763.8203125000,133472.1875000000,149363.8125000000,,,
15.8639999744,123,175650.5781250000,195837.2500000000,165316.4531250000,164388.7031250000,131694.6875000000,119872.1250000000,132477.3593750000,152435.9062500000,,,
15.8679999744,123,175544.0312500000,211435.2968750000,165215.3281250000,164179.8906250000,131546.0625000000,119704.4062500000,132291.2343750000,154416.7812500000,,,
15.8719999744,124,175853.7812500000,211377.1718750000,165687.5781250000,164845.7656250000,132201.3750000000,120328.9531250000,132988.1718750000,153075.4531250000,,,
15.8759999743,124,176176.1562500000,195965.7812500000,166148.7656250000,165564.2500000000,132874.0000000000,120988.2968750000,133727.4218750000,150100.5468750000,,,
15.8799999743,124,176068.3437500000,184657.4531250000,165957.9531250000,165355.1562500000,132630.3125000000,120768.7343750000,133488.2187500000,149365.2187500000,,,
15.8839999742,124,175656.8125000000,195751.8281250000,165321.4375000000,164409.4843750000,131702.6250000000,119878.1796875000,132490.5781250000,152431.7031250000,,,
15.8879999742,124,175549.5312500000,211390.5781250000,165217.4687500000,164201.5937500000,131547.8593750000,119707.1406250000,132295.5312500000,154426.1406250000,,,
15.8919999741,124,175851.9218750000,211416.3593750000,165685.7343750000,164846.7968750000,132197.4062500000,120322.0078125000,132983.9375000000,153089.3281250000,,,
15.8959999743,124,176185.7031250000,196058.0000000000,166160.5312500000,165572.6562500000,132883.1718750000,120987.4375000000,133738.1250000000,150119.8750000000,,,
15.8999999743,124,176091.6406250000,184694.0625000000,165983.1093750000,165377.7343750000,132657.5937500000,120784.4218750000,133520.7343750000,149376.1562500000,,,
15.9039999743,124,175691.2343750000,195689.7031250000,165358.7187500000,164430.6718750000,131744.0625000000,119900.8203125000,132540.6562500000,152434.7656250000,,,
15.9079999742,124,175572.2812500000,211365.5781250000,165243.3593750000,164212.7656250000,131576.9375000000,119712.7968750000,132334.4375000000,154436.0937500000,,,
15.9119999742,124,175873.0625000000,211466.0312500000,165706.9218750000,164870.1250000000,132222.8906250000,120327.3437500000,133021.0625000000,153111.0468750000,,,
15.9159999744,124,176206.4375000000,196150.3281250000,166181.3750000000,165593.2500000000,132905.8906250000,120993.0156250000,133767.0625000000,150145.6562500000,,,
15.9199999743,124,176099.5468750000,184732.3750000000,165994.0000000000,165380.8437500000,132669.6406250000,120780.1015625000,133536.4218750000,149374.3593750000,,,
15.9239999743,124,175688.8750000000,195630.9843750000,165356.4687500000,164421.1562500000,131743.9843750000,119898.1953125000,132543.8906250000,152415.7187500000,,,
15.9279999742,124,175586.5000000000,211348.9218750000,165255.6406250000,164211.8906250000,131586.5156250000,119729.3750000000,132344.0937500000,154450.1718750000,,,
15.9319999742,124,175881.8281250000,211565.2500000000,165715.4062500000,164855.2656250000,132222.2812500000,120330.9921875000,133016.3750000000,153140.4218750000,,,
15.9359999741,124,176198.8437500000,196304.9531250000,166175.2343750000,165573.5625000000,132893.3125000000,120989.4531250000,133750.1875000000,150158.3750000000,,,
15.9399999743,124,176099.5937500000,184771.4218750000,165995.9062500000,165375.1875000000,132669.9375000000,120793.7265625000,133533.0468750000,149366.6875000000,,,
15.9439999743,124,175684.4218750000,195568.2343750000,165353.3281250000,164419.8437500000,131738.8125000000,119901.2812500000,132535.1562500000,152393.2343750000,,,
15.9479999742,124,175572.2812500000,211315.0000000000,165242.5000000000,164195.8437500000,131571.9687500000,119715.3750000000,132327.9843750000,154429.9531250000,,,
15.9519999742,124,175871.6093750000,211600.6562500000,165706.2812500000,164835.1562500000,132215.2500000000,120322.6562500000,133009.8593750000,153138.5781250000,,,
15.9559999742,124,176206.5156250000,196389.6250000000,166182.6875000000,165570.5312500000,132903.6406250000,120995.2187500000,133759.4531250000,150175.5625000000,,,
15.9599999744,124,176109.9843750000,184801.6562500000,166003.9843750000,165378.8125000000,132682.6718750000,120803.4687500000,133542.2500000000,149372.2968750000,,,
15.9639999743,124,175699.5468750000,195492.3281250000,165366.8125000000,164427.7187500000,131757.4531250000,119918.2031250000,132550.0156250000,152392.1718750000,,,
15.9679999743,124,175576.8437500000,211268.7031250000,165242.5468750000,164204.5625000000,131576.0000000000,119718.9375000000,132325.9375000000,154440.8593750000,,,
15.9719999742,124,175869.8750000000,211632.8906250000,165698.1250000000,164846.6562500000,132209.9687500000,120315.4921875000,132996.3281250000,153154.6406250000,,,
15.9759999742,124,176209.1718750000,196458.7187500000,166180.5937500000,165578.9218750000,132903.1562500000,120988.7265625000,133753.6250000000,150188.0156250000,,,
15.9799999741,124,176111.9375000000,184805.1875000000,166006.0937500000,165387.6250000000,132686.5625000000,120797.7812500000,133544.3593750000,149363.8437500000,,,
15.9839999743,124,175693.8125000000,195393.9062500000,165358.3125000000,164426.7812500000,131750.9062500000,119908.2265625000,132545.0312500000,152365.9687500000,,,
15.9879999743,124,175561.6875000000,211204.9531250000,165224.2343750000,164184.3593750000,131556.0937500000,119702.4453125000,132312.3437500000,154423.3750000000,,,
15.9919999742,124,175855.5468750000,211662.2968750000,165682.5937500000,164822.0156250000,132191.3281250000,120306.1015625000,132984.9375000000,153155.0156250000,,,
15.9959999742,124,176193.2812500000,196547.0000000000,166167.4375000000,165560.2812500000,132887.8593750000,120982.5859375000,133744.6093750000,150190.1562500000,,,
15.9999999742,125,176106.5781250000,184800.4687500000,166006.4218750000,165396.4843750000,132685.2187500000,120801.8593750000,133549.2500000000,149348.9843750000,,,
16.0039999741,125,175694.9375000000,195294.7968750000,165368.7812500000,164446.3593750000,131758.6875000000,119914.0156250000,132554.5468750000,152347.0468750000,,,
16.0079999741,125,175570.8281250000,211156.6093750000,165237.9843750000,164194.7812500000,131567.4375000000,119711.9687500000,132322.2187500000,154429.7812500000,,,
16.0119999740,125,175867.5625000000,211708.6718750000,165694.6875000000,164833.2812500000,132202.0312500000,120314.2578125000,132994.2187500000,153183.2812500000,,,
16.0159999740,125,176201.6875000000,196624.7187500000,166173.3125000000,165567.3437500000,132894.2187500000,120985.8281250000,133749.9218750000,150213.1718750000,,,
16.0199999739,125,176122.5000000000,184795.6406250000,166017.9531250000,165400.4218750000,132700.2500000000,120815.3750000000,133562.6875000000,149357.3750000000,,,
16.0239999741,125,175701.9843750000,195196.7187500000,165366.7343750000,164438.5312500000,131760.3906250000,119923.1640625000,132555.5937500000,152341.2812500000,,,
16.0279999741,125,175567.5000000000,211109.3281250000,165227.6875000000,164193.8593750000,131558.4062500000,119710.0859375000,132312.6718750000,154432.6093750000,,,
16.0319999740,125,175864.7500000000,211762.6250000000,165689.2187500000,164832.0625000000,132195.8750000000,120311.3906250000,132985.7343750000,153197.2343750000,,,
16.0359999740,125,176204.1562500000,196704.2031250000,166175.6406250000,165573.2968750000,132896.1718750000,120990.0156250000,133749.6875000000,150222.6875000000,,,
16.0399999740,125,176111.6718750000,184752.2968750000,166007.1093750000,165391.8125000000,132691.7656250000,120811.7500000000,133550.9062500000,149331.7968750000,,,
16.0439999742,125,175691.0468750000,195087.1250000000,165356.2031250000,164427.1562500000,131753.4843750000,119918.8203125000,132546.0468750000,152315.4218750000,,,
16.0479999741,125,175561.7656250000,211076.7656250000,165218.5156250000,164186.0781250000,131552.2812500000,119705.4218750000,132302.6875000000,154432.5781250000,,,
16.0519999741,125,175869.9531250000,211812.2812500000,165691.2343750000,164837.4375000000,132198.2656250000,120313.9062500000,132981.7187500000,153215.1562500000,,,
16.0559999740,125,176207.7656250000,196761.0625000000,166173.6875000000,165571.7343750000,132896.3437500000,120994.1953125000,133741.9375000000,150230.1718750000,,,
16.0599999740,125,176108.2031250000,184708.2343750000,165999.9843750000,165383.1562500000,132689.1093750000,120813.1484375000,133544.9062500000,149311.0625000000,,,
16.0639999739,125,175683.2187500000,194983.7187500000,165348.5000000000,164423.3281250000,131747.1718750000,119910.7734375000,132535.6562500000,152292.7968750000,,,
16.0679999741,125,175552.2343750000,211053.9375000000,165210.4687500000,164167.7031250000,131542.8125000000,119693.9453125000,132288.1562500000,154431.2343750000,,,
16.0719999741,125,175846.6093750000,211840.6093750000,165666.6406250000,164800.5000000000,132173.0312500000,120294.1640625000,132954.4843750000,153207.5781250000,,,
16.0759999740,125,176193.7656250000,196796.0625000000,166160.3437500000,165547.2812500000,132880.2500000000,120986.6640625000,133725.5468750000,150224.3281250000,,,
16.0799999740,125,176115.1875000000,184696.8281250000,166010.5468750000,165386.8281250000,132695.5312500000,120824.4921875000,133549.1562500000,149310.3906250000,,,
16.0839999740,125,175688.4687500000,194900.3906250000,165357.7500000000,164428.5312500000,131752.2968750000,119914.1796875000,132539.6093750000,152283.9687500000,,,
16.0879999741,125,175552.7187500000,211023.2187500000,165213.5000000000,164171.3906250000,131542.0937500000,119685.1484375000,132287.3437500000,154430.3750000000,,,
16.0919999741,125,175844.2812500000,212003.5468750000,165665.0781250000,164799.6718750000,132167.3750000000,120277.8046875000,132948.2343750000,153237.2968750000,,,
16.0959999741,125,176188.0625000000,197036.0468750000,166158.3906250000,165551.3750000000,132878.9062500000,120969.8125000000,133723.1093750000,150240.4687500000,,,
16.0999999740,125,176101.4531250000,184704.8281250000,166001.6718750000,165410.1562500000,132689.8593750000,120804.5078125000,133543.1875000000,149270.1562500000,,,
16.1039999740,125,175680.2343750000,194798.7031250000,165348.7656250000,164445.5312500000,131743.7187500000,119902.4296875000,132533.1718750000,152244.3750000000,,,
16.1079999739,125,175542.1875000000,210961.0468750000,165202.3125000000,164167.3281250000,131527.7187500000,119672.2187500000,132276.7187500000,154414.4687500000,,,
16.1119999741,125,175831.8125000000,211970.2656250000,165656.1718750000,164788.1875000000,132155.2968750000,120264.7968750000,132940.9218750000,153229.8750000000,,,
16.1159999741,125,176187.9218750000,197020.4062500000,166159.8750000000,165562.2656250000,132875.2812500000,120966.8359375000,133723.5312500000,150248.6250000000,,,
16.1199999740,125,176112.2656250000,184697.2656250000,166014.9531250000,165423.4375000000,132698.3593750000,120813.1250000000,133554.3906250000,149284.4843750000,,,
16.1239999740,125,175686.7500000000,194692.5625000000,165360.4062500000,164448.0781250000,131752.7031250000,119911.8203125000,132545.4062500000,152239.4687500000,,,
16.1279999739,126,175554.2812500000,210888.4218750000,165216.4531250000,164163.2500000000,131538.1562500000,119687.7968750000,132288.0468750000,154426.9375000000,,,
16.1319999739,126,175839.4531250000,211918.7656250000,165662.1250000000,164790.5468750000,132160.2656250000,120277.8828125000,132946.8750000000,153240.2031250000,,,
16.1359999739,126,176177.2812500000,196982.3125000000,166151.9531250000,165542.7656250000,132869.3281250000,120963.6484375000,133725.0937500000,150247.7343750000,,,
16.1399999738,126,176096.4531250000,184665.6093750000,166001.7812500000,165402.0937500000,132691.3906250000,120806.4687500000,133558.3437500000,149272.0000000000,,,
16.1439999738,126,175683.5937500000,194584.0468750000,165358.3437500000,164444.5468750000,131758.5468750000,119910.4765625000,132558.0312500000,152221.1250000000,,,
16.1479999737,126,175557.4687500000,210827.5312500000,165220.6718750000,164179.3437500000,131549.3906250000,119684.6328125000,132303.5156250000,154429.3593750000,,,
16.1519999739,126,175857.1562500000,211932.7968750000,165680.9062500000,164814.5781250000,132181.8593750000,120281.5625000000,132969.0625000000,153264.2812500000,,,
16.1559999739,126,176194.4375000000,197036.7343750000,166166.6562500000,165555.6406250000,132884.9218750000,120963.6718750000,133736.0937500000,150272.9062500000,,,
16.1599999738,126,176120.4062500000,184678.3750000000,166022.0312500000,165413.0000000000,132714.0781250000,120820.7890625000,133576.0625000000,149290.1718750000,,,
16.1639999738,126,175710.4062500000,194515.7812500000,165381.2968750000,164463.4218750000,131783.8750000000,119933.0625000000,132579.1093750000,152229.6250000000,,,
16.1679999738,126,175568.7656250000,210793.8750000000,165226.8593750000,164188.4687500000,131556.2343750000,119687.3750000000,132304.7500000000,154434.9687500000,,,
16.1719999739,126,175838.7500000000,212034.2812500000,165659.8437500000,164781.2656250000,132162.3750000000,120262.6250000000,132946.2343750000,153274.0781250000,,,
16.1759999739,126,176182.4531250000,197209.2812500000,166154.2812500000,165525.2500000000,132875.2656250000,120960.9140625000,133725.6718750000,150284.2968750000,,,
16.1799999739,126,176113.1718750000,184714.0468750000,166015.7031250000,165403.4375000000,132711.7812500000,120824.4921875000,133573.3906250000,149271.5000000000,,,
16.1839999738,126,175701.3750000000,194427.6718750000,165373.6562500000,164455.1875000000,131779.7343750000,119931.8046875000,132575.8906250000,152197.7343750000,,,
16.1879999738,126,175557.0156250000,210753.5000000000,165216.4843750000,164168.2656250000,131546.9531250000,119682.2187500000,132298.6093750000,154424.0000000000,,,
16.1919999737,126,175835.4218750000,212135.7031250000,165654.4062500000,164778.4218750000,132155.4843750000,120259.6718750000,132945.1562500000,153293.1718750000,,,
16.1959999739,126,176183.9843750000,197408.5781250000,166153.5312500000,165540.6718750000,132873.3281250000,120963.7265625000,133730.9062500000,150310.6875000000,,,
16.1999999739,126,176120.9687500000,184774.0000000000,166027.7343750000,165422.2656250000,132724.5468750000,120834.8437500000,133592.5625000000,149266.4531250000,,,
16.2039999738,126,175705.6406250000,194376.7968750000,165384.8125000000,164458.6718750000,131790.3593750000,119936.5468750000,132591.7500000000,152177.1875000000,,,
16.2079999738,126,175550.5781250000,210732.6875000000,165214.5156250000,164160.2031250000,131545.4218750000,119679.7265625000,132304.0312500000,154415.4843750000,,,
16.2119999737,126,175827.2187500000,212304.8125000000,165648.1562500000,164759.6250000000,132146.8437500000,120250.0468750000,132942.3437500000,153320.3437500000,,,
16.2159999739,126,176176.6562500000,197691.4687500000,166147.8750000000,165528.9375000000,132867.6093750000,120952.6796875000,133728.0937500000,150333.8593750000,,,
16.2199999739,126,176110.1875000000,184830.2187500000,166018.7343750000,165412.6093750000,132717.1718750000,120823.1796875000,133590.0156250000,149235.5625000000,,,
16.2239999739,126,175697.8906250000,194295.5781250000,165372.6406250000,164457.3281250000,131778.5312500000,119928.7968750000,132587.0781250000,152138.2500000000,,,
16.2279999738,126,175552.5625000000,210678.3750000000,165209.4062500000,164163.0468750000,131536.7031250000,119671.4140625000,132300.3593750000,154401.5468750000,,,
16.2319999738,126,175832.8281250000,212289.4687500000,165650.2500000000,164766.1875000000,132145.0468750000,120244.0078125000,132940.2968750000,153318.7343750000,,,
16.2359999737,126,176186.7968750000,197705.5937500000,166159.1093750000,165533.7343750000,132873.9687500000,120951.7890625000,133730.3437500000,150342.5000000000,,,
16.2399999739,126,176130.6093750000,184858.4062500000,166040.8906250000,165434.8593750000,132736.8906250000,120838.2265625000,133605.6250000000,149251.4531250000,,,
16.2439999739,126,175719.9843750000,194212.3437500000,165395.9531250000,164487.5937500000,131802.3750000000,119952.4296875000,132605.7187500000,152142.7812500000,,,
16.2479999738,126,175560.8750000000,210609.1250000000,165215.7500000000,164173.4218750000,131544.2343750000,119687.1796875000,132303.2968750000,154414.0625000000,,,
16.2519999738,126,175827.1718750000,212183.6250000000,165641.9375000000,164770.3750000000,132141.6250000000,120248.7031250000,132937.2500000000,153310.0781250000,,,
16.2559999737,127,176176.7187500000,197580.7500000000,166144.6093750000,165534.5937500000,132863.6250000000,120954.9062500000,133726.9375000000,150334.4062500000,,,
16.2599999737,127,176127.5156250000,184847.7343750000,166033.9687500000,165445.7031250000,132733.3750000000,120848.5234375000,133608.7031250000,149260.5468750000,,,
16.2639999737,127,175719.7187500000,194094.1406250000,165393.0781250000,164490.7343750000,131804.5000000000,119963.3984375000,132614.7031250000,152127.7500000000,,,
16.2679999736,127,175569.8125000000,210510.2031250000,165220.7187500000,164170.3437500000,131551.0000000000,119696.7031250000,132316.6875000000,154415.5468750000,,,
16.2719999736,127,175850.3750000000,212157.1093750000,165661.1875000000,164776.0156250000,132160.0468750000,120270.2187500000,132962.4531250000,153337.5156250000,,,
16.2759999735,127,176205.6562500000,197601.9531250000,166172.1562500000,165551.3750000000,132889.0937500000,120980.0625000000,133755.6406250000,150373.7187500000,,,
16.2799999737,127,176148.6250000000,184858.7031250000,166057.0000000000,165446.5312500000,132756.4375000000,120868.7500000000,133638.5937500000,149283.5468750000,,,
16.2839999737,127,175728.2500000000,194002.9687500000,165407.0468750000,164484.2031250000,131821.7187500000,119980.1328125000,132647.7031250000,152120.0000000000,,,
16.2879999736,127,175574.0937500000,210451.0781250000,165231.5312500000,164173.3125000000,131563.1718750000,119714.3281250000,132346.9375000000,154417.7187500000,,,
16.2919999736,127,175849.7500000000,212221.0000000000,165666.8281250000,164778.3437500000,132165.0156250000,120285.5000000000,132985.3437500000,153361.6250000000,,,
16.2959999735,127,176199.4062500000,197775.9062500000,166171.9687500000,165537.2187500000,132889.4218750000,120996.7421875000,133781.2500000000,150401.6406250000,,,
16.2999999737,127,176144.2812500000,184918.0625000000,166060.3906250000,165438.8437500000,132761.7187500000,120891.9765625000,133670.5000000000,149279.7812500000,,,
16.3039999737,127,175723.3906250000,193936.9843750000,165406.3750000000,164491.0000000000,131823.2187500000,119997.8359375000,132671.0156250000,152101.0625000000,,,
16.3079999737,127,175567.2812500000,210412.5468750000,165227.0000000000,164170.4218750000,131561.0781250000,119720.5000000000,132361.9062500000,154412.0781250000,,,
16.3119999736,127,175837.6250000000,212311.8593750000,165657.0937500000,164758.6250000000,132159.0000000000,120285.5312500000,133000.3281250000,153375.5937500000,,,
16.3159999736,127,176181.1406250000,197947.4218750000,166155.0937500000,165527.7812500000,132881.5625000000,121003.3437500000,133802.0468750000,150414.4375000000,,,
16.3199999735,127,176133.7656250000,184972.4218750000,166050.5468750000,165444.9531250000,132766.6250000000,120910.7031250000,133706.2812500000,149268.0156250000,,,
16.3239999737,127,175730.2656250000,193879.1562500000,165413.4687500000,164499.3125000000,131845.4531250000,120030.8046875000,132723.0468750000,152090.5468750000,,,
16.3279999737,127,175586.9687500000,210381.2187500000,165243.5937500000,164190.2656250000,131588.6250000000,119759.0390625000,132418.4218750000,154432.0468750000,,,
16.3319999736,127,175864.3906250000,212382.4843750000,165676.2968750000,164778.2656250000,132185.7500000000,120323.6718750000,133052.0156250000,153423.8281250000,,,
16.3359999736,127,176222.5781250000,198088.4531250000,166191.2187500000,165548.9375000000,132922.5937500000,121042.0234375000,133860.5468750000,150473.0468750000,,,
16.3399999735,127,176178.2343750000,185043.0468750000,166095.1718750000,165474.2968750000,132815.5312500000,120947.4765625000,133765.3281250000,149308.6250000000,,,
16.3439999737,127,175764.1406250000,193831.4687500000,165450.5781250000,164527.9375000000,131884.2031250000,120058.7500000000,132766.8906250000,152108.0468750000,,,
16.3479999737,127,175597.8906250000,210347.5468750000,165259.7187500000,164190.9062500000,131605.5000000000,119775.2968750000,132444.5781250000,154444.9218750000,,,
16.3519999736,127,175861.9531250000,212410.5468750000,165681.4375000000,164761.3125000000,132189.8437500000,120326.2500000000,133058.9843750000,153434.1718750000,,,
16.3559999736,127,176222.0468750000,198148.9375000000,166194.6250000000,165540.8750000000,132923.1562500000,121036.0390625000,133856.0937500000,150479.5625000000,,,
16.3599999736,127,176177.2187500000,185040.0781250000,166096.2187500000,165464.9375000000,132816.4375000000,120946.8281250000,133767.9218750000,149292.4218750000,,,
16.3639999735,127,175760.5156250000,193722.6250000000,165447.0781250000,164513.2656250000,131882.0156250000,120054.2187500000,132772.3906250000,152077.6718750000,,,
16.3679999737,127,175604.4375000000,210279.4531250000,165262.4531250000,164188.5781250000,131605.5000000000,119759.5468750000,132444.0156250000,154436.2031250000,,,
16.3719999737,127,175873.8593750000,212422.9375000000,165686.8281250000,164771.5625000000,132192.0000000000,120314.3359375000,133058.9843750000,153445.1562500000,,,
16.3759999736,127,176226.3593750000,198193.3593750000,166193.2343750000,165538.9687500000,132920.6093750000,121030.4062500000,133850.4062500000,150492.2187500000,,,
16.3799999736,127,176173.1406250000,185021.9218750000,166087.1250000000,165468.9375000000,132804.3437500000,120930.7890625000,133740.8281250000,149284.2343750000,,,
16.3839999735,128,175763.0156250000,193604.2656250000,165448.0625000000,164530.8281250000,131876.6718750000,120045.2890625000,132743.6406250000,152063.9218750000,,,
16.3879999735,128,175586.0156250000,210207.4843750000,165244.4531250000,164181.3281250000,131582.7812500000,119736.7500000000,132400.7968750000,154426.0937500000,,,
16.3919999734,128,175847.2812500000,212435.2500000000,165661.0625000000,164751.2031250000,132161.8906250000,120281.5859375000,133008.1093750000,153436.8906250000,,,
16.3959999734,128,176210.5937500000,198239.0937500000,166181.4062500000,165530.9375000000,132904.5156250000,121004.3125000000,133813.8906250000,150481.6562500000,,,
16.3999999734,128,176172.5781250000,184982.2968750000,166093.3281250000,165469.7343750000,132811.5312500000,120930.1171875000,133736.1093750000,149267.8281250000,,,
16.4039999733,128,175760.0000000000,193490.7031250000,165447.8750000000,164532.0312500000,131880.1562500000,120043.6796875000,132739.0000000000,152046.2187500000,,,
16.4079999735,128,175585.3906250000,210176.3437500000,165243.2968750000,164187.0000000000,131580.7656250000,119735.3281250000,132387.5781250000,154434.4062500000,,,
16.4119999735,128,175843.1250000000,212490.8437500000,165658.2656250000,164763.6406250000,132156.1562500000,120277.9687500000,132993.5781250000,153451.9843750000,,,
16.4159999734,128,176196.9843750000,198304.9687500000,166168.5625000000,165535.3125000000,132889.8437500000,120994.0078125000,133789.2968750000,150480.0781250000,,,
16.4199999734,128,176155.6562500000,184958.4218750000,166075.4375000000,165483.7031250000,132792.1562500000,120917.3281250000,133702.1562500000,149242.2031250000,,,
16.4239999733,128,175734.7656250000,193421.6093750000,165422.9531250000,164522.4062500000,131852.1562500000,120020.1250000000,132698.2656250000,152013.4375000000,,,
16.4279999735,128,175561.2187500000,210157.4375000000,165219.9062500000,164154.3750000000,131553.3593750000,119706.6328125000,132350.4843750000,154411.9531250000,,,
16.4319999735,128,175834.0000000000,212539.0156250000,165647.4843750000,164738.6250000000,132142.4531250000,120256.8281250000,132967.2031250000,153447.6093750000,,,
16.4359999734,128,176201.4687500000,198365.1250000000,166170.0625000000,165527.4843750000,132889.5468750000,120980.9453125000,133777.5781250000,150482.7031250000,,,
16.4399999734,128,176167.3750000000,184984.4375000000,166083.2968750000,165473.8593750000,132796.5312500000,120911.1796875000,133697.8125000000,149241.6406250000,,,
16.4439999734,128,175748.7968750000,193356.4843750000,165432.7187500000,164519.1093750000,131855.9687500000,120016.4531250000,132695.3125000000,152002.0625000000,,,
16.4479999733,128,175567.3750000000,210130.9375000000,165219.8593750000,164154.5625000000,131547.4843750000,119699.1171875000,132341.4687500000,154413.5625000000,,,
16.4519999735,128,175834.9218750000,212563.5312500000,165641.9843750000,164741.5937500000,132133.6562500000,120254.7656250000,132960.6875000000,153454.5156250000,,,
16.4559999735,128,176199.0625000000,198405.3125000000,166164.3437500000,165527.1875000000,132880.1406250000,120983.3593750000,133774.8750000000,150483.0468750000,,,
16.4599999734,128,176159.8437500000,184972.1406250000,166077.9531250000,165468.2812500000,132791.3281250000,120913.1406250000,133704.0625000000,149220.7968750000,,,
16.4639999734,128,175745.0937500000,193243.2031250000,165432.4218750000,164521.4062500000,131860.7343750000,120026.6171875000,132715.1250000000,151971.7343750000,,,
16.4679999733,128,175571.3437500000,210048.6250000000,165228.1406250000,164171.3906250000,131559.8437500000,119718.5390625000,132371.7343750000,154409.5156250000,,,
16.4719999735,128,175824.9062500000,212624.4843750000,165633.8281250000,164736.5781250000,132128.8593750000,120256.8281250000,132975.7031250000,153469.9375000000,,,
16.4759999735,128,176181.3593750000,198583.6406250000,166147.2812500000,165510.3125000000,132869.4687500000,120985.3437500000,133785.6875000000,150498.6562500000,,,
16.4799999734,128,176146.9687500000,185005.0468750000,166066.6093750000,165453.7187500000,132790.6093750000,120934.4921875000,133728.8437500000,149206.7812500000,,,
16.4839999734,128,175734.3125000000,193141.6406250000,165423.6250000000,164500.6718750000,131861.2500000000,120051.0234375000,132747.3906250000,151945.0156250000,,,
16.4879999734,128,175561.6250000000,209967.0000000000,165216.2187500000,164144.5937500000,131555.3437500000,119734.7890625000,132393.9687500000,154398.4062500000,,,
16.4919999733,128,175825.3437500000,212640.0156250000,165631.1562500000,164724.5625000000,132131.8281250000,120278.8515625000,133001.9687500000,153487.0937500000,,,
16.4959999735,128,176189.4218750000,198682.5937500000,166155.9843750000,165520.9062500000,132882.5000000000,121013.8828125000,133830.2031250000,150530.2031250000,,,
16.4999999735,128,176161.3750000000,185036.4843750000,166084.9062500000,165479.4375000000,132815.7656250000,120968.3671875000,133787.9531250000,149220.4531250000,,,
16.5039999734,128,175753.0781250000,193048.4843750000,165444.7343750000,164523.8593750000,131891.4843750000,120086.3515625000,132803.5937500000,151940.3750000000,,,
16.5079999734,128,175581.8593750000,209890.7656250000,165237.8593750000,164168.7500000000,131583.2656250000,119769.1796875000,132445.5625000000,154408.6562500000,,,
16.5119999733,129,175842.7187500000,212664.4218750000,165653.9531250000,164733.2812500000,132156.3125000000,120305.7265625000,133049.6875000000,153516.9531250000,,,
16.5159999733,129,176200.2031250000,198781.9375000000,166172.9062500000,165512.5156250000,132899.1562500000,121026.7578125000,133859.9843750000,150561.7500000000,,,
16.5199999732,129,176160.5625000000,185068.3750000000,166089.8593750000,165472.0625000000,132820.9218750000,120969.6562500000,133801.1562500000,149220.2343750000,,,
16.5239999732,129,175746.0781250000,192959.5156250000,165439.6406250000,164522.8593750000,131887.0000000000,120083.8828125000,132807.7500000000,151914.0625000000,,,
16.5279999732,129,175570.9687500000,209814.3281250000,165224.6875000000,164158.9062500000,131569.1093750000,119757.2421875000,132438.5625000000,154392.9687500000,,,
16.5319999731,129,175832.8281250000,212641.1093750000,165638.6093750000,164719.5937500000,132141.0625000000,120297.5703125000,133039.3593750000,153516.6093750000,,,
16.5359999733,129,176198.3593750000,198805.2031250000,166163.4687500000,165501.8125000000,132888.8593750000,121026.6015625000,133853.3593750000,150578.1562500000,,,
16.5399999733,129,176157.6718750000,185100.7187500000,166081.1718750000,165473.7812500000,132810.7812500000,120958.5000000000,133793.8281250000,149223.9375000000,,,
16.5439999732,129,175751.3906250000,192882.3125000000,165444.0625000000,164544.9062500000,131888.9531250000,120073.7187500000,132807.0000000000,151896.9218750000,,,
16.5479999732,129,175566.6250000000,209755.5625000000,165218.2500000000,164162.1562500000,131559.9062500000,119736.8593750000,132424.4375000000,154378.0468750000,,,
16.5519999731,129,175816.4375000000,212635.2031250000,165619.4218750000,164716.9531250000,132119.9687500000,120264.9843750000,133013.3437500000,153496.9687500000,,,
16.5559999733,129,176175.6718750000,198807.4218750000,166138.9687500000,165491.8593750000,132862.1093750000,120986.3671875000,133819.9843750000,150550.7031250000,,,
16.5599999733,129,176148.5156250000,185117.7812500000,166070.3906250000,165460.7812500000,132796.9375000000,120936.5000000000,133769.9843750000,149208.6250000000,,,
16.5639999732,129,175738.1406250000,192797.0781250000,165429.6406250000,164516.0156250000,131874.3437500000,120057.2734375000,132784.4062500000,151864.4375000000,,,
16.5679999732,129,175555.7031250000,209692.1250000000,165205.6718750000,164137.5625000000,131547.1093750000,119720.4453125000,132404.0468750000,154363.1093750000,,,
16.5719999732,129,175814.1093750000,212672.5625000000,165616.3906250000,164707.8750000000,132113.5312500000,120249.2656250000,132998.1093750000,153510.1875000000,,,
16.5759999731,129,176174.5625000000,198919.3593750000,166137.0156250000,165489.0000000000,132858.0625000000,120970.0312500000,133807.9218750000,150565.3750000000,,,
16.5799999733,129,176152.8750000000,185159.2187500000,166074.3281250000,165460.5156250000,132800.7500000000,120928.9687500000,133766.6406250000,149202.5156250000,,,
16.5839999733,129,175747.2031250000,192735.3281250000,165438.2968750000,164526.5625000000,131881.3437500000,120049.2031250000,132783.9843750000,151848.9062500000,,,
16.5879999732,129,175565.1718750000,209658.4687500000,165215.3593750000,164146.8906250000,131551.1093750000,119707.9453125000,132398.4687500000,154359.8437500000,,,
16.5919999732,129,175808.7187500000,212751.5625000000,165609.6406250000,164693.8593750000,132100.1875000000,120221.7187500000,132970.0781250000,153517.0000000000,,,
16.5959999731,129,176168.4218750000,199077.6562500000,166132.2343750000,165478.1875000000,132845.4531250000,120942.6171875000,133777.4531250000,150574.4843750000,,,
16.5999999733,129,176154.6093750000,185219.3750000000,166079.1093750000,165472.0937500000,132799.4531250000,120914.7500000000,133748.6093750000,149192.1875000000,,,
16.6039999733,129,175749.6562500000,192677.4218750000,165442.0468750000,164548.9531250000,131879.4375000000,120034.5859375000,132765.3750000000,151823.2500000000,,,
16.6079999732,129,175560.8750000000,209614.6093750000,165208.7031250000,164160.4218750000,131538.3593750000,119684.8750000000,132371.2187500000,154345.0000000000,,,
16.6119999732,129,175805.5781250000,212806.8906250000,165605.6406250000,164701.6250000000,132087.6562500000,120199.8906250000,132945.7968750000,153527.0156250000,,,
16.6159999731,129,176172.3906250000,199241.1093750000,166137.0937500000,165495.2187500000,132843.5000000000,120927.6484375000,133762.8750000000,150603.1562500000,,,
16.6199999731,129,176161.1875000000,185282.4687500000,166090.2343750000,165495.3437500000,132807.0000000000,120906.3281250000,133744.7031250000,149194.6250000000,,,
16.6239999733,129,175750.5312500000,192590.9218750000,165445.9218750000,164546.3281250000,131882.6562500000,120030.0781250000,132761.5000000000,151799.0156250000,,,
16.6279999733,129,175559.9375000000,209528.1562500000,165209.1250000000,164146.8125000000,131538.4687500000,119677.6875000000,132361.5625000000,154333.7968750000,,,
16.6319999732,129,175807.1093750000,212808.3750000000,165605.0000000000,164692.9062500000,132088.7343750000,120196.1875000000,132936.9531250000,153539.4218750000,,,
16.6359999732,129,176179.2343750000,199293.8125000000,166142.0781250000,165497.3906250000,132850.2343750000,120937.3359375000,133763.2343750000,150626.7968750000,,,
16.6399999731,130,176163.5156250000,185301.0000000000,166090.5625000000,165484.7343750000,132810.8281250000,120918.4531250000,133741.0468750000,149201.2812500000,,,
16.6439999731,130,175748.3593750000,192495.1406250000,165441.3593750000,164542.3125000000,131883.8593750000,120040.2968750000,132750.9687500000,151783.9218750000,,,
16.6479999730,130,175548.1406250000,209436.4843750000,165191.5937500000,164142.0937500000,131525.0312500000,119674.7656250000,132339.7031250000,154323.0937500000,,,
16.6519999730,130,175786.2656250000,212783.2968750000,165579.8593750000,164679.0000000000,132064.8593750000,120178.0312500000,132906.3125000000,153533.6562500000,,,
16.6559999730,130,176149.7812500000,199322.7812500000,166107.8281250000,165467.5937500000,132814.9843750000,120905.7656250000,133722.4687500000,150614.0000000000,,,
16.6599999729,130,176147.6406250000,185302.9843750000,166072.8593750000,165475.6562500000,132791.7031250000,120899.0625000000,133720.0937500000,149183.9687500000,,,
16.6639999731,130,175752.6093750000,192394.8593750000,165447.9843750000,164563.9843750000,131887.9687500000,120034.5312500000,132755.4375000000,151767.2968750000,,,
16.6679999731,130,175551.5156250000,209375.3906250000,165199.2656250000,164149.9843750000,131527.6875000000,119665.1093750000,132340.6093750000,154322.2812500000,,,
16.6719999730,130,175791.2187500000,212800.0312500000,165587.8125000000,164685.9687500000,132067.5937500000,120170.9765625000,132904.2500000000,153544.0937500000,,,
16.6759999730,130,176155.9843750000,199390.3750000000,166117.6250000000,165472.6093750000,132820.5468750000,120899.7265625000,133720.6875000000,150627.4062500000,,,
16.6799999729,130,176152.6562500000,185353.6718750000,166080.4218750000,165492.0312500000,132797.9531250000,120895.4140625000,133718.3281250000,149185.5781250000,,,
16.6839999731,130,175748.5468750000,192342.7343750000,165445.5937500000,164572.3437500000,131885.2500000000,120032.6484375000,132745.8906250000,151748.4062500000,,,
16.6879999731,130,175544.9218750000,209346.4687500000,165190.0937500000,164155.2343750000,131516.8593750000,119661.4062500000,132326.1875000000,154315.7187500000,,,
16.6919999730,130,175787.2031250000,212880.8125000000,165579.9687500000,164691.4375000000,132057.4218750000,120165.1250000000,132891.6406250000,153559.3593750000,,,
16.6959999730,130,176148.4687500000,199559.4062500000,166105.8437500000,165482.8437500000,132805.3593750000,120887.1250000000,133703.3906250000,150643.1718750000,,,
16.6999999729,130,176140.3906250000,185420.7656250000,166065.8906250000,165490.8750000000,132781.5156250000,120882.6406250000,133703.3593750000,149167.6093750000,,,
16.7039999729,130,175740.6718750000,192272.2187500000,165434.8125000000,164568.5937500000,131875.1406250000,120020.1250000000,132738.5937500000,151710.8125000000,,,
16.7079999731,130,175550.0468750000,209296.0468750000,165193.4375000000,164160.3281250000,131519.0781250000,119658.3515625000,132328.4375000000,154304.7187500000,,,
16.7119999730,130,175787.6250000000,212935.6718750000,165580.1562500000,164691.0625000000,132053.8125000000,120157.3750000000,132887.4375000000,153568.9062500000,,,
16.7159999730,130,176138.4062500000,199693.8125000000,166094.1875000000,165471.0156250000,132795.0937500000,120879.2656250000,133693.8125000000,150653.6875000000,,,
16.7199999730,130,176126.8437500000,185443.7656250000,166053.1406250000,165474.1875000000,132775.8750000000,120880.5781250000,133697.8906250000,149148.2187500000,,,
16.7239999729,130,175731.8750000000,192180.9531250000,165426.7656250000,164560.2812500000,131873.6875000000,120026.8828125000,132735.7343750000,151685.1875000000,,,
16.7279999731,130,175544.7343750000,209231.8593750000,165188.3437500000,164150.8437500000,131518.2187500000,119662.6406250000,132326.1093750000,154300.5625000000,,,
16.7319999731,130,175783.7187500000,212951.7031250000,165571.9531250000,164671.1406250000,132051.1562500000,120163.4062500000,132884.3750000000,153583.6875000000,,,
16.7359999730,130,176143.0000000000,199727.4531250000,166094.4531250000,165466.1875000000,132799.7500000000,120892.5703125000,133695.7500000000,150667.3750000000,,,
16.7399999730,130,176146.9375000000,185434.6250000000,166070.6093750000,165499.1093750000,132795.8906250000,120902.8671875000,133711.0312500000,149158.4218750000,,,
16.7439999729,130,175747.6875000000,192080.9531250000,165439.8593750000,164579.0000000000,131888.6562500000,120037.8828125000,132747.3125000000,151680.0468750000,,,
16.7479999729,130,175547.5000000000,209162.7187500000,165184.9687500000,164149.1250000000,131513.9062500000,119652.9843750000,132318.3750000000,154297.4531250000,,,
16.7519999731,130,175786.1875000000,212930.4375000000,165572.0937500000,164675.6875000000,132048.7343750000,120148.7890625000,132875.7343750000,153582.3437500000,,,
16.7559999730,130,176156.1093750000,199712.4062500000,166109.6093750000,165477.1875000000,132811.7187500000,120889.2187500000,133702.6718750000,150672.8125000000,,,
16.7599999730,130,176162.9062500000,185422.9062500000,166089.9687500000,165509.9375000000,132813.2968750000,120904.3203125000,133725.1718750000,149163.4531250000,,,
16.7639999730,130,175760.7343750000,191987.7812500000,165456.2187500000,164597.3437500000,131904.4531250000,120040.4296875000,132758.3906250000,151671.1875000000,,,
16.7679999729,131,175557.9218750000,209104.1250000000,165199.1875000000,164169.1250000000,131525.1875000000,119657.6796875000,132327.8437500000,154301.7656250000,,,
16.7719999729,131,175788.7343750000,212958.4375000000,165575.9843750000,164685.9687500000,132048.5468750000,120146.9687500000,132874.0781250000,153596.7500000000,,,
16.7759999728,131,176158.3437500000,199791.8281250000,166112.1562500000,165486.2500000000,132809.3906250000,120886.6640625000,133700.1250000000,150686.6250000000,,,
16.7799999728,131,176160.6406250000,185444.3593750000,166086.2343750000,165522.8750000000,132805.4687500000,120903.9687500000,133721.6562500000,149160.0781250000,,,
16.7839999727,131,175763.1093750000,191886.7812500000,165460.2187500000,164626.1562500000,131903.6875000000,120041.9843750000,132760.4843750000,151651.9062500000,,,
16.7879999727,131,175556.0000000000,209033.7812500000,165195.9687500000,164183.7187500000,131517.6093750000,119650.7578125000,132315.8593750000,154293.9843750000,,,
16.7919999729,131,175793.1875000000,212979.6562500000,165582.7656250000,164693.5781250000,132050.2968750000,120145.3828125000,132873.4687500000,153609.7343750000,,,
16.7959999728,131,176162.3281250000,199888.6562500000,166118.9062500000,165482.7968750000,132813.6406250000,120880.0156250000,133704.3593750000,150703.3125000000,,,
16.7999999728,131,176162.7187500000,185458.0937500000,166088.0156250000,165528.2812500000,132808.8125000000,120896.6484375000,133719.7812500000,149149.8125000000,,,
16.8039999728,131,175768.1875000000,191789.7500000000,165463.8281250000,164619.2031250000,131909.3906250000,120044.8593750000,132762.0937500000,151634.9062500000,,,
16.8079999727,131,175563.8593750000,208968.8750000000,165199.2031250000,164182.6718750000,131520.4531250000,119657.4140625000,132318.7343750000,154302.7656250000,,,
16.8119999729,131,175795.1406250000,213113.7656250000,165572.5937500000,164682.4062500000,132037.8125000000,120143.2421875000,132859.7031250000,153653.0000000000,,,
16.8159999729,131,176160.1562500000,200243.1093750000,166105.4531250000,165476.7656250000,132799.5625000000,120878.4843750000,133685.3906250000,150758.3593750000,,,
16.8199999728,131,176168.9375000000,185533.6562500000,166094.0468750000,165533.4375000000,132819.7656250000,120913.6250000000,133727.8750000000,149145.6406250000,,,
16.8239999728,131,175766.2812500000,191720.1093750000,165460.2656250000,164609.8125000000,131911.0000000000,120050.8671875000,132764.0468750000,151615.2343750000,,,
16.8279999727,131,175548.4375000000,208922.0156250000,165181.1562500000,164150.0312500000,131504.8906250000,119643.3828125000,132306.0468750000,154285.5312500000,,,
16.8319999727,131,175778.0312500000,213108.1875000000,165553.0468750000,164651.6562500000,132019.2656250000,120126.3984375000,132843.7968750000,153643.6875000000,,,
16.8359999729,131,176153.7031250000,200217.5625000000,166098.5781250000,165461.0156250000,132790.7656250000,120873.0937500000,133682.5781250000,150756.6093750000,,,
16.8399999728,131,176176.6093750000,185570.8593750000,166104.5000000000,165541.6718750000,132825.5000000000,120920.0625000000,133743.5156250000,149163.3437500000,,,
16.8439999728,131,175777.8125000000,191675.2656250000,165473.5156250000,164631.0625000000,131920.5312500000,120066.5000000000,132780.0468750000,151622.4062500000,,,
16.8479999728,131,175552.9687500000,208869.7031250000,165186.3593750000,164152.0468750000,131507.8906250000,119653.3359375000,132313.6250000000,154293.6875000000,,,
16.8519999727,131,175774.6562500000,213060.2500000000,165553.2343750000,164649.7343750000,132019.6093750000,120127.0625000000,132848.4062500000,153646.2031250000,,,
16.8559999729,131,176158.3593750000,200156.8125000000,166104.7500000000,165474.0312500000,132799.4531250000,120877.6250000000,133692.8750000000,150765.7812500000,,,
16.8599999729,131,176185.7187500000,185574.0937500000,166110.6562500000,165536.7968750000,132834.5468750000,120927.7578125000,133752.0468750000,149183.5468750000,,,
16.8639999728,131,175782.9843750000,191569.8593750000,165477.6718750000,164616.0156250000,131927.4687500000,120069.2890625000,132783.8437500000,151613.4375000000,,,
16.8679999728,131,175556.3906250000,208786.2343750000,165191.4843750000,164142.4687500000,131512.1250000000,119648.7734375000,132312.7968750000,154295.1875000000,,,
16.8719999727,131,175783.3593750000,213045.6875000000,165566.4843750000,164654.9062500000,132030.6250000000,120132.0781250000,132856.1875000000,153662.4375000000,,,
16.8759999727,131,176156.5468750000,200158.9687500000,166106.5468750000,165459.6718750000,132799.9687500000,120878.0078125000,133690.3281250000,150775.9218750000,,,
16.8799999729,131,176166.8437500000,185554.7031250000,166096.1875000000,165513.6093750000,132821.5625000000,120915.8203125000,133735.8437500000,149171.8750000000,,,
16.8839999728,131,175768.6406250000,191459.1875000000,165470.5625000000,164600.7500000000,131922.5312500000,120066.2578125000,132780.4218750000,151592.3125000000,,,
16.8879999728,131,175545.3281250000,208705.7968750000,165182.0937500000,164139.4062500000,131505.9843750000,119649.9843750000,132310.9687500000,154293.8281250000,,,
16.8919999728,131,175773.6875000000,213072.5937500000,165553.5312500000,164653.4062500000,132021.9687500000,120130.3671875000,132849.9843750000,153683.4375000000,,,
16.8959999727,132,176142.2500000000,200258.9843750000,166088.7031250000,165454.6093750000,132786.6406250000,120870.3046875000,133680.1406250000,150793.0625000000,,,
16.8999999727,132,176160.2187500000,185578.2656250000,166090.1562500000,165513.0468750000,132821.1250000000,120917.3515625000,133740.5312500000,149169.5000000000,,,
16.9039999726,132,175774.3281250000,191367.0625000000,165478.5937500000,164620.1406250000,131936.4062500000,120074.0937500000,132799.2500000000,151579.3281250000,,,
16.9079999726,132,175555.7812500000,208660.1406250000,165194.2968750000,164159.0781250000,131519.0312500000,119653.6562500000,132325.9375000000,154299.0312500000,,,
16.9119999725,132,175778.1406250000,213126.5000000000,165558.4062500000,164652.7656250000,132023.9218750000,120126.7421875000,132855.3906250000,153697.3281250000,,,
16.9159999725,132,176139.9062500000,200375.7343750000,166088.1718750000,165448.0156250000,132782.0468750000,120863.0625000000,133680.6250000000,150802.0937500000,,,
16.9199999727,132,176158.8750000000,185608.4843750000,166087.0156250000,165515.0625000000,132816.0937500000,120913.3515625000,133741.6093750000,149155.0937500000,,,
16.9239999726,132,175762.1250000000,191293.7812500000,165461.2343750000,164605.2656250000,131918.7343750000,120064.3828125000,132790.5000000000,151545.5781250000,,,
16.9279999726,132,175545.4062500000,208612.7812500000,165181.4843750000,164136.1718750000,131505.1250000000,119650.1718750000,132320.0625000000,154283.7187500000,,,
16.9319999726,132,175770.6562500000,213192.0312500000,165550.8750000000,164632.7031250000,132015.7656250000,120124.9218750000,132850.0468750000,153709.9843750000,,,
16.9359999725,132,176142.5937500000,200535.2187500000,166092.5468750000,165439.4843750000,132788.1718750000,120875.3515625000,133686.3906250000,150830.3906250000,,,
16.9399999727,132,176171.9062500000,185650.1406250000,166106.1406250000,165532.2343750000,132837.4687500000,120941.7578125000,133763.8281250000,149161.1718750000,,,
16.9439999727,132,175774.9218750000,191214.8750000000,165476.2500000000,164641.3281250000,131933.5312500000,120086.4062500000,132805.0625000000,151538.6875000000,,,
16.9479999726,132,175556.0781250000,208587.4843750000,165190.3593750000,164165.7031250000,131508.6250000000,119658.1328125000,132324.5156250000,154292.5625000000,,,
16.9519999726,132,175767.5468750000,213279.6562500000,165544.7031250000,164636.1250000000,132002.2812500000,120118.3515625000,132843.5000000000,153725.3906250000,,,
16.9559999725,132,176139.5937500000,200709.4843750000,166089.0000000000,165446.2656250000,132777.4843750000,120868.8281250000,133684.4062500000,150847.9375000000,,,
16.9599999725,132,176162.7968750000,185683.7968750000,166096.7031250000,165537.2656250000,132826.0468750000,120934.0859375000,133759.0468750000,149142.7031250000,,,
16.9639999727,132,175764.5937500000,191125.1718750000,165467.7968750000,164619.7656250000,131925.6250000000,120082.6718750000,132805.3125000000,151509.1093750000,,,
16.9679999726,132,175541.2500000000,208505.1406250000,165177.0000000000,164128.3125000000,131497.0781250000,119651.9375000000,132319.5312500000,154277.1718750000,,,
16.9719999726,132,175760.8125000000,213296.9843750000,165538.9843750000,164618.2656250000,131999.9687500000,120115.2656250000,132842.3750000000,153735.7343750000,,,
16.9759999726,132,176132.5625000000,200822.6718750000,166078.8125000000,165431.9218750000,132772.5625000000,120866.4687500000,133677.5312500000,150865.9375000000,,,
16.9799999725,132,176162.4687500000,185728.5625000000,166093.7187500000,165530.3593750000,132829.0781250000,120938.8359375000,133759.2656250000,149141.1718750000,,,
16.9839999727,132,175770.9531250000,191054.5312500000,165469.9531250000,164634.1718750000,131932.7500000000,120087.2343750000,132806.4375000000,151494.4531250000,,,
16.9879999727,132,175539.0468750000,208443.4843750000,165166.7812500000,164143.4062500000,131488.5000000000,119640.5937500000,132302.3906250000,154263.6250000000,,,
16.9919999726,132,175749.6562500000,213259.7031250000,165518.2343750000,164624.0937500000,131977.9531250000,120094.2656250000,132809.8437500000,153721.4218750000,,,
16.9959999726,132,176123.2812500000,200761.4687500000,166061.7500000000,165432.9375000000,132752.3125000000,120841.9296875000,133647.5468750000,150850.4375000000,,,
16.9999999725,132,176156.7343750000,185723.9218750000,166084.5781250000,165529.5468750000,132815.9531250000,120916.9531250000,133736.6562500000,149136.2031250000,,,
17.0039999725,132,175775.3437500000,190958.3750000000,165477.3281250000,164636.0000000000,131938.2812500000,120080.6640625000,132803.2656250000,151475.5781250000,,,
17.0079999727,132,175556.6875000000,208361.3750000000,165189.3125000000,164148.6093750000,131507.9218750000,119647.6484375000,132314.1718750000,154269.4531250000,,,
17.0119999726,132,175775.1093750000,213237.9531250000,165547.2187500000,164631.5781250000,132003.2656250000,120111.0781250000,132826.6562500000,153749.1718750000,,,
17.0159999726,132,176153.5156250000,200746.1562500000,166095.8906250000,165446.2656250000,132783.3906250000,120865.3437500000,133671.5000000000,150882.9218750000,,,
17.0199999725,132,176195.8125000000,185737.2031250000,166126.8437500000,165552.5156250000,132856.0781250000,120954.7656250000,133771.3593750000,149179.6875000000,,,
17.0239999725,133,175799.8593750000,190867.0468750000,165499.8281250000,164660.2187500000,131962.8750000000,120109.4140625000,132826.5468750000,151492.3437500000,,,
17.0279999725,133,175559.5937500000,208287.0781250000,165186.2031250000,164152.9531250000,131507.6562500000,119652.5859375000,132315.7031250000,154277.8437500000,,,
17.0319999724,133,175765.6093750000,213254.0156250000,165535.2656250000,164619.0156250000,131994.3437500000,120106.6250000000,132823.5781250000,153760.7031250000,,,
17.0359999724,133,176144.9218750000,200827.7187500000,166086.1875000000,165435.6250000000,132777.8125000000,120867.9687500000,133672.6562500000,150900.1093750000,,,
17.0399999723,133,176180.9531250000,185764.7031250000,166111.1875000000,165543.8437500000,132846.6406250000,120950.5546875000,133768.2968750000,149171.9062500000,,,
17.0439999723,133,175790.5312500000,190789.4218750000,165493.7343750000,164648.3906250000,131960.6250000000,120107.9687500000,132829.2343750000,151468.0937500000,,,
17.0479999725,133,175561.0937500000,208220.0781250000,165193.3906250000,164145.2343750000,131515.2656250000,119655.5859375000,132328.3593750000,154274.0625000000,,,
17.0519999724,133,175766.5781250000,213312.3281250000,165538.2968750000,164613.3125000000,131996.4375000000,120100.6484375000,132831.0000000000,153780.5312500000,,,
17.0559999724,133,176143.7812500000,201044.3125000000,166087.3906250000,165426.5468750000,132777.4687500000,120860.9687500000,133674.8281250000,150928.9375000000,,,
17.0599999723,133,176176.7187500000,185832.2343750000,166111.4531250000,165535.4687500000,132850.9843750000,120952.2734375000,133775.4843750000,149157.9062500000,,,
17.0639999723,133,175784.6562500000,190706.4531250000,165488.1406250000,164644.5312500000,131960.5156250000,120111.6953125000,132832.2968750000,151440.5156250000,,,
17.0679999725,133,175548.1562500000,208150.6406250000,165176.3750000000,164134.7500000000,131502.5625000000,119650.6250000000,132318.0781250000,154255.5468750000,,,
17.0719999725,133,175757.8593750000,213336.0468750000,165526.4062500000,164606.2031250000,131986.9843750000,120100.7812500000,132823.7031250000,153783.4062500000,,,
17.0759999724,133,176132.8281250000,201136.8906250000,166075.5625000000,165419.9218750000,132767.2968750000,120856.1406250000,133670.6406250000,150937.2031250000,,,
17.0799999724,133,176173.5781250000,185906.4531250000,166110.8125000000,165542.4531250000,132851.4375000000,120951.5468750000,133781.2500000000,149158.5000000000,,,
17.0839999723,133,175798.5000000000,190663.0312500000,165509.8281250000,164663.6250000000,131981.9687500000,120127.6796875000,132856.1562500000,151429.6562500000,,,
17.0879999723,133,175559.2968750000,208106.7031250000,165192.4687500000,164150.5937500000,131515.6406250000,119661.3515625000,132328.2500000000,154257.5312500000,,,
17.0919999725,133,175756.4062500000,213413.2343750000,165526.5468750000,164610.1718750000,131982.1875000000,120094.3984375000,132814.5937500000,153804.0781250000,,,
17.0959999724,133,176125.7968750000,201376.1718750000,166065.2656250000,165416.9687500000,132754.2031250000,120848.4453125000,133652.6718750000,150976.0468750000,,,
17.0999999724,133,176161.8593750000,186024.1250000000,166096.4531250000,165535.9843750000,132839.8750000000,120948.1718750000,133767.3125000000,149158.8437500000,,,
17.1039999723,133,175774.5468750000,190610.7500000000,165483.5468750000,164655.0156250000,131960.7031250000,120107.1406250000,132834.7812500000,151391.4375000000,,,
17.1079999723,133,175538.1562500000,208033.1562500000,165169.7343750000,164148.2656250000,131495.2656250000,119637.3203125000,132311.3281250000,154228.6250000000,,,
17.1119999725,133,175739.5625000000,213408.1406250000,165510.4218750000,164603.3281250000,131964.8593750000,120074.5468750000,132801.2343750000,153797.0000000000,,,
17.1159999724,133,176114.6250000000,201396.1093750000,166059.5468750000,165409.7031250000,132743.4218750000,120832.6484375000,133644.1093750000,150974.8906250000,,,
17.1199999724,133,176170.0312500000,186077.2812500000,166109.1718750000,165547.0937500000,132846.6875000000,120951.4453125000,133777.4531250000,149172.4218750000,,,
17.1239999724,133,175790.4218750000,190549.8906250000,165503.2968750000,164672.8281250000,131978.5937500000,120124.4140625000,132857.8281250000,151387.4687500000,,,
17.1279999723,133,175545.2656250000,207944.8593750000,165180.5937500000,164135.6250000000,131504.9375000000,119645.3437500000,132323.8281250000,154223.1562500000,,,
17.1319999723,133,175733.7656250000,213351.2812500000,165506.1562500000,164582.5468750000,131961.1093750000,120070.1796875000,132799.0781250000,153791.1250000000,,,
17.1359999725,133,176106.7031250000,201337.1718750000,166049.5156250000,165395.3593750000,132736.3125000000,120827.1250000000,133640.3125000000,150966.0312500000,,,
17.1399999724,133,176152.5781250000,186066.1718750000,166090.7968750000,165529.2812500000,132829.5312500000,120934.6796875000,133759.7187500000,149156.8125000000,,,
17.1439999724,133,175769.7187500000,190447.5156250000,165485.0468750000,164653.0312500000,131960.2968750000,120107.1406250000,132838.4375000000,151349.1093750000,,,
17.1479999723,133,175537.0000000000,207847.6562500000,165173.8281250000,164136.7500000000,131496.2343750000,119637.2109375000,132318.1562500000,154201.7968750000,,,
17.1519999723,134,175740.5625000000,213341.6718750000,165512.7031250000,164590.8593750000,131966.0156250000,120078.3828125000,132806.0000000000,153800.1093750000,,,
17.1559999723,134,176129.1093750000,201415.8437500000,166071.2500000000,165415.9531250000,132756.0937500000,120852.5468750000,133661.4375000000,151000.0937500000,,,
17.1599999722,134,176174.9218750000,186115.0000000000,166114.0000000000,165548.9687500000,132853.1562500000,120960.7734375000,133789.7343750000,149175.1562500000,,,
17.1639999722,134,175789.9687500000,190374.0468750000,165500.8437500000,164664.5312500000,131980.5000000000,120141.5234375000,132866.0312500000,151349.2656250000,,,
17.1679999721,134,175540.8906250000,207775.4531250000,165170.8281250000,164128.5000000000,131498.6093750000,119661.8359375000,132329.8281250000,154205.1562500000,,,
17.1719999721,134,175735.0312500000,213364.0781250000,165503.5000000000,164577.6250000000,131959.2812500000,120090.3984375000,132809.7031250000,153812.3437500000,,,
17.1759999723,134,176122.2031250000,201527.3437500000,166066.0937500000,165407.1875000000,132750.5625000000,120859.4453125000,133667.8750000000,151013.9687500000,,,
17.1799999722,134,176174.9687500000,186167.7031250000,166115.9531250000,165550.4218750000,132856.1562500000,120979.5546875000,133808.0468750000,149174.0468750000,,,
17.1839999722,134,175789.9687500000,190298.9687500000,165502.7500000000,164672.4687500000,131983.3437500000,120159.2500000000,132886.1718750000,151327.7812500000,,,
17.1879999721,134,175539.6093750000,207718.7187500000,165170.1562500000,164124.6875000000,131495.5625000000,119665.6484375000,132340.2343750000,154195.1406250000,,,
17.1919999721,134,175740.0156250000,213391.6718750000,165508.1718750000,164577.2031250000,131961.8906250000,120089.2968750000,132826.1250000000,153821.8593750000,,,
17.1959999723,134,176129.7812500000,201627.6093750000,166068.3437500000,165402.7812500000,132754.4218750000,120859.4453125000,133683.7500000000,151031.2187500000,,,
17.1999999722,134,176193.7500000000,186225.9531250000,166131.8437500000,165561.6250000000,132875.8437500000,120992.3750000000,133838.6562500000,149184.8593750000,,,
17.2039999722,134,175806.0000000000,190245.8437500000,165518.5312500000,164684.8593750000,132004.4531250000,120166.5781250000,132918.6093750000,151319.8125000000,,,
17.2079999722,134,175543.3125000000,207662.6875000000,165173.2187500000,164125.3593750000,131501.7187500000,119667.2812500000,132359.0625000000,154189.8437500000,,,
17.2119999721,134,175739.5625000000,213430.7968750000,165506.6406250000,164577.5000000000,131960.8593750000,120094.8281250000,132836.3593750000,153833.9062500000,,,
17.2159999721,134,176123.7656250000,201740.2812500000,166062.3125000000,165404.6093750000,132747.0156250000,120858.7734375000,133688.9843750000,151044.9687500000,,,
17.2199999723,134,176178.8281250000,186272.3593750000,166116.8437500000,165563.9062500000,132862.2812500000,120991.6250000000,133835.7031250000,149172.9218750000,,,
17.2239999722,134,175797.2656250000,190149.1250000000,165513.0468750000,164692.9375000000,132000.4062500000,120175.3437500000,132928.0156250000,151291.9218750000,,,
17.2279999722,134,175539.0937500000,207578.7031250000,165170.9687500000,164119.3437500000,131498.3437500000,119675.0078125000,132368.3437500000,154182.2500000000,,,
17.2319999721,134,175728.0312500000,213440.3750000000,165493.9062500000,164553.2031250000,131946.8125000000,120095.9218750000,132838.0625000000,153844.5000000000,,,
17.2359999721,134,176117.4375000000,201835.2031250000,166057.5937500000,165380.2812500000,132742.7812500000,120872.1015625000,133708.7500000000,151068.5000000000,,,
17.2399999723,134,176188.8593750000,186310.3750000000,166129.3750000000,165547.8750000000,132877.8593750000,121015.8984375000,133877.8437500000,149186.3906250000,,,
17.2439999722,134,175806.4062500000,190069.1093750000,165522.8437500000,164685.3437500000,132014.7500000000,120198.1171875000,132964.0468750000,151288.4062500000,,,
17.2479999722,134,175550.1406250000,207499.1250000000,165183.2812500000,164137.0000000000,131516.8750000000,119706.7656250000,132417.7812500000,154193.8125000000,,,
17.2519999722,134,175743.3750000000,213433.3593750000,165510.6718750000,164577.6562500000,131971.6250000000,120133.2343750000,132899.4843750000,153874.8125000000,,,
17.2559999721,134,176134.8750000000,201886.7968750000,166077.3281250000,165413.3593750000,132770.0625000000,120904.6406250000,133766.1875000000,151104.9687500000,,,
17.2599999721,134,176206.6406250000,186336.5156250000,166155.0625000000,165582.3281250000,132908.7812500000,121048.9375000000,133938.1093750000,149210.1562500000,,,
17.2639999723,134,175830.2187500000,189988.6093750000,165557.9843750000,164726.0156250000,132054.9375000000,120238.8593750000,133038.3437500000,151299.1718750000,,,
17.2679999722,134,175578.7343750000,207444.7343750000,165219.8281250000,164165.6406250000,131554.5312500000,119743.1875000000,132486.0625000000,154221.9687500000,,,
17.2719999722,134,175773.0625000000,213473.8593750000,165547.6875000000,164598.7343750000,132007.2656250000,120160.4062500000,132962.1093750000,153916.9531250000,,,
17.2759999721,134,176157.8593750000,201969.0468750000,166105.2343750000,165426.0625000000,132797.5000000000,120922.6640625000,133820.4218750000,151138.0937500000,,,
17.2799999721,135,176222.5000000000,186380.2187500000,166172.5000000000,165592.1718750000,132930.7187500000,121070.2343750000,133988.0000000000,149223.8125000000,,,
17.2839999720,135,175845.9375000000,189912.5156250000,165572.9531250000,164737.6562500000,132076.4375000000,120265.0156250000,133085.4843750000,151293.6875000000,,,
17.2879999720,135,175581.3750000000,207392.4843750000,165217.8750000000,164170.1562500000,131558.1093750000,119748.8750000000,132507.6406250000,154222.3125000000,,,
17.2919999720,135,175766.6875000000,213524.2812500000,165532.6875000000,164595.0625000000,131997.1875000000,120155.8984375000,132962.4531250000,153929.0468750000,,,
17.2959999719,135,176150.4843750000,202077.8437500000,166090.4218750000,165407.7187500000,132788.7343750000,120921.8281250000,133815.3750000000,151148.9687500000,,,
17.2999999719,135,176210.1562500000,186392.6562500000,166156.0000000000,165571.2343750000,132919.8593750000,121063.2343750000,133975.8281250000,149206.4218750000,,,
17.3039999721,135,175840.1562500000,189832.4062500000,165566.7187500000,164715.2812500000,132073.2031250000,120256.5625000000,133079.3281250000,151274.8437500000,,,
17.3079999720,135,175582.7968750000,207353.0000000000,165220.5625000000,164151.4062500000,131559.8437500000,119739.4296875000,132504.1718750000,154224.9687500000,,,
17.3119999720,135,175768.2187500000,213560.0000000000,165538.7500000000,164579.6093750000,131998.9843750000,120138.9765625000,132955.2656250000,153941.4375000000,,,
17.3159999719,135,176147.6406250000,202156.7343750000,166090.4218750000,165408.9531250000,132784.4687500000,120897.6093750000,133801.2968750000,151158.7812500000,,,
17.3199999719,135,176219.8437500000,186422.5156250000,166168.2031250000,165595.5312500000,132929.2812500000,121054.0625000000,133976.3906250000,149208.9531250000,,,
17.3239999721,135,175838.3593750000,189757.1875000000,165563.3750000000,164739.9375000000,132068.0937500000,120241.2734375000,133063.7968750000,151253.8437500000,,,
17.3279999720,135,175568.7968750000,207287.9218750000,165200.9843750000,164172.3437500000,131535.8906250000,119708.9062500000,132463.4375000000,154205.1250000000,,,
17.3319999720,135,175746.3593750000,213577.5156250000,165508.9687500000,164578.1718750000,131966.7343750000,120105.1484375000,132904.5156250000,153933.8437500000,,,
17.3359999720,135,176131.9531250000,202224.1093750000,166071.3593750000,165396.5156250000,132763.1406250000,120875.2968750000,133764.8906250000,151161.3750000000,,,
17.3399999719,135,176213.2968750000,186465.7968750000,166160.5312500000,165585.9062500000,132920.0781250000,121037.8906250000,133948.1406250000,149209.1093750000,,,
17.3439999719,135,175839.8593750000,189677.4843750000,165565.7031250000,164729.0468750000,132069.9218750000,120229.3906250000,133045.0937500000,151239.9687500000,,,
17.3479999721,135,175574.1562500000,207214.1406250000,165203.3125000000,164149.8437500000,131537.3437500000,119704.3750000000,132448.5156250000,154210.1093750000,,,
17.3519999720,135,175753.7812500000,213586.1875000000,165512.9531250000,164566.1250000000,131967.0156250000,120099.7890625000,132891.9218750000,153956.7500000000,,,
17.3559999720,135,176138.4375000000,202317.5781250000,166073.2656250000,165396.0000000000,132758.4687500000,120863.0078125000,133743.5156250000,151186.5937500000,,,
17.3599999719,135,176214.4218750000,186527.7031250000,166157.6093750000,165598.0468750000,132910.7656250000,121022.4375000000,133925.0156250000,149206.6406250000,,,
17.3639999719,135,175843.3906250000,189618.6250000000,165566.3281250000,164760.4218750000,132061.8750000000,120216.1406250000,133024.8750000000,151210.3281250000,,,
17.3679999721,135,175572.9687500000,207156.6875000000,165197.3593750000,164165.9062500000,131520.1250000000,119680.0468750000,132416.5000000000,154184.7343750000,,,
17.3719999720,135,175747.4531250000,213618.1562500000,165499.9375000000,164563.8750000000,131944.3906250000,120070.0390625000,132850.4531250000,153947.0781250000,,,
17.3759999720,135,176136.5937500000,202427.2343750000,166064.4843750000,165391.8906250000,132744.6562500000,120841.8984375000,133712.1562500000,151192.6875000000,,,
17.3799999719,135,176215.0937500000,186579.6875000000,166153.6406250000,165592.3593750000,132906.7187500000,121011.1484375000,133903.9687500000,149202.0468750000,,,
17.3839999719,135,175835.3437500000,189539.8281250000,165554.9687500000,164744.3593750000,132053.8593750000,120203.2109375000,132999.1562500000,151185.0625000000,,,
17.3879999719,135,175564.8750000000,207067.8593750000,165189.3906250000,164144.8906250000,131514.3906250000,119666.4765625000,132396.0781250000,154170.0625000000,,,
17.3919999721,135,175746.3593750000,213618.7656250000,165501.2812500000,164559.4687500000,131945.6093750000,120067.3359375000,132839.3437500000,153960.3437500000,,,
17.3959999720,135,176120.4687500000,202491.4687500000,166052.2500000000,165393.3750000000,132732.4843750000,120826.0234375000,133690.2812500000,151200.4687500000,,,
17.3999999720,135,176199.2500000000,186602.4531250000,166142.1093750000,165591.7187500000,132898.3281250000,121003.7421875000,133889.4062500000,149195.2343750000,,,
17.4039999719,135,175818.2343750000,189438.1718750000,165541.5156250000,164730.2187500000,132046.7500000000,120198.4687500000,132986.7812500000,151155.7500000000,,,
17.4079999719,136,175542.5000000000,206969.4375000000,165167.9375000000,164134.9531250000,131498.5937500000,119654.3281250000,132372.5625000000,154148.7187500000,,,
17.4119999718,136,175717.6250000000,213669.1718750000,165470.5468750000,164536.2187500000,131916.3750000000,120038.3359375000,132800.4531250000,153962.3281250000,,,
17.4159999718,136,176101.8281250000,202824.9687500000,166030.8281250000,165368.4843750000,132707.8593750000,120799.4140625000,133653.7968750000,151241.9843750000,,,
17.4199999718,136,176188.2656250000,186700.3593750000,166134.3593750000,165587.1562500000,132889.4218750000,120985.3203125000,133871.2968750000,149171.8593750000,,,
17.4239999717,136,175822.8750000000,189349.7187500000,165548.3281250000,164739.9062500000,132048.5000000000,120191.4140625000,132982.0156250000,151122.7031250000,,,
17.4279999717,136,175552.7031250000,206877.6093750000,165178.2812500000,164132.5937500000,131500.9531250000,119651.6171875000,132371.8125000000,154136.2500000000,,,
17.4319999719,136,175720.5468750000,213711.0625000000,165469.7812500000,164526.2968750000,131906.8437500000,120031.3125000000,132789.5625000000,153979.7968750000,,,
17.4359999718,136,176104.2187500000,203110.3906250000,166027.3437500000,165357.1875000000,132698.1562500000,120797.5625000000,133642.8281250000,151288.1718750000,,,
17.4399999718,136,176198.9687500000,186791.9062500000,166140.7500000000,165597.2968750000,132897.7812500000,121000.6640625000,133875.2187500000,149170.3437500000,,,
17.4439999717,136,175829.0468750000,189272.2031250000,165551.5468750000,164757.3593750000,132054.0468750000,120200.4218750000,132982.3125000000,151105.1093750000,,,
17.4479999717,136,175560.2343750000,206798.5312500000,165184.1093750000,164159.0000000000,131506.4687500000,119653.3906250000,132370.1406250000,154134.6875000000,,,
17.4519999719,136,175724.1093750000,213701.6250000000,165472.6093750000,164539.0937500000,131908.5312500000,120020.0468750000,132780.9218750000,153987.3906250000,,,
17.4559999718,136,176097.4843750000,203109.4687500000,166021.0937500000,165361.5625000000,132689.0625000000,120773.0781250000,133621.9531250000,151285.2968750000,,,
17.4599999718,136,176190.3437500000,186815.5937500000,166131.5468750000,165607.5468750000,132884.7812500000,120980.5468750000,133853.6250000000,149167.3125000000,,,
17.4639999717,136,175824.8125000000,189190.4687500000,165542.7656250000,164774.7500000000,132044.3593750000,120195.8671875000,132966.3437500000,151085.9531250000,,,
17.4679999717,136,175549.3125000000,206713.8281250000,165164.5312500000,164174.1718750000,131484.0468750000,119649.5000000000,132345.4218750000,154123.7968750000,,,
17.4719999717,136,175711.1406250000,213609.5000000000,165456.2187500000,164566.0937500000,131889.5000000000,120023.5078125000,132766.8906250000,153972.6250000000,,,
17.4759999719,136,176076.2031250000,202799.3906250000,165999.0625000000,165377.7812500000,132666.9843750000,120775.8906250000,133609.3750000000,151235.4062500000,,,
17.4799999718,136,176161.1093750000,186767.4218750000,166100.4843750000,165583.0781250000,132848.5156250000,120968.9296875000,133825.3750000000,149168.4218750000,,,
17.4839999718,136,175795.9687500000,189110.0000000000,165517.5625000000,164751.0625000000,132019.3125000000,120190.8515625000,132951.4531250000,151057.1718750000,,,
17.4879999717,136,175523.9218750000,206630.2500000000,165143.9531250000,164153.1718750000,131466.1875000000,119636.5703125000,132337.3750000000,154095.6406250000,,,
17.4919999717,136,175696.9218750000,213550.9062500000,165445.6250000000,164543.6250000000,131883.5937500000,120014.8671875000,132764.8281250000,153955.9218750000,,,
17.4959999719,136,176077.7343750000,202650.8750000000,166004.7500000000,165371.8593750000,132676.4218750000,120777.9296875000,133617.6093750000,151219.6093750000,,,
17.4999999718,136,176170.0312500000,186771.7812500000,166110.4687500000,165589.7343750000,132859.0781250000,120968.2890625000,133830.9218750000,149189.0781250000,,,
17.5039999718,136,175810.9375000000,189061.4531250000,165533.0312500000,164763.6406250000,132037.3125000000,120193.9843750000,132961.8125000000,151059.1562500000,,,
17.5079999717,136,175542.5312500000,206566.4687500000,165161.1250000000,164157.4687500000,131480.0468750000,119641.9375000000,132340.7187500000,154103.2343750000,,,
17.5119999717,136,175715.0000000000,213585.8906250000,165461.1250000000,164545.9531250000,131892.9843750000,120018.7578125000,132764.2187500000,153984.9375000000,,,
17.5159999717,136,176100.4062500000,202818.1093750000,166022.0781250000,165368.7968750000,132687.9843750000,120786.9453125000,133620.6406250000,151267.7812500000,,,
17.5199999718,136,176186.9062500000,186892.1718750000,166125.6093750000,165588.3125000000,132870.7187500000,120978.1875000000,133837.7656250000,149210.3125000000,,,
17.5239999718,136,175818.7656250000,189035.6250000000,165543.6250000000,164763.7187500000,132045.5156250000,120195.3281250000,132967.4687500000,151045.6250000000,,,
17.5279999718,136,175540.5468750000,206510.5937500000,165158.8906250000,164143.9531250000,131478.3906250000,119632.6562500000,132337.8750000000,154087.5937500000,,,
17.5319999717,136,175706.5156250000,213644.0468750000,165451.5156250000,164528.0156250000,131882.2500000000,119997.0312500000,132754.0000000000,153989.6875000000,,,
17.5359999717,137,176094.3906250000,203084.9843750000,166019.1093750000,165357.6250000000,132682.6718750000,120769.0781250000,133617.4531250000,151303.2500000000,,,
17.5399999716,137,176208.8437500000,187024.7812500000,166155.6093750000,165619.4062500000,132903.9843750000,120996.3125000000,133872.2031250000,149228.0937500000,,,
17.5439999716,137,175849.8281250000,188980.9375000000,165583.7812500000,164802.2968750000,132090.0937500000,120221.2343750000,133013.3437500000,151045.0000000000,,,
17.5479999715,137,175556.8593750000,206419.9687500000,165181.3750000000,164159.2031250000,131503.1718750000,119642.3359375000,132365.1562500000,154085.5000000000,,,
17.5519999715,137,175720.5000000000,213677.8906250000,165465.5781250000,164529.8125000000,131895.9375000000,120001.0546875000,132765.4218750000,154016.4843750000,,,
17.5559999715,137,176116.5000000000,203292.6093750000,166038.9218750000,165360.6250000000,132701.3125000000,120778.9765625000,133629.6093750000,151354.1562500000,,,
17.5599999717,137,176210.8906250000,187105.2968750000,166156.4062500000,165607.6250000000,132906.5625000000,120995.6484375000,133872.8593750000,149225.0937500000,,,
17.5639999716,137,175837.0156250000,188905.2187500000,165566.1093750000,164785.7187500000,132074.8906250000,120215.0703125000,132997.4375000000,151014.4218750000,,,
17.5679999716,137,175545.6093750000,206342.4218750000,165164.6562500000,164151.6718750000,131486.6250000000,119637.4531250000,132345.9218750000,154071.7656250000,,,
17.5719999715,137,175705.3125000000,213700.2343750000,165447.3593750000,164534.7968750000,131875.1718750000,119991.9609375000,132747.1250000000,154020.1875000000,,,
17.5759999715,137,176094.9375000000,203406.1875000000,166016.7187500000,165360.5625000000,132676.7812500000,120767.3593750000,133613.4218750000,151359.0937500000,,,
17.5799999717,137,176200.6093750000,187176.7500000000,166150.2968750000,165615.3750000000,132899.7968750000,120998.4609375000,133873.4375000000,149219.8593750000,,,
17.5839999716,137,175827.5156250000,188859.5625000000,165560.6093750000,164786.6250000000,132072.8750000000,120224.6953125000,133004.2656250000,150995.0625000000,,,
17.5879999716,137,175532.2812500000,206290.9531250000,165156.3125000000,164140.7031250000,131480.9062500000,119642.7890625000,132351.5781250000,154059.0000000000,,,
17.5919999715,137,175693.2656250000,213697.1406250000,165439.2656250000,164506.7187500000,131869.3750000000,119996.3593750000,132747.7187500000,154014.8437500000,,,
17.5959999715,137,176080.6093750000,203407.0937500000,166002.3750000000,165331.6875000000,132664.1875000000,120763.6875000000,133601.7343750000,151349.2656250000,,,
17.5999999715,137,176181.9218750000,187212.2656250000,166129.6875000000,165587.0781250000,132878.5312500000,120984.2500000000,133853.2656250000,149203.9531250000,,,
17.6039999716,137,175826.3281250000,188786.5312500000,165561.8125000000,164787.5156250000,132069.3125000000,120219.2812500000,133000.8593750000,150963.5625000000,,,
17.6079999716,137,175538.2968750000,206208.9062500000,165160.9531250000,164148.4531250000,131479.1875000000,119639.8437500000,132347.4218750000,154044.2812500000,,,
17.6119999716,137,175699.4687500000,213686.4687500000,165443.1875000000,164508.4375000000,131868.3281250000,119996.7109375000,132744.5312500000,154020.8906250000,,,
17.6159999715,137,176084.7187500000,203407.4375000000,166007.0156250000,165337.3125000000,132666.2656250000,120766.6406250000,133605.6718750000,151355.8125000000,,,
17.6199999715,137,176195.4375000000,187233.0468750000,166143.2968750000,165605.6406250000,132893.0468750000,121004.1484375000,133871.7812500000,149224.7187500000,,,
17.6239999717,137,175839.1875000000,188714.6406250000,165573.8125000000,164807.4218750000,132086.1562500000,120241.0625000000,133020.0468750000,150968.4843750000,,,
17.6279999716,137,175558.5937500000,206124.5937500000,165178.2656250000,164161.8437500000,131499.4218750000,119660.3593750000,132365.0000000000,154059.1875000000,,,
17.6319999716,137,175715.7812500000,213679.7968750000,165457.6093750000,164520.7968750000,131883.7187500000,120007.1406250000,132760.4531250000,154045.7812500000,,,
17.6359999715,137,176106.0312500000,203507.0312500000,166023.7656250000,165351.0000000000,132683.5937500000,120779.9453125000,133622.2812500000,151394.1093750000,,,
17.6399999715,137,176211.3437500000,187290.1562500000,166154.8281250000,165609.1250000000,132905.9218750000,121009.0000000000,133881.1093750000,149233.2812500000,,,
17.6439999714,137,175845.7500000000,188631.9531250000,165579.7343750000,164800.0156250000,132092.5312500000,120240.1718750000,133023.6406250000,150947.0937500000,,,
17.6479999716,137,175547.5937500000,206022.1406250000,165167.0781250000,164142.7968750000,131486.5468750000,119642.5000000000,132350.6406250000,154036.5000000000,,,
17.6519999716,137,175692.1718750000,213660.1250000000,165431.0312500000,164495.0781250000,131855.7187500000,119979.8125000000,132727.0468750000,154035.1562500000,,,
17.6559999716,137,176074.8906250000,203572.2656250000,165991.8593750000,165327.8437500000,132650.0625000000,120749.8750000000,133581.5937500000,151385.9375000000,,,
17.6599999715,137,176186.7500000000,187325.6875000000,166130.7343750000,165589.2500000000,132883.1406250000,120992.3984375000,133851.4687500000,149213.4062500000,,,
17.6639999715,138,175846.3437500000,188545.2187500000,165582.2500000000,164805.3750000000,132098.1093750000,120252.8593750000,133026.5156250000,150925.9843750000,,,
17.6679999714,138,175568.9218750000,205935.6718750000,165190.3281250000,164168.7500000000,131510.2343750000,119670.2031250000,132374.8906250000,154046.7656250000,,,
17.6719999714,138,175723.1250000000,213676.0312500000,165458.6250000000,164518.0937500000,131881.6406250000,120009.0468750000,132753.4843750000,154075.3906250000,,,
17.6759999713,138,176102.2031250000,203692.8593750000,166012.4843750000,165336.2656250000,132671.5468750000,120777.0468750000,133608.3281250000,151435.9531250000,,,
17.6799999713,138,176219.3906250000,187413.7187500000,166160.5156250000,165617.9843750000,132915.6562500000,121027.5078125000,133894.1250000000,149250.5781250000,,,
17.6839999713,138,175867.0468750000,188511.7968750000,165599.6875000000,164820.0468750000,132120.3281250000,120275.6093750000,133056.7031250000,150935.3750000000,,,
17.6879999714,138,175571.8281250000,205888.8281250000,165188.3906250000,164165.3281250000,131512.3281250000,119676.4531250000,132381.5468750000,154048.6406250000,,,
17.6919999714,138,175716.0156250000,213709.0625000000,165452.7812500000,164506.3593750000,131877.8593750000,120013.4453125000,132757.1875000000,154084.5625000000,,,
17.6959999714,138,176096.5156250000,203804.5625000000,166011.2968750000,165326.0000000000,132672.0781250000,120783.0781250000,133619.4687500000,151451.1875000000,,,
17.6999999713,138,176218.1250000000,187483.3750000000,166162.4375000000,165614.2031250000,132922.9687500000,121041.0312500000,133912.8906250000,149249.6093750000,,,
17.7039999713,138,175876.2500000000,188466.6250000000,165611.8437500000,164835.5468750000,132137.9218750000,120307.6875000000,133090.0781250000,150925.6093750000,,,
17.7079999715,138,175576.7812500000,205841.4687500000,165194.9375000000,164173.2343750000,131522.3750000000,119710.0078125000,132417.5625000000,154051.6562500000,,,
17.7119999714,138,175725.2500000000,213756.0781250000,165460.9687500000,164511.6562500000,131890.5312500000,120043.7812500000,132797.6406250000,154111.9687500000,,,
17.7159999714,138,176116.7656250000,203969.7656250000,166031.3593750000,165346.5156250000,132695.8437500000,120814.0859375000,133666.0312500000,151498.5937500000,,,
17.7199999713,138,176232.0000000000,187554.5937500000,166177.5468750000,165632.9687500000,132944.8125000000,121085.8750000000,133962.2968750000,149269.7343750000,,,
17.7239999713,138,175875.2343750000,188384.3593750000,165612.5625000000,164835.3906250000,132148.7812500000,120347.9453125000,133136.0156250000,150915.1562500000,,,
17.7279999712,138,175580.0000000000,205755.0781250000,165199.3125000000,164159.2343750000,131534.1250000000,119738.1718750000,132457.7187500000,154054.8750000000,,,
17.7319999714,138,175731.3593750000,213746.7968750000,165469.3281250000,164491.4843750000,131903.7343750000,120069.2109375000,132834.7812500000,154133.5156250000,,,
17.7359999714,138,176124.4843750000,203997.2343750000,166041.2656250000,165319.3906250000,132711.5312500000,120851.8828125000,133709.9687500000,151527.3750000000,,,
17.7399999714,138,176245.7187500000,187583.2656250000,166194.7343750000,165630.0781250000,132969.2187500000,121118.0859375000,134009.6406250000,149291.0000000000,,,
17.7439999713,138,175911.4687500000,188320.4218750000,165653.2812500000,164857.3906250000,132197.0625000000,120390.0546875000,133197.0156250000,150932.7968750000,,,
17.7479999713,138,175606.4218750000,205689.6562500000,165227.1250000000,164178.5468750000,131569.6875000000,119772.0234375000,132506.5312500000,154073.8125000000,,,
17.7519999715,138,175735.7343750000,213739.6093750000,165470.0781250000,164492.6093750000,131914.1406250000,120088.6796875000,132858.7968750000,154145.4687500000,,,
17.7559999714,138,176120.0625000000,204012.3593750000,166030.3906250000,165314.0312500000,132708.2343750000,120856.7890625000,133712.7500000000,151528.1718750000,,,
17.7599999714,138,176246.7187500000,187622.0156250000,166188.5156250000,165611.5156250000,132965.5937500000,121121.4375000000,134007.8281250000,149299.4531250000,,,
17.7639999713,138,175901.4843750000,188258.2968750000,165638.1250000000,164832.5000000000,132183.1718750000,120383.5625000000,133184.1406250000,150912.6875000000,,,
17.7679999713,138,175607.2031250000,205619.7343750000,165223.4218750000,164167.9531250000,131562.7968750000,119773.5781250000,132497.8750000000,154069.1718750000,,,
17.7719999712,138,175744.8750000000,213755.4375000000,165478.6093750000,164514.8906250000,131913.8437500000,120088.6562500000,132853.1250000000,154166.4531250000,,,
17.7759999714,138,176122.9687500000,204085.7968750000,166037.2656250000,165340.0781250000,132706.2187500000,120853.4062500000,133706.5000000000,151551.9843750000,,,
17.7799999714,138,176243.6875000000,187683.4687500000,166190.5781250000,165619.3281250000,132960.5000000000,121115.4609375000,133994.6250000000,149306.5781250000,,,
17.7839999713,138,175896.6093750000,188201.1406250000,165636.9375000000,164841.0312500000,132176.1875000000,120376.5078125000,133164.3437500000,150892.5937500000,,,
17.7879999713,138,175591.5312500000,205539.3437500000,165208.7031250000,164157.5781250000,131541.8750000000,119757.8359375000,132464.0781250000,154052.1406250000,,,
17.7919999713,139,175714.8906250000,213760.6562500000,165444.6093750000,164489.1406250000,131873.8281250000,120056.2578125000,132797.6093750000,154159.0156250000,,,
17.7959999712,139,176103.8125000000,204171.4218750000,166013.4218750000,165326.0000000000,132675.3750000000,120822.5390625000,133656.4531250000,151554.5937500000,,,
17.7999999712,139,176226.5468750000,187719.5468750000,166170.6718750000,165624.9843750000,132935.0468750000,121088.5000000000,133953.3125000000,149290.6718750000,,,
17.8039999711,139,175870.1406250000,188111.5468750000,165609.1093750000,164844.2500000000,132145.6093750000,120348.6406250000,133126.4687500000,150850.3750000000,,,
17.8079999711,139,175559.9375000000,205435.8906250000,165175.6250000000,164150.7031250000,131506.4687500000,119717.2812500000,132422.6562500000,154010.4218750000,,,
17.8119999710,139,175698.8750000000,213737.4375000000,165429.4687500000,164478.1562500000,131857.3906250000,120029.4296875000,132773.8750000000,154144.8593750000,,,
17.8159999712,139,176089.0000000000,204250.9375000000,165998.6718750000,165315.0781250000,132660.3125000000,120800.6250000000,133631.5312500000,151556.7187500000,,,
17.8199999712,139,176217.1093750000,187766.2968750000,166163.2812500000,165627.9843750000,132930.7187500000,121069.8125000000,133936.5000000000,149277.6406250000,,,
17.8239999712,139,175871.4531250000,188032.6093750000,165611.7812500000,164847.0625000000,132153.3906250000,120333.1953125000,133117.0000000000,150819.6406250000,,,
17.8279999711,139,175566.4843750000,205336.9687500000,165177.1875000000,164152.6093750000,131511.9687500000,119705.9062500000,132406.6718750000,153992.3750000000,,,
17.8319999711,139,175697.2656250000,213734.3750000000,165420.4687500000,164464.8437500000,131847.9687500000,120005.0781250000,132747.2031250000,154141.1875000000,,,
17.8359999713,139,176079.1093750000,204370.2187500000,165980.6406250000,165289.0312500000,132640.8906250000,120769.5859375000,133599.9062500000,151560.0937500000,,,
17.8399999712,139,176211.8437500000,187836.3281250000,166152.8437500000,165615.5937500000,132920.1562500000,121054.8984375000,133917.2968750000,149264.6562500000,,,
17.8439999712,139,175873.2968750000,187966.5312500000,165611.7656250000,164850.0937500000,132150.6875000000,120330.7812500000,133108.0937500000,150796.2187500000,,,
17.8479999711,139,175562.9687500000,205250.7968750000,165176.6718750000,164148.5625000000,131505.5937500000,119691.3906250000,132397.4531250000,153971.5937500000,,,
17.8519999711,139,175700.8906250000,213724.2031250000,165427.7656250000,164469.4062500000,131849.9843750000,119998.9921875000,132744.7968750000,154144.6406250000,,,
17.8559999710,139,176083.3750000000,204450.7656250000,165988.7187500000,165284.4687500000,132643.2187500000,120765.3750000000,133598.1406250000,151578.8437500000,,,
17.8599999712,139,176220.0625000000,187898.2031250000,166165.6093750000,165619.9687500000,132926.7500000000,121055.7812500000,133921.5625000000,149275.1250000000,,,
17.8639999712,139,175884.1562500000,187921.1093750000,165626.3437500000,164870.0468750000,132160.2031250000,120336.2265625000,133118.8281250000,150783.8906250000,,,
17.8679999711,139,175570.1562500000,205200.8125000000,165183.4375000000,164158.5156250000,131507.6875000000,119700.1953125000,132406.0937500000,153966.8906250000,,,
17.8719999711,139,175691.3906250000,213749.3906250000,165417.0625000000,164459.5000000000,131836.0156250000,119998.4531250000,132743.9843750000,154145.7187500000,,,
17.8759999711,139,176062.8593750000,204524.9375000000,165969.5625000000,165280.5625000000,132621.9843750000,120756.8984375000,133593.9843750000,151575.9218750000,,,
17.8799999713,139,176202.8125000000,187965.7187500000,166150.5312500000,165604.2187500000,132914.9531250000,121054.0078125000,133931.1406250000,149264.6562500000,,,
17.8839999712,139,175870.6718750000,187870.9062500000,165616.2656250000,164844.9375000000,132157.7343750000,120338.3203125000,133139.1406250000,150751.9375000000,,,
17.8879999712,139,175563.7187500000,205129.2031250000,165180.1562500000,164152.6093750000,131511.1093750000,119705.2890625000,132429.9843750000,153948.5781250000,,,
17.8919999711,139,175693.2500000000,213757.2500000000,165421.9843750000,164461.4375000000,131845.1093750000,120009.4531250000,132769.3906250000,154154.3750000000,,,
17.8959999711,139,176080.6406250000,204580.6406250000,165989.2500000000,165286.4375000000,132645.3593750000,120784.6640625000,133637.6250000000,151602.0468750000,,,
17.8999999710,139,176219.3125000000,188036.1562500000,166169.4687500000,165604.7343750000,132937.2187500000,121086.4687500000,133980.8906250000,149288.9375000000,,,
17.9039999712,139,175890.5468750000,187830.5625000000,165640.7031250000,164856.7656250000,132189.8437500000,120389.3828125000,133205.3593750000,150760.9062500000,,,
17.9079999712,139,175579.5468750000,205049.1406250000,165199.7968750000,164163.6562500000,131539.9531250000,119753.0546875000,132495.1406250000,153959.7500000000,,,
17.9119999711,139,175702.0625000000,213756.1562500000,165431.4062500000,164462.0312500000,131864.2812500000,120050.2734375000,132822.2812500000,154183.4062500000,,,
17.9159999711,139,176085.8437500000,204677.9843750000,165993.0625000000,165286.2187500000,132658.6718750000,120821.3593750000,133681.4218750000,151642.1718750000,,,
17.9199999711,140,176222.5781250000,188114.9531250000,166171.7968750000,165624.0937500000,132950.8750000000,121123.7734375000,134028.6093750000,149313.1250000000,,,
17.9239999710,140,175890.7343750000,187773.5468750000,165641.6718750000,164881.2656250000,132202.5937500000,120422.7812500000,133255.4843750000,150754.4843750000,,,
17.9279999710,140,175580.2500000000,204959.9062500000,165198.9687500000,164181.3593750000,131545.7187500000,119779.7968750000,132535.6875000000,153957.6406250000,,,
17.9319999709,140,175708.3437500000,213751.3281250000,165436.5625000000,164486.5937500000,131869.3437500000,120067.9531250000,132856.4218750000,154200.5156250000,,,
17.9359999709,140,176091.6875000000,204771.9062500000,166001.3281250000,165297.7500000000,132664.0625000000,120828.8125000000,133715.2500000000,151666.5000000000,,,
17.9399999708,140,176235.0468750000,188196.1718750000,166189.2656250000,165630.6406250000,132965.4062500000,121131.9531250000,134064.2343750000,149327.9531250000,,,
17.9439999710,140,175901.9218750000,187738.3437500000,165656.5468750000,164885.9843750000,132215.6562500000,120418.0078125000,133278.0781250000,150747.0000000000,,,
17.9479999710,140,175583.7500000000,204904.4375000000,165204.3593750000,164175.7812500000,131549.4218750000,119756.1171875000,132545.6093750000,153947.3437500000,,,
17.9519999709,140,175710.4687500000,213765.2968750000,165437.5781250000,164476.8593750000,131870.0156250000,120042.3906250000,132867.7187500000,154204.2187500000,,,
17.9559999709,140,176089.6718750000,204866.3281250000,165997.0781250000,165295.2812500000,132661.0312500000,120802.5546875000,133718.8437500000,151681.7343750000,,,
17.9599999709,140,176235.1250000000,188268.5625000000,166188.1875000000,165642.2500000000,132967.5000000000,121111.4375000000,134065.5156250000,149330.8750000000,,,
17.9639999710,140,175910.7968750000,187690.5781250000,165667.7343750000,164908.0312500000,132228.4375000000,120411.2187500000,133284.9687500000,150729.4687500000,,,
17.9679999710,140,175585.5000000000,204828.8750000000,165207.0937500000,164185.0312500000,131551.2656250000,119744.4218750000,132537.7031250000,153932.0312500000,,,
17.9719999710,140,175701.6093750000,213782.1406250000,165431.0781250000,164468.2500000000,131861.8437500000,120017.4140625000,132844.4375000000,154201.2656250000,,,
17.9759999709,140,176093.3281250000,204998.9531250000,166002.6406250000,165293.8281250000,132663.6562500000,120781.4453125000,133701.9375000000,151697.8750000000,,,
17.9799999709,140,176238.5156250000,188356.7031250000,166192.8593750000,165638.5781250000,132969.3750000000,121090.5390625000,134047.7343750000,149325.4687500000,,,
17.9839999708,140,175910.2343750000,187639.0781250000,165665.8281250000,164909.0468750000,132224.7968750000,120389.0625000000,133261.7968750000,150700.6875000000,,,
17.9879999710,140,175584.4843750000,204745.5468750000,165204.6250000000,164183.2968750000,131544.4843750000,119720.6328125000,132510.2968750000,153910.2500000000,,,
17.9919999710,140,175696.2187500000,213768.5468750000,165423.9687500000,164450.7656250000,131847.1875000000,119991.5625000000,132812.2500000000,154195.1250000000,,,
17.9959999709,140,176074.0625000000,205053.6406250000,165979.7500000000,165255.0312500000,132633.2187500000,120752.5312500000,133657.0625000000,151687.7656250000,,,
17.9999999709,140,176230.9218750000,188412.5468750000,166184.2187500000,165621.8125000000,132955.8593750000,121075.0937500000,134015.6875000000,149315.4843750000,,,
18.0039999709,140,175905.5625000000,187594.7656250000,165661.4531250000,164901.9843750000,132219.5312500000,120379.4062500000,133239.1562500000,150675.4687500000,,,
18.0079999710,140,175578.0468750000,204674.6718750000,165198.1875000000,164176.5000000000,131538.7343750000,119709.1796875000,132487.4062500000,153891.1406250000,,,
18.0119999710,140,175685.3593750000,213765.0937500000,165414.5312500000,164433.7656250000,131839.2500000000,119969.7031250000,132787.8437500000,154183.8593750000,,,
18.0159999710,140,176069.0781250000,205094.9218750000,165975.7656250000,165251.3437500000,132630.8593750000,120730.2421875000,133635.9062500000,151682.9843750000,,,
18.0199999709,140,176226.1406250000,188459.2500000000,166177.9218750000,165617.8750000000,132950.0937500000,121054.4375000000,133993.4218750000,149305.5937500000,,,
18.0239999709,140,175903.1250000000,187541.2343750000,165657.8906250000,164898.8281250000,132215.6718750000,120365.4609375000,133222.5468750000,150648.0000000000,,,
18.0279999708,140,175571.4687500000,204604.8125000000,165187.8906250000,164167.7656250000,131524.7187500000,119692.3906250000,132465.2343750000,153871.1093750000,,,
18.0319999710,140,175680.9531250000,213761.3125000000,165401.8750000000,164437.4375000000,131821.2500000000,119961.1406250000,132762.1718750000,154186.8906250000,,,
18.0359999710,140,176060.0312500000,205184.9218750000,165960.3593750000,165266.0000000000,132609.2031250000,120718.9765625000,133606.6406250000,151697.4531250000,,,
18.0399999709,140,176215.1718750000,188530.5937500000,166164.3437500000,165634.2812500000,132934.5312500000,121047.8671875000,133971.8750000000,149304.3750000000,,,
18.0439999709,140,175892.9843750000,187472.0312500000,165646.8906250000,164910.2187500000,132207.2812500000,120361.7343750000,133207.5000000000,150620.1093750000,,,
18.0479999708,141,175557.5468750000,204493.7031250000,165174.0468750000,164163.6093750000,131513.5312500000,119677.0468750000,132444.1250000000,153843.5937500000,,,
18.0519999708,141,175669.5312500000,213735.5000000000,165391.9843750000,164434.4218750000,131812.7031250000,119944.0078125000,132741.9843750000,154184.2812500000,,,
18.0559999708,141,176050.9218750000,205251.7343750000,165953.8125000000,165253.9218750000,132603.8437500000,120708.4921875000,133593.3906250000,151707.0468750000,,,
18.0599999707,141,176209.7812500000,188570.9375000000,166163.3281250000,165634.1875000000,132934.3750000000,121040.7578125000,133964.1250000000,149298.1562500000,,,
18.0639999707,141,175882.9531250000,187393.3906250000,165643.2187500000,164920.8281250000,132202.4531250000,120353.7656250000,133196.8750000000,150588.8906250000,,,
18.0679999706,141,175555.4531250000,204389.4218750000,165176.3281250000,164186.5625000000,131508.2187500000,119678.4921875000,132436.4687500000,153824.5937500000,,,
18.0719999708,141,175664.7343750000,213712.6562500000,165388.3593750000,164442.8437500000,131798.9218750000,119935.1562500000,132722.7812500000,154179.4375000000,,,
18.0759999708,141,176040.8906250000,205296.5000000000,165940.2812500000,165249.8750000000,132582.2343750000,120688.3984375000,133562.3281250000,151702.2968750000,,,
18.0799999707,141,176206.4375000000,188616.4218750000,166155.7343750000,165628.1406250000,132920.4218750000,121030.2187500000,133941.7031250000,149291.9843750000,,,
18.0839999707,141,175889.8281250000,187332.2343750000,165649.7343750000,164911.8281250000,132206.0781250000,120355.6406250000,133192.9062500000,150569.7968750000,,,
18.0879999707,141,175561.2812500000,204294.3125000000,165184.3437500000,164167.5000000000,131516.7187500000,119680.3203125000,132436.3437500000,153812.2343750000,,,
18.0919999708,141,175664.5468750000,213718.0937500000,165388.1718750000,164429.5937500000,131799.1093750000,119934.8828125000,132716.7187500000,154190.4531250000,,,
18.0959999708,141,176038.1718750000,205519.1406250000,165937.7343750000,165239.8906250000,132577.9687500000,120683.6796875000,133554.9375000000,151740.3437500000,,,
18.0999999708,141,176192.5312500000,188721.2968750000,166145.9531250000,165605.7500000000,132916.1875000000,121023.5156250000,133935.7500000000,149278.5312500000,,,
18.1039999707,141,175870.5625000000,187251.9843750000,165630.4218750000,164898.7656250000,132193.2812500000,120345.7734375000,133176.6875000000,150528.5937500000,,,
18.1079999707,141,175554.0156250000,204201.8281250000,165170.6718750000,164172.9687500000,131506.9843750000,119673.6953125000,132421.1875000000,153796.5156250000,,,
18.1119999706,141,175659.4531250000,213711.4218750000,165378.1093750000,164425.2812500000,131791.3281250000,119924.6640625000,132703.5937500000,154197.3281250000,,,
18.1159999708,141,176043.8281250000,205572.3281250000,165939.2500000000,165244.8125000000,132579.8125000000,120688.3984375000,133550.1875000000,151764.0937500000,,,
18.1199999708,141,176203.7968750000,188765.6093750000,166156.0781250000,165626.7187500000,132922.2968750000,121033.1718750000,133938.2500000000,149292.6093750000,,,
18.1239999707,141,175874.6093750000,187186.3750000000,165635.3281250000,164911.1875000000,132194.9375000000,120349.0703125000,133176.1562500000,150512.1250000000,,,
18.1279999707,141,175541.5937500000,204124.7500000000,165156.5937500000,164174.8906250000,131491.2656250000,119664.4921875000,132401.5781250000,153776.6718750000,,,
18.1319999706,141,175639.8906250000,213685.3437500000,165355.8281250000,164430.4375000000,131767.9375000000,119911.6015625000,132676.5937500000,154179.6718750000,,,
18.1359999708,141,176018.9687500000,205503.6406250000,165911.8906250000,165235.7187500000,132555.4531250000,120672.8437500000,133523.0156250000,151727.7500000000,,,
18.1399999708,141,176186.8437500000,188739.6718750000,166135.6718750000,165619.4531250000,132905.5937500000,121025.4218750000,133916.0937500000,149273.9062500000,,,
18.1439999708,141,175878.1875000000,187107.3906250000,165637.8593750000,164928.2500000000,132202.3437500000,120364.9531250000,133178.0468750000,150504.4531250000,,,
18.1479999707,141,175548.9687500000,204051.2500000000,165163.8750000000,164177.5781250000,131500.8125000000,119677.3125000000,132409.1093750000,153783.2968750000,,,
18.1519999707,141,175652.3125000000,213693.9843750000,165366.5468750000,164427.3437500000,131780.6562500000,119922.6250000000,132687.1875000000,154201.2031250000,,,
18.1559999706,141,176034.3906250000,205530.4062500000,165928.6875000000,165241.1562500000,132572.3906250000,120681.5078125000,133537.7343750000,151746.9062500000,,,
18.1599999708,141,176206.5156250000,188792.8906250000,166158.5468750000,165635.3281250000,132927.5312500000,121033.3046875000,133937.2031250000,149295.5312500000,,,
18.1639999708,141,175899.4531250000,187067.6875000000,165662.9062500000,164947.8281250000,132227.3125000000,120375.9218750000,133202.3750000000,150501.2656250000,,,
18.1679999707,141,175562.9375000000,203989.7500000000,165177.6406250000,164191.7500000000,131510.0156250000,119676.9609375000,132415.0781250000,153775.5156250000,,,
18.1719999707,141,175658.9687500000,213717.0468750000,165373.6875000000,164433.2812500000,131778.8281250000,119911.0156250000,132682.6250000000,154204.0781250000,,,
18.1759999706,142,176035.3593750000,205640.1406250000,165929.7031250000,165232.0937500000,132565.4062500000,120672.9218750000,133531.0312500000,151756.1562500000,,,
18.1799999706,142,176193.0781250000,188867.0781250000,166145.5156250000,165622.2500000000,132909.0312500000,121017.9609375000,133922.7968750000,149276.3281250000,,,
18.1839999706,142,175885.5625000000,187016.8125000000,165649.2500000000,164933.6406250000,132212.9687500000,120362.3750000000,133193.0937500000,150460.8437500000,,,
18.1879999705,142,175555.2500000000,203902.6875000000,165170.2656250000,164175.6562500000,131504.6250000000,119668.4062500000,132416.3593750000,153748.2187500000,,,
18.1919999705,142,175647.1406250000,213703.7656250000,165361.6093750000,164395.9687500000,131770.2343750000,119903.4218750000,132683.0781250000,154200.4531250000,,,
18.1959999704,142,176026.2656250000,205741.7968750000,165920.0468750000,165216.0000000000,132557.0468750000,120662.8359375000,133530.9218750000,151772.8125000000,,,
18.1999999706,142,176202.0000000000,188956.7656250000,166152.1093750000,165629.6250000000,132917.7500000000,121020.4531250000,133937.0937500000,149290.6250000000,,,
18.2039999706,142,175904.1250000000,186969.4062500000,165664.2187500000,164959.4375000000,132227.5781250000,120366.9062500000,133211.0156250000,150453.0625000000,,,
18.2079999705,142,175571.0156250000,203826.5156250000,165182.7968750000,164198.3125000000,131511.8437500000,119664.8125000000,132423.9843750000,153745.3906250000,,,
18.2119999705,142,175666.1562500000,213713.0468750000,165378.0781250000,164432.3437500000,131778.3750000000,119899.0781250000,132688.5468750000,154219.6875000000,,,
18.2159999704,142,176042.6562500000,205877.9218750000,165934.3281250000,165243.6562500000,132564.0625000000,120659.8046875000,133535.1562500000,151810.2343750000,,,
18.2199999706,142,176215.5781250000,189046.2500000000,166170.2812500000,165650.8125000000,132933.3281250000,121028.8281250000,133949.9375000000,149309.9843750000,,,
18.2239999706,142,175904.1406250000,186925.5312500000,165675.1875000000,164954.2343750000,132239.3593750000,120372.1640625000,133223.8125000000,150441.4843750000,,,
18.2279999705,142,175561.0156250000,203737.3593750000,165182.5000000000,164175.5625000000,131514.7656250000,119663.3671875000,132433.4687500000,153725.3906250000,,,
18.2319999705,142,175650.3593750000,213710.0156250000,165364.0781250000,164405.3281250000,131770.3750000000,119893.7109375000,132685.6250000000,154218.8906250000,,,
18.2359999705,142,176028.4062500000,206049.6250000000,165917.5000000000,165210.3906250000,132553.5468750000,120652.0546875000,133525.9687500000,151836.1250000000,,,
18.2399999704,142,176203.5625000000,189139.9375000000,166153.9062500000,165624.5781250000,132926.2500000000,121029.2812500000,133942.8906250000,149305.7812500000,,,
18.2439999706,142,175892.7968750000,186844.2812500000,165656.7187500000,164942.8906250000,132230.7187500000,120375.2265625000,133213.9687500000,150408.2187500000,,,
18.2479999706,142,175560.1562500000,203632.2343750000,165173.2656250000,164181.6250000000,131511.6250000000,119670.3671875000,132422.9531250000,153709.9843750000,,,
18.2519999705,142,175650.8125000000,213699.8906250000,165361.7500000000,164403.6562500000,131769.5156250000,119897.7656250000,132675.4843750000,154228.7500000000,,,
18.2559999705,142,176027.1562500000,206138.6875000000,165917.3437500000,165203.0468750000,132552.0468750000,120651.8671875000,133517.8593750000,151854.7812500000,,,
18.2599999704,142,176210.5156250000,189193.0781250000,166164.8281250000,165633.5937500000,132938.1562500000,121038.2109375000,133952.4531250000,149309.5625000000,,,
18.2639999706,142,175915.4062500000,186787.6093750000,165682.9218750000,164971.9218750000,132260.5468750000,120404.4296875000,133243.9218750000,150412.4218750000,,,
18.2679999706,142,175578.5312500000,203562.8750000000,165192.5312500000,164196.2812500000,131533.8125000000,119694.3750000000,132448.1406250000,153724.9062500000,,,
18.2719999705,142,175660.9531250000,213730.2187500000,165366.8125000000,164415.8906250000,131777.1875000000,119908.2265625000,132685.0312500000,154255.0468750000,,,
18.2759999705,142,176029.1406250000,206361.3593750000,165913.4843750000,165205.1093750000,132548.7500000000,120650.2031250000,133513.4843750000,151896.0937500000,,,
18.2799999705,142,176200.7187500000,189324.6093750000,166155.2343750000,165614.6250000000,132931.6093750000,121033.9218750000,133944.4687500000,149302.8750000000,,,
18.2839999704,142,175900.7656250000,186728.4375000000,165670.4375000000,164946.2812500000,132249.5000000000,120393.2187500000,133230.1875000000,150366.4531250000,,,
18.2879999706,142,175562.6406250000,203468.6562500000,165176.8437500000,164172.8593750000,131517.8125000000,119676.6718750000,132428.8281250000,153687.2187500000,,,
18.2919999706,142,175641.8281250000,213717.9687500000,165349.8593750000,164382.2031250000,131757.3437500000,119886.0703125000,132664.1093750000,154236.9375000000,,,
18.2959999705,142,176022.7812500000,206413.4531250000,165910.8437500000,165189.0468750000,132541.5937500000,120637.7578125000,133503.5937500000,151894.4062500000,,,
18.2999999705,142,176215.0625000000,189395.1250000000,166172.5781250000,165634.3750000000,132944.1875000000,121039.3125000000,133951.9218750000,149314.3125000000,,,
18.3039999704,143,175921.4531250000,186704.2812500000,165692.1093750000,164984.1250000000,132268.9218750000,120409.3671875000,133244.5156250000,150367.0937500000,,,
18.3079999704,143,175568.5156250000,203404.2500000000,165184.7812500000,164194.3906250000,131522.8125000000,119679.1875000000,132428.4218750000,153680.9687500000,,,
18.3119999703,143,175643.7031250000,213696.0781250000,165355.6875000000,164399.1093750000,131758.7656250000,119883.1718750000,132660.5156250000,154237.5781250000,,,
18.3159999703,143,176012.4843750000,206304.0156250000,165902.4062500000,165196.4375000000,132531.5625000000,120629.6328125000,133490.9531250000,151868.7343750000,,,
18.3199999703,143,176186.9843750000,189377.8750000000,166141.7031250000,165616.3750000000,132910.8281250000,121013.1640625000,133919.5468750000,149296.3281250000,,,
18.3239999702,143,175883.4375000000,186629.2343750000,165654.9375000000,164948.9062500000,132233.1718750000,120378.4921875000,133214.7500000000,150317.7656250000,,,
18.3279999704,143,175541.8281250000,203287.3281250000,165156.3437500000,164171.4062500000,131494.6718750000,119660.9218750000,132406.6250000000,153643.1250000000,,,
18.3319999704,143,175628.6093750000,213682.7656250000,165334.7656250000,164386.9531250000,131736.9531250000,119871.4531250000,132642.8750000000,154237.3593750000,,,
18.3359999703,143,176009.9531250000,206588.8437500000,165894.2812500000,165183.7031250000,132521.6875000000,120629.5000000000,133487.5000000000,151930.2968750000,,,
18.3399999703,143,176211.4531250000,189574.2343750000,166164.2656250000,165638.7968750000,132937.5468750000,121047.8125000000,133944.8125000000,149338.2500000000,,,
18.3439999702,143,175922.5468750000,186621.2031250000,165691.2812500000,165001.0468750000,132272.9375000000,120419.9609375000,133237.1718750000,150339.7343750000,,,
18.3479999704,143,175565.1093750000,203219.8281250000,165179.9218750000,164208.3750000000,131520.5000000000,119682.1406250000,132421.3281250000,153653.9375000000,,,
18.3519999704,143,175626.2187500000,213698.9375000000,165332.0312500000,164389.2812500000,131737.7343750000,119871.9062500000,132649.3593750000,154252.2031250000,,,
18.3559999703,143,175987.7500000000,206858.9843750000,165869.0156250000,165159.7187500000,132495.7500000000,120597.1796875000,133469.0937500000,151964.8125000000,,,
18.3599999703,143,176191.1718750000,189735.3125000000,166148.5468750000,165619.5156250000,132924.1562500000,121018.6875000000,133942.1875000000,149321.9687500000,,,
18.3639999703,143,175916.4531250000,186573.2812500000,165689.4843750000,164982.0625000000,132275.4062500000,120405.8515625000,133263.1093750000,150305.1406250000,,,
18.3679999702,143,175573.8906250000,203124.2031250000,165187.0312500000,164192.1406250000,131531.5468750000,119677.9296875000,132451.5468750000,153642.4531250000,,,
18.3719999704,143,175648.9062500000,213652.3593750000,165356.2187500000,164386.3593750000,131761.9062500000,119873.1406250000,132675.5156250000,154264.3437500000,,,
18.3759999704,143,176030.0468750000,206646.3750000000,165919.8906250000,165194.7031250000,132548.1875000000,120623.7343750000,133516.0312500000,151958.6093750000,,,
18.3799999703,143,176214.4531250000,189673.0468750000,166175.6406250000,165638.3906250000,132950.3906250000,121026.0078125000,133961.2812500000,149342.5468750000,,,
18.3839999703,143,175922.9218750000,186523.4218750000,165700.8281250000,164979.7187500000,132288.6093750000,120413.5234375000,133268.2812500000,150299.6406250000,,,
18.3879999702,143,175577.9843750000,203028.3906250000,165194.3593750000,164195.8125000000,131537.9843750000,119684.2890625000,132450.2812500000,153631.5312500000,,,
18.3919999704,143,175649.0156250000,213565.8281250000,165356.3906250000,164392.1875000000,131760.0781250000,119876.7656250000,132667.6093750000,154255.4218750000,,,
18.3959999704,143,176017.9531250000,206321.4687500000,165903.4218750000,165187.8125000000,132534.0468750000,120623.7343750000,133501.1718750000,151900.7343750000,,,
18.3999999703,143,176202.5156250000,189520.6250000000,166151.6406250000,165614.8125000000,132922.4687500000,121015.6796875000,133939.9687500000,149335.3906250000,,,
18.4039999703,143,175915.1093750000,186434.2343750000,165686.8593750000,164977.9843750000,132274.5312500000,120404.0546875000,133264.2031250000,150288.2656250000,,,
18.4079999703,143,175565.7812500000,202918.7968750000,165180.4531250000,164174.8906250000,131525.6562500000,119669.0000000000,132445.6718750000,153609.8906250000,,,
18.4119999702,143,175643.9218750000,213547.9375000000,165351.5625000000,164368.5468750000,131755.7031250000,119866.4062500000,132664.9687500000,154254.2031250000,,,
18.4159999704,143,176022.9687500000,206396.8125000000,165910.1250000000,165186.6250000000,132542.0781250000,120628.5078125000,133505.5781250000,151917.9843750000,,,
18.4199999704,143,176212.2812500000,189611.8437500000,166167.0625000000,165622.4531250000,132938.4531250000,121023.4843750000,133949.8906250000,149349.2031250000,,,
18.4239999703,143,175923.3281250000,186410.6875000000,165700.0625000000,164986.7187500000,132288.6093750000,120416.8281250000,133270.8906250000,150277.3750000000,,,
18.4279999703,143,175566.6406250000,202866.9218750000,165181.2031250000,164188.2500000000,131526.2343750000,119677.7421875000,132440.2343750000,153604.6093750000,,,
18.4319999702,144,175626.6250000000,213587.2343750000,165328.9687500000,164365.6250000000,131734.2968750000,119858.1484375000,132644.9843750000,154259.7656250000,,,
18.4359999702,144,175994.2968750000,206661.5000000000,165875.5468750000,165156.9062500000,132506.0781250000,120601.7343750000,133476.9375000000,151944.6875000000,,,
18.4399999701,144,176201.5000000000,189792.9687500000,166154.1875000000,165624.1562500000,132927.3437500000,121019.1953125000,133946.2656250000,149345.9843750000,,,
18.4439999701,144,175926.4687500000,186387.2343750000,165702.9062500000,165001.6406250000,132293.5156250000,120420.2343750000,133281.2031250000,150252.2812500000,,,
18.4479999701,144,175569.9375000000,202789.2500000000,165186.4687500000,164183.9687500000,131533.5156250000,119675.7812500000,132448.9218750000,153585.2968750000,,,
18.4519999700,144,175639.9531250000,213601.1718750000,165345.7031250000,164361.3437500000,131752.2187500000,119856.6953125000,132656.0937500000,154271.7812500000,,,
18.4559999702,144,176017.5781250000,206866.9062500000,165899.3906250000,165162.9218750000,132529.7343750000,120602.6250000000,133487.8750000000,151993.7500000000,,,
18.4599999702,144,176220.1093750000,189925.3906250000,166175.6718750000,165637.5937500000,132951.7343750000,121026.1953125000,133959.1718750000,149362.0000000000,,,
18.4639999701,144,175927.4062500000,186334.0312500000,165706.3906250000,165006.2031250000,132300.0625000000,120422.1093750000,133283.8437500000,150230.3125000000,,,
18.4679999701,144,175569.9218750000,202672.0000000000,165182.2343750000,164195.0937500000,131528.2187500000,119676.6718750000,132443.4531250000,153568.7656250000,,,
18.4719999700,144,175629.2187500000,213559.4687500000,165328.1875000000,164367.7812500000,131727.6250000000,119846.5625000000,132636.6718750000,154269.7656250000,,,
18.4759999702,144,176003.7656250000,206948.8906250000,165879.8437500000,165178.0468750000,132501.7343750000,120592.5625000000,133469.3125000000,152006.4687500000,,,
18.4799999702,144,176211.7500000000,189998.7500000000,166161.6718750000,165664.5468750000,132934.0312500000,121024.1875000000,133949.7500000000,149361.4843750000,,,
18.4839999701,144,175927.1406250000,186264.1250000000,165702.4375000000,165035.4375000000,132296.3281250000,120426.2421875000,133285.0156250000,150202.5468750000,,,
18.4879999701,144,175566.0000000000,202560.5625000000,165177.6406250000,164209.6875000000,131522.7812500000,119672.9140625000,132441.4375000000,153543.1562500000,,,
18.4919999701,144,175632.2812500000,213525.5937500000,165329.7187500000,164372.0937500000,131731.0468750000,119849.6484375000,132642.4375000000,154268.9062500000,,,
18.4959999700,144,176002.6406250000,206944.5000000000,165880.0625000000,165156.2656250000,132505.1093750000,120585.3515625000,133471.2500000000,152000.0312500000,,,
18.4999999702,144,176203.0312500000,190016.4531250000,166158.2812500000,165626.4531250000,132933.4687500000,121006.7734375000,133948.4062500000,149345.0156250000,,,
18.5039999702,144,175914.9531250000,186198.8125000000,165697.9375000000,165006.4687500000,132296.9687500000,120414.4375000000,133287.5156250000,150167.7500000000,,,
18.5079999701,144,175550.7968750000,202466.0156250000,165166.9375000000,164191.5312500000,131516.5000000000,119659.6875000000,132441.2968750000,153513.0312500000,,,
18.5119999701,144,175609.2343750000,213501.4531250000,165310.6562500000,164354.4218750000,131711.9531250000,119828.5859375000,132628.4375000000,154253.0000000000,,,
18.5159999700,144,175983.8593750000,206949.0625000000,165864.6406250000,165149.5312500000,132489.3125000000,120579.5000000000,133464.0000000000,151996.3281250000,,,
18.5199999702,144,176192.2187500000,190043.1250000000,166148.4375000000,165629.1875000000,132922.8750000000,121016.7578125000,133948.3593750000,149355.1250000000,,,
18.5239999702,144,175916.4843750000,186159.5781250000,165700.0000000000,165028.4531250000,132297.2187500000,120436.4062500000,133297.1093750000,150170.9687500000,,,
18.5279999701,144,175554.1250000000,202388.4375000000,165169.2812500000,164207.4843750000,131515.1406250000,119677.4765625000,132445.3281250000,153515.4687500000,,,
18.5319999701,144,175600.3593750000,213492.5781250000,165298.2031250000,164347.9843750000,131696.8281250000,119829.1250000000,132620.9843750000,154258.3125000000,,,
18.5359999700,144,175975.0937500000,207010.4218750000,165852.1093750000,165144.4062500000,132475.7500000000,120575.3984375000,133456.3906250000,152006.5156250000,,,
18.5399999700,144,176192.4062500000,190109.7968750000,166146.7031250000,165632.4843750000,132919.8906250000,121017.6093750000,133951.2343750000,149364.2500000000,,,
18.5439999702,144,175926.2187500000,186119.7968750000,165707.2968750000,165035.8281250000,132305.2812500000,120440.2421875000,133308.2812500000,150163.5156250000,,,
18.5479999701,144,175566.4531250000,202311.0000000000,165178.1718750000,164214.6250000000,131525.3593750000,119677.4453125000,132457.2656250000,153514.1875000000,,,
18.5519999701,144,175616.6093750000,213490.4843750000,165314.5156250000,164360.2656250000,131712.9687500000,119830.4687500000,132637.3437500000,154280.2812500000,,,
18.5559999701,144,175993.2031250000,207066.9062500000,165868.7968750000,165160.7656250000,132488.8593750000,120579.2031250000,133469.2031250000,152036.6093750000,,,
18.5599999700,145,176209.9375000000,190174.5781250000,166163.2500000000,165647.6406250000,132932.6250000000,121018.0156250000,133966.1093750000,149384.6093750000,,,
18.5639999700,145,175936.8906250000,186081.6093750000,165721.8906250000,165041.5156250000,132319.9062500000,120444.5078125000,133330.9687500000,150157.4531250000,,,
18.5679999699,145,175567.3437500000,202232.7968750000,165184.1562500000,164200.7500000000,131530.9375000000,119680.7187500000,132472.0468750000,153507.2187500000,,,
18.5719999699,145,175619.0312500000,213486.3750000000,165317.2500000000,164344.2500000000,131713.8593750000,119833.8984375000,132646.7343750000,154293.3125000000,,,
18.5759999698,145,175995.6093750000,207170.8750000000,165869.8437500000,165149.2187500000,132488.9375000000,120575.3984375000,133475.8125000000,152060.3750000000,,,
18.5799999698,145,176208.7968750000,190260.0781250000,166159.2031250000,165641.1562500000,132931.1875000000,121017.7734375000,133966.9375000000,149388.7656250000,,,
18.5839999700,145,175939.7343750000,186042.1406250000,165720.2187500000,165043.2968750000,132320.0468750000,120447.1328125000,133332.7968750000,150141.9843750000,,,
18.5879999700,145,175583.5625000000,202154.2812500000,165192.4687500000,164217.1718750000,131536.9375000000,119689.5468750000,132480.9687500000,153503.8593750000,,,
18.5919999699,145,175637.1250000000,213479.6718750000,165329.6093750000,164374.3750000000,131720.5625000000,119841.8671875000,132659.5312500000,154310.6250000000,,,
18.5959999699,145,175999.0156250000,207250.0468750000,165873.1718750000,165166.5625000000,132486.4375000000,120573.4921875000,133484.0156250000,152078.4531250000,,,
18.5999999698,145,176215.6250000000,190338.5156250000,166170.2968750000,165655.7656250000,132937.2187500000,121019.5703125000,133985.5781250000,149396.5625000000,,,
18.6039999700,145,175940.3906250000,186003.9531250000,165724.1406250000,165056.0000000000,132321.5625000000,120444.7968750000,133346.9531250000,150116.2656250000,,,
18.6079999700,145,175568.0937500000,202068.8281250000,165177.9062500000,164198.9843750000,131523.7187500000,119675.9687500000,132478.8281250000,153468.1875000000,,,
18.6119999699,145,175623.7812500000,213467.9531250000,165315.0000000000,164344.2031250000,131710.5937500000,119834.4609375000,132652.9375000000,154299.4375000000,,,
18.6159999699,145,176002.2812500000,207322.7968750000,165874.6093750000,165147.3593750000,132493.3125000000,120578.9921875000,133485.5156250000,152096.2343750000,,,
18.6199999698,145,176224.9062500000,190420.0781250000,166179.3125000000,165648.9843750000,132952.5000000000,121024.8828125000,133991.0625000000,149414.3437500000,,,
18.6239999698,145,175959.4843750000,185969.8281250000,165743.9062500000,165063.5625000000,132348.0156250000,120459.9531250000,133361.6718750000,150119.7187500000,,,
18.6279999700,145,175591.5937500000,201991.3750000000,165199.9062500000,164229.2968750000,131548.0468750000,119690.7265625000,132488.2187500000,153478.7500000000,,,
18.6319999699,145,175636.6718750000,213465.7187500000,165324.6562500000,164356.4531250000,131717.1093750000,119833.6875000000,132645.7968750000,154320.5937500000,,,
18.6359999699,145,176003.0468750000,207411.1250000000,165872.2343750000,165139.8281250000,132483.5468750000,120570.7578125000,133477.3593750000,152119.8125000000,,,
18.6399999699,145,176217.2343750000,190508.4531250000,166169.9531250000,165642.5000000000,132937.2500000000,121015.6015625000,133985.7812500000,149422.3125000000,,,
18.6439999698,145,175952.5625000000,185951.4843750000,165737.3125000000,165055.2812500000,132338.1406250000,120456.2265625000,133360.9843750000,150106.2812500000,,,
18.6479999700,145,175589.0468750000,201922.8125000000,165197.3593750000,164217.4062500000,131544.2187500000,119687.6640625000,132495.0781250000,153468.7187500000,,,
18.6519999700,145,175637.5625000000,213463.6093750000,165322.8906250000,164359.5937500000,131716.9531250000,119831.8046875000,132655.7500000000,154330.9531250000,,,
18.6559999699,145,176011.1718750000,207487.7500000000,165875.9531250000,165152.9687500000,132491.4062500000,120573.4687500000,133484.1250000000,152147.8437500000,,,
18.6599999699,145,176237.8593750000,190592.8593750000,166186.4531250000,165654.7812500000,132957.4218750000,121030.7578125000,133998.4843750000,149453.9062500000,,,
18.6639999698,145,175980.7812500000,185917.6406250000,165762.3906250000,165068.7656250000,132368.4062500000,120476.5078125000,133380.1093750000,150116.0937500000,,,
18.6679999698,145,175620.4687500000,201846.3906250000,165222.3281250000,164223.7187500000,131572.7187500000,119708.3203125000,132510.7500000000,153482.4531250000,,,
18.6719999700,145,175667.7343750000,213463.7187500000,165346.4843750000,164359.0625000000,131741.7500000000,119850.7968750000,132669.4843750000,154363.9687500000,,,
18.6759999699,145,176030.0781250000,207550.9375000000,165892.7500000000,165151.8125000000,132505.4375000000,120578.2656250000,133486.0000000000,152176.6250000000,,,
18.6799999699,145,176245.9687500000,190675.5625000000,166195.5468750000,165652.2656250000,132963.6093750000,121029.1171875000,133994.4375000000,149468.9687500000,,,
18.6839999699,145,175979.9531250000,185898.8437500000,165765.9843750000,165080.3125000000,132372.8750000000,120480.5234375000,133384.0937500000,150102.5312500000,,,
18.6879999698,146,175605.6718750000,201755.9531250000,165214.7031250000,164232.4843750000,131567.5781250000,119699.6562500000,132510.9531250000,153457.4843750000,,,
18.6919999698,146,175635.5468750000,213446.6250000000,165322.1562500000,164344.9843750000,131718.6406250000,119824.4296875000,132650.3593750000,154345.5625000000,,,
18.6959999697,146,176005.8281250000,207641.5468750000,165873.5156250000,165134.9687500000,132487.3593750000,120565.1484375000,133477.2812500000,152179.2812500000,,,
18.6999999697,146,176228.5000000000,190752.0312500000,166178.6406250000,165639.8906250000,132949.0000000000,121030.4375000000,133990.2812500000,149464.1875000000,,,
18.7039999696,146,175966.1875000000,185841.0625000000,165750.8281250000,165078.2187500000,132359.6250000000,120487.0468750000,133379.4062500000,150077.0937500000,,,
18.7079999696,146,175590.4687500000,201658.1250000000,165195.2968750000,164226.9843750000,131547.4843750000,119703.3593750000,132497.3281250000,153434.9843750000,,,
18.7119999698,146,175638.5781250000,213433.0781250000,165317.5156250000,164349.6250000000,131711.7500000000,119835.3203125000,132643.4843750000,154355.2187500000,,,
18.7159999697,146,176009.9062500000,207731.1562500000,165872.8125000000,165134.5468750000,132485.1093750000,120568.7734375000,133469.4218750000,152203.3906250000,,,
18.7199999697,146,176232.7968750000,190837.5625000000,166186.7187500000,165645.2343750000,132957.8906250000,121032.1796875000,133994.4687500000,149472.4531250000,,,
18.7239999697,146,175982.3906250000,185798.2812500000,165777.2031250000,165082.6093750000,132388.2187500000,120496.2968750000,133402.7187500000,150063.5468750000,,,
18.7279999696,146,175605.2187500000,201552.8750000000,165218.5781250000,164229.0781250000,131573.3906250000,119705.6640625000,132517.5781250000,153417.9531250000,,,
18.7319999698,146,175630.8906250000,213392.5312500000,165317.3906250000,164334.8437500000,131713.5468750000,119816.0625000000,132642.7031250000,154339.3906250000,,,
18.7359999698,146,175988.2343750000,207824.7500000000,165850.1562500000,165112.4687500000,132463.3437500000,120541.4687500000,133444.9531250000,152195.2187500000,,,
18.7399999697,146,176216.9218750000,190914.5937500000,166169.0625000000,165638.7968750000,132942.3593750000,121020.6406250000,133976.9531250000,149454.8281250000,,,
18.7439999697,146,175962.1406250000,185733.6875000000,165754.1875000000,165084.3281250000,132368.7187500000,120486.2109375000,133382.9687500000,150022.9218750000,,,
18.7479999696,146,175588.1250000000,201446.0781250000,165196.9062500000,164225.0625000000,131552.3437500000,119695.2812500000,132497.8906250000,153388.0781250000,,,
18.7519999696,146,175624.7968750000,213367.3437500000,165305.2656250000,164339.3437500000,131701.0625000000,119816.9765625000,132633.6718750000,154342.6718750000,,,
18.7559999698,146,175996.9531250000,207861.9687500000,165857.7187500000,165129.6875000000,132470.3750000000,120552.0078125000,133457.2656250000,152219.3593750000,,,
18.7599999697,146,176235.8593750000,190971.3281250000,166185.7187500000,165666.9375000000,132957.7656250000,121033.7031250000,133994.8906250000,149479.6093750000,,,
18.7639999697,146,175987.5156250000,185706.3906250000,165775.6406250000,165123.8437500000,132388.8125000000,120505.2031250000,133402.7968750000,150032.0312500000,,,
18.7679999697,146,175610.6250000000,201374.4843750000,165214.7343750000,164253.4375000000,131566.0156250000,119707.6718750000,132507.9062500000,153397.3750000000,,,
18.7719999696,146,175639.2187500000,213358.1406250000,165317.5156250000,164337.7812500000,131707.1250000000,119822.3671875000,132636.1875000000,154362.4062500000,,,
18.7759999698,146,175999.4218750000,207893.3750000000,165859.4375000000,165112.4687500000,132467.9062500000,120553.5390625000,133451.8750000000,152232.3125000000,,,
18.7799999698,146,176223.6718750000,191023.7656250000,166175.1875000000,165643.0312500000,132945.1875000000,121027.7500000000,133981.8281250000,149480.8437500000,,,
18.7839999697,146,175972.4062500000,185664.2968750000,165765.9843750000,165099.5312500000,132380.9531250000,120502.2265625000,133397.3750000000,150006.2812500000,,,
18.7879999697,146,175594.9218750000,201275.6250000000,165206.0937500000,164242.2500000000,131560.2500000000,119706.0625000000,132505.1093750000,153371.9218750000,,,
18.7919999696,146,175621.3906250000,213335.4531250000,165305.1875000000,164344.3593750000,131696.8281250000,119815.0156250000,132625.8593750000,154354.3906250000,,,
18.7959999696,146,175990.0312500000,207951.8281250000,165852.5625000000,165124.3750000000,132462.0625000000,120548.8437500000,133446.0312500000,152239.0156250000,,,
18.7999999698,146,176230.1718750000,191083.1406250000,166183.4375000000,165662.7812500000,132954.2500000000,121034.0781250000,133992.0781250000,149491.6250000000,,,
18.8039999697,146,175977.9062500000,185625.7656250000,165772.2343750000,165131.3750000000,132387.1250000000,120501.7187500000,133406.2031250000,149996.4218750000,,,
18.8079999697,146,175595.7656250000,201187.1093750000,165202.0781250000,164255.5312500000,131554.2656250000,119698.9062500000,132503.0468750000,153356.9062500000,,,
18.8119999697,146,175612.1093750000,213317.1875000000,165285.4375000000,164322.4218750000,131673.8906250000,119797.9609375000,132607.3125000000,154350.4531250000,,,
18.8159999696,147,175977.6875000000,208035.2500000000,165831.4531250000,165103.6406250000,132436.2812500000,120530.6875000000,133421.8437500000,152247.3593750000,,,
18.8199999696,147,176219.3125000000,191173.3750000000,166167.8593750000,165643.1406250000,132936.7031250000,121022.6562500000,133977.5156250000,149488.3281250000,,,
18.8239999695,147,175970.7500000000,185576.8593750000,165766.9531250000,165107.6562500000,132384.6250000000,120501.9843750000,133407.0937500000,149967.5312500000,,,
18.8279999695,147,175595.2968750000,201089.9062500000,165207.2031250000,164243.1562500000,131563.6093750000,119706.0625000000,132515.8906250000,153339.6093750000,,,
18.8319999694,147,175627.3906250000,213311.7343750000,165309.7656250000,164344.2187500000,131700.9843750000,119813.3046875000,132636.6250000000,154366.0781250000,,,
18.8359999694,147,175990.2187500000,208157.0937500000,165851.6250000000,165117.6406250000,132457.2968750000,120535.3515625000,133444.2343750000,152275.9531250000,,,
18.8399999696,147,176218.9531250000,191284.4218750000,166175.5000000000,165649.2031250000,132944.0781250000,121017.1875000000,133986.6562500000,149487.3593750000,,,
18.8439999695,147,175968.9218750000,185556.0781250000,165769.2031250000,165117.6406250000,132385.6406250000,120500.5625000000,133411.9375000000,149943.5312500000,,,
18.8479999695,147,175582.0937500000,201011.3906250000,165195.5312500000,164236.8593750000,131546.0937500000,119690.6406250000,132502.2968750000,153311.9843750000,,,
18.8519999695,147,175601.0000000000,213301.0937500000,165282.8125000000,164320.1875000000,131666.0312500000,119787.1250000000,132608.6718750000,154353.0781250000,,,
18.8559999694,147,175968.6562500000,208238.9062500000,165827.7343750000,165096.3437500000,132427.2187500000,120517.8125000000,133423.4531250000,152282.5156250000,,,
18.8599999696,147,176216.9218750000,191383.7656250000,166169.3906250000,165654.5468750000,132934.6406250000,121018.9531250000,133982.7656250000,149503.8281250000,,,
18.8639999696,147,175972.6718750000,185533.0156250000,165770.2812500000,165120.0000000000,132389.7812500000,120511.4296875000,133417.4687500000,149940.7343750000,,,
18.8679999695,147,175594.6406250000,200925.2187500000,165205.3437500000,164245.2031250000,131560.5781250000,119710.7890625000,132517.2343750000,153319.7812500000,,,
18.8719999695,147,175619.8281250000,213294.3593750000,165301.2343750000,164321.3750000000,131686.5000000000,119810.7812500000,132625.4375000000,154387.7031250000,,,
18.8759999694,147,175986.0625000000,208302.2812500000,165848.7343750000,165099.9687500000,132448.6250000000,120537.6562500000,133436.4843750000,152322.5937500000,,,
18.8799999694,147,176220.5625000000,191432.3437500000,166185.9062500000,165649.6562500000,132950.0937500000,121021.5312500000,133991.4062500000,149518.5312500000,,,
18.8839999696,147,175970.0468750000,185482.4531250000,165783.2812500000,165124.0781250000,132400.8750000000,120511.4765625000,133424.9218750000,149925.1562500000,,,
18.8879999695,147,175590.2187500000,200821.0625000000,165210.8750000000,164256.6562500000,131562.9375000000,119706.0156250000,132515.7812500000,153298.7031250000,,,
18.8919999695,147,175603.6562500000,213247.9531250000,165287.3750000000,164334.6562500000,131669.3593750000,119790.0156250000,132604.1718750000,154369.9531250000,,,
18.8959999694,147,175963.7500000000,208315.7500000000,165826.8750000000,165093.5625000000,132424.2656250000,120512.8203125000,133412.7500000000,152306.6093750000,,,
18.8999999694,147,176211.1718750000,191475.9062500000,166173.3125000000,165639.2500000000,132938.3750000000,121018.3125000000,133984.7812500000,149517.1562500000,,,
18.9039999696,147,175973.8281250000,185438.7812500000,165781.5156250000,165136.7656250000,132403.3437500000,120519.2890625000,133430.8437500000,149916.8125000000,,,
18.9079999696,147,175602.0468750000,200730.4687500000,165216.0000000000,164257.8593750000,131571.8593750000,119720.5000000000,132528.2656250000,153301.3593750000,,,
18.9119999695,147,175613.5312500000,213231.7343750000,165293.0781250000,164306.7812500000,131677.1406250000,119799.9687500000,132615.1093750000,154392.2031250000,,,
18.9159999695,147,175964.6250000000,208378.2968750000,165821.8750000000,165067.2187500000,132420.9218750000,120512.2578125000,133411.9375000000,152330.3437500000,,,
18.9199999694,147,176211.4218750000,191548.1250000000,166163.5156250000,165632.5156250000,132932.2031250000,121020.6718750000,133979.2812500000,149532.7500000000,,,
18.9239999694,147,175976.7812500000,185404.1250000000,165776.1562500000,165129.2031250000,132403.8125000000,120530.5000000000,133431.0625000000,149912.7343750000,,,
18.9279999696,147,175593.8906250000,200647.8281250000,165200.1250000000,164252.0156250000,131560.3281250000,119718.2187500000,132516.4062500000,153287.6562500000,,,
18.9319999695,147,175615.4062500000,213229.9531250000,165288.6250000000,164308.9062500000,131674.0000000000,119803.5390625000,132614.2031250000,154404.2500000000,,,
18.9359999695,147,175982.1250000000,208489.8593750000,165835.2656250000,165081.4375000000,132434.5468750000,120527.8984375000,133425.1406250000,152367.6250000000,,,
18.9399999694,147,176227.8125000000,191657.5937500000,166178.9375000000,165647.7187500000,132950.3906250000,121035.7968750000,133995.7812500000,149550.5000000000,,,
18.9439999694,148,176001.5937500000,185384.3906250000,165801.0937500000,165157.2343750000,132432.2343750000,120553.1328125000,133458.7656250000,149908.1718750000,,,
18.9479999694,148,175619.1093750000,200566.0625000000,165225.5468750000,164276.0468750000,131586.4843750000,119736.6718750000,132537.8593750000,153283.5468750000,,,
18.9519999693,148,175628.9843750000,213214.8281250000,165300.1406250000,164328.6406250000,131686.0781250000,119810.8359375000,132614.3906250000,154412.7343750000,,,
18.9559999693,148,175988.7656250000,208566.6406250000,165840.1718750000,165090.0156250000,132439.1562500000,120528.9921875000,133416.8281250000,152387.7968750000,,,
18.9599999692,148,176240.4218750000,191758.7187500000,166191.0156250000,165654.5468750000,132960.6875000000,121043.3593750000,133990.8125000000,149571.0156250000,,,
18.9639999692,148,176008.8593750000,185376.5625000000,165807.7812500000,165160.6093750000,132439.4531250000,120563.5703125000,133453.1875000000,149902.0000000000,,,
18.9679999694,148,175611.4687500000,200496.8906250000,165219.3437500000,164259.3125000000,131579.1875000000,119734.9531250000,132522.0312500000,153266.1875000000,,,
18.9719999693,148,175620.5625000000,213203.7500000000,165292.6250000000,164309.1406250000,131675.0000000000,119803.2187500000,132601.8281250000,154407.7968750000,,,
18.9759999693,148,175973.0468750000,208629.3750000000,165824.8906250000,165079.9531250000,132420.5937500000,120515.3984375000,133400.9687500000,152386.2656250000,,,
18.9799999692,148,176222.9843750000,191821.1875000000,166175.2968750000,165650.9218750000,132944.3281250000,121029.6328125000,133978.3906250000,149558.7343750000,,,
18.9839999692,148,175994.1875000000,185338.3593750000,165798.1718750000,165156.4843750000,132429.0937500000,120553.7812500000,133450.1875000000,149869.4687500000,,,
18.9879999694,148,175606.4218750000,200396.0781250000,165216.5625000000,164261.9375000000,131576.9843750000,119736.6718750000,132530.8125000000,153241.2500000000,,,
18.9919999694,148,175619.1093750000,213169.1250000000,165291.8437500000,164319.4218750000,131672.5625000000,119805.4140625000,132606.8750000000,154409.7500000000,,,
18.9959999693,148,175975.5000000000,208688.0468750000,165826.8906250000,165081.7812500000,132418.5312500000,120520.5468750000,133401.7031250000,152409.1250000000,,,
18.9999999693,148,176223.1406250000,191890.6562500000,166175.0156250000,165643.2812500000,132940.8906250000,121038.8593750000,133977.5625000000,149578.2343750000,,,
19.0039999692,148,175990.2500000000,185297.7031250000,165792.5312500000,165149.6875000000,132423.3906250000,120558.0703125000,133442.6875000000,149861.8437500000,,,
19.0079999692,148,175597.5937500000,200286.9375000000,165206.7187500000,164255.0625000000,131566.7187500000,119726.3671875000,132514.1718750000,153221.4218750000,,,
19.0119999694,148,175600.3281250000,213126.8281250000,165273.6718750000,164303.5937500000,131655.6875000000,119780.0937500000,132586.3281250000,154395.0468750000,,,
19.0159999693,148,175965.1093750000,208746.0000000000,165821.4062500000,165075.5625000000,132415.8437500000,120502.7890625000,133401.9062500000,152413.0937500000,,,
19.0199999693,148,176219.9843750000,191963.2031250000,166178.4531250000,165657.3750000000,132947.1875000000,121023.7812500000,133989.4687500000,149573.8125000000,,,
19.0239999692,148,176000.1718750000,185263.9843750000,165809.8125000000,165184.3437500000,132443.5000000000,120560.1640625000,133467.7812500000,149846.2968750000,,,
19.0279999692,148,175611.3281250000,200204.2343750000,165223.6406250000,164283.6093750000,131584.4687500000,119735.7343750000,132537.6718750000,153220.2500000000,,,
19.0319999694,148,175605.7187500000,213113.3437500000,165280.4531250000,164316.5937500000,131660.5625000000,119785.0859375000,132593.8437500000,154413.2187500000,,,
19.0359999693,148,175954.2968750000,208815.3437500000,165809.8437500000,165073.2500000000,132402.0156250000,120497.4765625000,133385.3125000000,152430.7656250000,,,
19.0399999693,148,176209.5625000000,192050.5625000000,166169.0937500000,165642.9218750000,132935.6406250000,121027.8593750000,133979.2812500000,149586.5000000000,,,
19.0439999693,148,175989.6250000000,185233.5625000000,165804.3750000000,165169.8593750000,132437.2812500000,120567.4062500000,133466.8437500000,149829.7968750000,,,
19.0479999692,148,175600.0625000000,200105.0000000000,165216.9375000000,164276.6406250000,131576.4218750000,119736.4296875000,132532.0468750000,153197.0468750000,,,
19.0519999692,148,175598.3281250000,213092.8125000000,165272.7343750000,164316.5937500000,131650.7812500000,119786.6640625000,132587.1093750000,154412.5625000000,,,
19.0559999694,148,175958.3750000000,208886.9218750000,165811.3437500000,165077.7343750000,132400.8281250000,120503.5703125000,133388.9531250000,152445.0937500000,,,
19.0599999693,148,176215.3593750000,192129.6406250000,166172.5000000000,165645.1718750000,132938.9062500000,121030.0859375000,133982.7656250000,149589.4687500000,,,
19.0639999693,148,175986.8125000000,185194.5937500000,165802.2187500000,165155.4062500000,132437.6875000000,120562.9218750000,133469.5312500000,149800.9375000000,,,
19.0679999692,148,175594.7500000000,199991.8906250000,165213.2031250000,164254.8593750000,131574.5156250000,119730.2343750000,132536.9218750000,153161.6406250000,,,
19.0719999692,149,175603.1250000000,213042.1718750000,165280.7968750000,164291.5937500000,131658.4218750000,119784.5234375000,132597.1406250000,154402.4843750000,,,
19.0759999692,149,175965.0000000000,208928.9062500000,165821.3125000000,165060.0000000000,132409.6250000000,120495.2500000000,133396.8125000000,152451.5781250000,,,
19.0799999691,149,176223.7343750000,192189.2031250000,166184.8906250000,165652.1718750000,132951.1406250000,121031.9609375000,133996.0000000000,149596.7343750000,,,
19.0839999691,149,175999.8437500000,185151.7031250000,165816.4687500000,165179.9687500000,132454.8281250000,120575.6093750000,133486.7968750000,149793.8906250000,,,
19.0879999690,149,175601.2968750000,199883.5000000000,165218.1406250000,164273.0625000000,131584.1250000000,119736.8281250000,132545.6093750000,153152.3906250000,,,
19.0919999690,149,175592.6875000000,213015.6562500000,165266.5781250000,164295.7812500000,131648.4375000000,119779.2890625000,132590.2968750000,154407.5468750000,,,
19.0959999692,149,175942.1562500000,209109.9062500000,165793.8593750000,165045.8437500000,132383.7968750000,120486.5859375000,133376.0468750000,152488.2187500000,,,
19.0999999691,149,176203.4531250000,192367.0625000000,166164.5625000000,165638.9531250000,132933.9375000000,121027.9140625000,133982.8281250000,149611.4062500000,,,
19.1039999691,149,175983.7343750000,185144.3593750000,165804.8750000000,165170.8281250000,132445.1875000000,120574.5390625000,133480.7656250000,149776.0156250000,,,
19.1079999690,149,175591.2656250000,199814.8593750000,165213.2656250000,164266.8906250000,131576.7500000000,119737.9062500000,132541.5312500000,153139.0000000000,,,
19.1119999690,149,175588.2031250000,213004.8125000000,165266.4531250000,164291.9843750000,131643.1250000000,119777.8437500000,132589.6250000000,154415.1093750000,,,
19.1159999692,149,175930.3750000000,209173.9218750000,165785.5937500000,165032.6406250000,132369.9531250000,120474.7578125000,133368.4062500000,152498.5781250000,,,
19.1199999691,149,176195.7500000000,192444.6093750000,166155.9531250000,165640.6718750000,132923.8125000000,121022.6015625000,133977.3281250000,149616.8281250000,,,
19.1239999691,149,175988.0937500000,185126.5000000000,165804.3750000000,165198.2656250000,132446.5937500000,120580.8125000000,133486.6875000000,149768.4375000000,,,
19.1279999691,149,175605.6718750000,199740.0781250000,165217.7968750000,164304.1875000000,131583.6875000000,119748.0937500000,132551.0625000000,153137.3125000000,,,
19.1319999690,149,175592.2656250000,212986.5781250000,165260.7656250000,164298.0625000000,131640.1250000000,119777.2265625000,132582.3281250000,154421.5000000000,,,
19.1359999690,149,175935.3437500000,209128.8125000000,165785.9687500000,165048.0937500000,132374.7656250000,120479.4296875000,133366.8281250000,152494.1718750000,,,
19.1399999692,149,176196.7812500000,192435.6718750000,166156.3281250000,165648.5625000000,132925.2500000000,121020.6406250000,133975.9843750000,149617.5000000000,,,
19.1439999691,149,175985.0937500000,185079.0000000000,165805.8906250000,165185.9531250000,132449.9375000000,120574.9921875000,133486.4218750000,149747.0468750000,,,
19.1479999691,149,175589.9218750000,199608.5937500000,165211.7031250000,164270.1718750000,131578.9687500000,119729.5859375000,132543.8437500000,153097.4531250000,,,
19.1519999690,149,175575.9843750000,212910.6406250000,165252.9843750000,164276.5000000000,131632.3281250000,119759.3593750000,132576.0000000000,154400.2812500000,,,
19.1559999690,149,175939.0625000000,209096.1718750000,165797.3906250000,165035.8906250000,132384.5000000000,120478.3515625000,133378.7968750000,152496.5000000000,,,
19.1599999692,149,176218.6875000000,192456.0937500000,166185.8281250000,165645.0156250000,132949.3125000000,121030.3515625000,133996.3750000000,149642.4531250000,,,
19.1639999691,149,176005.8593750000,185048.6093750000,165830.5156250000,165194.5468750000,132472.7343750000,120593.6875000000,133503.3281250000,149760.3906250000,,,
19.1679999691,149,175601.2656250000,199508.1562500000,165225.5000000000,164274.8125000000,131589.2968750000,119743.3203125000,132547.8906250000,153099.6562500000,,,
19.1719999691,149,175582.7343750000,212882.6875000000,165260.0625000000,164276.0156250000,131633.3437500000,119762.0468750000,132569.7812500000,154415.4843750000,,,
19.1759999690,149,175929.3593750000,209173.4062500000,165784.2500000000,165020.2187500000,132367.6718750000,120465.0000000000,133356.5312500000,152512.2031250000,,,
19.1799999690,149,176197.2656250000,192532.2031250000,166160.7500000000,165615.1093750000,132925.8125000000,121012.6484375000,133972.6562500000,149633.6250000000,,,
19.1839999692,149,175991.0468750000,185003.8125000000,165818.4218750000,165173.6250000000,132462.6250000000,120582.0781250000,133496.0000000000,149729.2968750000,,,
19.1879999691,149,175596.8125000000,199411.0781250000,165220.9843750000,164265.6406250000,131588.6250000000,119736.6953125000,132550.3593750000,153078.9531250000,,,
19.1919999691,149,175582.1250000000,212858.9843750000,165257.5468750000,164271.2656250000,131634.6250000000,119757.5625000000,132574.8281250000,154422.9531250000,,,
19.1959999690,149,175935.7656250000,209296.2031250000,165788.7343750000,165021.2656250000,132374.0000000000,120461.0000000000,133363.9843750000,152550.1250000000,,,
19.1999999690,150,176212.0625000000,192668.4062500000,166175.9843750000,165628.4375000000,132944.9375000000,121020.2109375000,133990.4687500000,149666.8593750000,,,
19.2039999689,150,176011.0937500000,185000.8125000000,165836.9218750000,165199.0937500000,132487.5937500000,120594.6250000000,133519.2031250000,149739.7343750000,,,
19.2079999689,150,175604.4843750000,199333.4531250000,165226.9375000000,164276.7187500000,131600.4062500000,119739.7578125000,132567.8281250000,153076.7500000000,,,
19.2119999689,150,175584.0468750000,212855.6875000000,165256.3593750000,164268.7968750000,131639.5312500000,119752.2265625000,132585.8437500000,154432.8750000000,,,
19.2159999688,150,175939.9218750000,209386.2812500000,165788.5468750000,165033.9531250000,132379.5937500000,120458.1328125000,133373.7500000000,152574.3125000000,,,
19.2199999688,150,176215.2343750000,192770.6093750000,166178.0468750000,165652.6562500000,132950.6093750000,121017.7734375000,134002.4375000000,149682.0937500000,,,
19.2239999690,150,176014.3906250000,184987.7968750000,165842.8593750000,165213.6718750000,132496.0937500000,120598.2500000000,133535.3437500000,149726.6718750000,,,
19.2279999689,150,175615.2500000000,199252.4062500000,165237.9375000000,164283.7968750000,131612.4687500000,119750.6718750000,132582.2500000000,153066.6562500000,,,
19.2319999689,150,175594.0781250000,212835.5468750000,165265.5625000000,164279.6718750000,131646.2968750000,119763.0625000000,132593.5781250000,154443.0625000000,,,
19.2359999688,150,175944.3281250000,209450.0000000000,165791.4687500000,165024.5156250000,132377.8437500000,120465.6953125000,133376.2343750000,152594.6406250000,,,
19.2399999688,150,176211.5781250000,192854.6875000000,166172.0781250000,165626.5156250000,132941.3750000000,121015.0625000000,133999.0781250000,149687.7031250000,,,
19.2439999690,150,176012.1562500000,184977.7187500000,165841.7812500000,165203.4687500000,132494.5468750000,120601.6015625000,133544.0937500000,149709.9062500000,,,
19.2479999689,150,175615.2656250000,199173.6250000000,165237.9687500000,164289.1093750000,131613.0156250000,119751.1562500000,132592.2812500000,153048.1562500000,,,
19.2519999689,150,175585.0156250000,212817.5937500000,165256.5000000000,164271.7187500000,131637.5468750000,119750.1875000000,132594.0781250000,154433.7343750000,,,
19.2559999689,150,175923.0000000000,209505.4687500000,165775.8593750000,165000.9062500000,132361.6093750000,120438.7109375000,133371.7656250000,152583.6562500000,,,
19.2599999688,150,176201.0156250000,192934.4843750000,166166.8437500000,165613.5625000000,132937.5156250000,121009.2421875000,134008.9218750000,149687.6718750000,,,
19.2639999688,150,176008.3437500000,184954.7187500000,165840.4375000000,165192.0000000000,132495.7500000000,120605.7890625000,133559.7343750000,149697.2187500000,,,
19.2679999690,150,175606.8281250000,199075.0312500000,165229.4375000000,164273.5156250000,131605.0937500000,119751.9609375000,132596.7968750000,153028.6250000000,,,
19.2719999689,150,175587.3281250000,212792.5468750000,165253.8906250000,164256.7656250000,131634.0625000000,119755.8515625000,132591.6718750000,154445.9843750000,,,
19.2759999689,150,175930.1875000000,209641.6250000000,165772.8281250000,164990.6406250000,132357.8593750000,120442.4140625000,133371.1250000000,152627.6093750000,,,
19.2799999688,150,176214.6875000000,193106.7031250000,166169.7656250000,165626.5312500000,132942.3593750000,121021.1796875000,134016.4375000000,149724.3593750000,,,
19.2839999688,150,176029.3750000000,184970.8125000000,165854.6562500000,165223.4531250000,132513.5937500000,120622.0390625000,133577.1875000000,149701.2968750000,,,
19.2879999690,150,175628.6562500000,198994.1093750000,165248.0312500000,164298.3281250000,131625.6406250000,119760.0625000000,132612.5312500000,153025.7656250000,,,
19.2919999689,150,175596.9531250000,212777.5000000000,165267.4375000000,164270.3593750000,131646.1406250000,119744.9062500000,132580.4531250000,154453.8437500000,,,
19.2959999689,150,175937.0312500000,209841.2031250000,165783.8281250000,165001.9062500000,132365.1250000000,120429.8046875000,133347.8593750000,152670.4531250000,,,
19.2999999688,150,176222.7187500000,193285.1250000000,166187.4375000000,165641.0000000000,132959.0781250000,121014.4218750000,134026.4687500000,149740.5625000000,,,
19.3039999688,150,176032.7343750000,184942.8437500000,165865.0625000000,165232.3281250000,132525.1250000000,120619.3828125000,133599.7968750000,149679.5156250000,,,
19.3079999688,150,175642.9531250000,198900.8750000000,165262.5625000000,164313.6250000000,131640.7968750000,119770.3281250000,132644.9843750000,153017.1718750000,,,
19.3119999690,150,175614.2031250000,212744.2656250000,165277.5000000000,164289.5312500000,131655.0156250000,119761.7500000000,132627.9375000000,154470.2656250000,,,
19.3159999689,150,175954.1093750000,209771.2500000000,165794.5000000000,165024.4687500000,132374.1875000000,120450.8046875000,133389.2187500000,152677.4531250000,,,
19.3199999689,150,176223.4062500000,193251.1250000000,166185.7812500000,165641.6718750000,132954.0156250000,121023.2734375000,134026.4843750000,149747.9843750000,,,
19.3239999688,150,176027.1718750000,184912.3750000000,165864.2343750000,165237.7187500000,132523.7031250000,120626.3046875000,133585.4531250000,149674.0156250000,,,
19.3279999688,151,175625.9218750000,198802.5625000000,165253.5156250000,164302.8437500000,131631.9531250000,119766.1171875000,132622.0000000000,152994.1406250000,,,
19.3319999687,151,175592.7656250000,212695.6562500000,165262.6093750000,164256.2187500000,131641.7031250000,119754.8046875000,132607.9531250000,154460.6093750000,,,
19.3359999687,151,175944.6406250000,209710.7656250000,165792.1406250000,164998.9062500000,132375.1875000000,120454.8281250000,133391.9062500000,152673.3906250000,,,
19.3399999687,151,176227.8281250000,193230.2812500000,166191.0312500000,165630.6718750000,132959.7812500000,121027.7500000000,134035.2656250000,149764.3593750000,,,
19.3439999686,151,176032.8437500000,184872.9375000000,165867.3125000000,165231.2812500000,132528.0156250000,120631.3750000000,133593.2031250000,149680.7187500000,,,
19.3479999686,151,175630.0000000000,198703.3750000000,165251.8125000000,164303.1093750000,131631.2031250000,119770.7890625000,132624.4687500000,152992.8750000000,,,
19.3519999688,151,175598.2343750000,212660.7187500000,165261.1875000000,164265.4843750000,131638.8593750000,119754.8046875000,132605.0312500000,154473.2656250000,,,
19.3559999687,151,175940.8437500000,209757.9218750000,165778.1093750000,164997.3906250000,132359.7343750000,120443.0859375000,133370.4218750000,152686.2656250000,,,
19.3599999687,151,176223.4062500000,193302.2500000000,166177.7031250000,165623.9375000000,132948.0312500000,121022.7890625000,134019.4843750000,149770.0468750000,,,
19.3639999686,151,176026.7812500000,184855.4375000000,165854.5781250000,165226.6406250000,132523.1718750000,120630.3046875000,133588.7187500000,149661.5156250000,,,
19.3679999686,151,175624.0468750000,198618.3281250000,165241.6406250000,164301.2500000000,131628.1406250000,119769.6640625000,132621.4375000000,152972.7656250000,,,
19.3719999688,151,175591.4218750000,212648.8125000000,165249.7187500000,164264.2656250000,131631.8125000000,119753.0859375000,132597.4062500000,154474.6406250000,,,
19.3759999687,151,175931.5000000000,209902.8906250000,165766.0937500000,164987.8281250000,132349.1406250000,120437.8828125000,133362.4062500000,152710.2187500000,,,
19.3799999687,151,176211.7187500000,193469.8750000000,166167.6406250000,165612.8593750000,132938.9843750000,121011.5546875000,134011.6250000000,149773.8281250000,,,
19.3839999686,151,176034.1250000000,184860.8281250000,165866.0625000000,165237.1406250000,132535.2343750000,120639.1250000000,133598.0625000000,149645.9843750000,,,
19.3879999686,151,175631.8437500000,198518.5312500000,165251.8906250000,164306.6250000000,131637.4531250000,119779.5078125000,132628.9531250000,152950.8125000000,,,
19.3919999686,151,175588.0000000000,212602.9375000000,165248.9375000000,164255.5000000000,131627.4375000000,119746.3281250000,132591.3125000000,154463.6875000000,,,
19.3959999688,151,175924.5312500000,209980.0937500000,165764.1093750000,164979.9843750000,132341.9062500000,120420.5781250000,133351.2500000000,152716.2343750000,,,
19.3999999687,151,176209.4687500000,193571.4843750000,166170.1875000000,165616.8593750000,132938.4218750000,121007.9062500000,134007.9062500000,149775.8125000000,,,
19.4039999687,151,176036.5156250000,184831.6718750000,165875.9843750000,165249.4375000000,132542.0781250000,120646.2109375000,133605.7343750000,149626.2656250000,,,
19.4079999686,151,175641.2343750000,198411.6875000000,165269.6718750000,164327.5937500000,131651.9531250000,119789.1328125000,132643.1718750000,152937.5937500000,,,
19.4119999686,151,175597.0312500000,212565.7343750000,165266.9062500000,164261.6406250000,131638.5468750000,119754.4296875000,132600.2187500000,154475.2187500000,,,
19.4159999688,151,175932.0937500000,210024.3906250000,165776.6093750000,164986.4062500000,132346.6250000000,120431.1718750000,133354.6562500000,152740.5000000000,,,
19.4199999687,151,176211.8281250000,193647.1562500000,166175.4218750000,165630.6406250000,132939.2812500000,121014.0156250000,134007.9843750000,149796.2656250000,,,
19.4239999687,151,176041.6875000000,184815.9687500000,165881.4062500000,165270.2031250000,132547.6562500000,120653.0703125000,133606.5937500000,149628.0156250000,,,
19.4279999686,151,175638.0156250000,198320.0937500000,165261.6562500000,164337.9843750000,131644.4687500000,119787.1484375000,132631.3906250000,152928.0156250000,,,
19.4319999686,151,175592.6875000000,212530.7656250000,165253.5468750000,164260.0312500000,131626.7500000000,119748.3359375000,132588.8281250000,154480.0468750000,,,
19.4359999686,151,175917.1875000000,210073.7968750000,165750.6093750000,164957.2187500000,132325.0000000000,120417.6328125000,133336.0625000000,152750.4531250000,,,
19.4399999687,151,176202.7500000000,193723.3750000000,166156.2656250000,165605.1406250000,132925.6562500000,121010.4531250000,133998.3750000000,149805.4218750000,,,
19.4439999687,151,176028.0156250000,184799.2968750000,165862.2187500000,165241.1562500000,132534.6406250000,120653.0234375000,133604.2500000000,149607.7343750000,,,
19.4479999687,151,175624.1250000000,198209.8750000000,165245.5000000000,164308.5312500000,131633.1250000000,119785.7031250000,132632.8906250000,152895.0781250000,,,
19.4519999686,151,175575.5468750000,212479.4531250000,165232.1406250000,164238.6875000000,131610.0937500000,119731.5234375000,132581.9843750000,154463.5781250000,,,
19.4559999686,152,175912.2812500000,210125.5937500000,165745.0156250000,164966.9843750000,132320.9062500000,120393.4921875000,133333.2500000000,152761.9843750000,,,
19.4599999685,152,176209.0937500000,193809.3125000000,166166.3281250000,165628.2343750000,132933.6718750000,120995.3515625000,133996.8750000000,149824.4687500000,,,
19.4639999685,152,176028.0312500000,184772.9531250000,165869.4062500000,165259.4531250000,132542.0000000000,120658.3828125000,133603.5312500000,149601.4687500000,,,
19.4679999684,152,175625.7343750000,198102.5625000000,165254.2968750000,164311.4218750000,131643.3125000000,119796.4062500000,132636.3593750000,152885.6406250000,,,
19.4719999684,152,175582.7656250000,212441.2031250000,165246.7031250000,164247.5937500000,131623.9218750000,119753.1640625000,132585.7968750000,154480.7187500000,,,
19.4759999684,152,175920.3437500000,210239.8281250000,165757.9843750000,164974.4843750000,132333.1250000000,120434.1015625000,133339.6250000000,152806.2187500000,,,
19.4799999685,152,176220.5625000000,193943.7500000000,166180.2500000000,165623.1875000000,132950.1406250000,121036.2265625000,134007.1562500000,149856.4531250000,,,
19.4839999685,152,176049.1406250000,184759.0312500000,165890.3281250000,165259.9843750000,132566.7968750000,120688.6640625000,133616.3593750000,149606.7500000000,,,
19.4879999685,152,175632.5781250000,198007.2343750000,165256.7656250000,164312.6875000000,131649.1093750000,119815.6640625000,132631.6562500000,152877.1093750000,,,
19.4919999684,152,175585.4531250000,212411.3750000000,165243.0937500000,164237.5312500000,131618.5156250000,119757.7265625000,132564.8750000000,154483.5156250000,,,
19.4959999684,152,175925.5468750000,210323.9687500000,165755.7968750000,164961.1406250000,132325.5937500000,120431.9531250000,133316.0000000000,152823.6562500000,,,
19.4999999686,152,176228.8593750000,194054.6093750000,166186.8437500000,165634.5781250000,132952.3750000000,121043.7890625000,134005.4062500000,149866.4375000000,,,
19.5039999685,152,176059.2343750000,184743.2343750000,165901.7812500000,165278.4375000000,132576.3281250000,120697.0390625000,133622.3125000000,149590.1093750000,,,
19.5079999685,152,175654.8593750000,197913.7656250000,165281.3125000000,164338.5625000000,131670.4375000000,119824.1093750000,132644.2656250000,152869.5156250000,,,
19.5119999684,152,175604.7656250000,212387.9531250000,165263.0781250000,164258.0468750000,131636.6406250000,119768.2968750000,132581.3125000000,154502.8437500000,,,
19.5159999684,152,175936.5156250000,210420.0468750000,165766.5468750000,164976.5000000000,132335.9218750000,120436.8593750000,133327.3125000000,152857.7500000000,,,
19.5199999684,152,176224.7968750000,194193.1406250000,166181.0000000000,165626.3437500000,132951.3281250000,121043.1484375000,134005.0000000000,149885.8593750000,,,
19.5239999685,152,176053.0625000000,184762.1406250000,165893.7656250000,165274.1718750000,132576.2187500000,120702.5312500000,133625.5781250000,149580.1718750000,,,
19.5279999685,152,175644.0781250000,197842.4687500000,165268.5156250000,164338.9375000000,131663.6562500000,119830.7656250000,132641.2343750000,152852.4687500000,,,
19.5319999685,152,175581.9375000000,212358.9062500000,165237.7187500000,164234.0468750000,131616.1562500000,119764.8906250000,132563.6093750000,154495.3437500000,,,
19.5359999684,152,175901.5468750000,210408.5781250000,165731.3906250000,164922.0468750000,132306.5468750000,120426.0546875000,133299.9531250000,152843.9062500000,,,
19.5399999684,152,176199.0000000000,194207.5937500000,166158.6562500000,165585.3906250000,132930.0000000000,121032.8750000000,133986.0156250000,149876.4375000000,,,
19.5439999686,152,176053.8437500000,184744.9218750000,165901.1718750000,165270.6406250000,132582.3906250000,120713.1562500000,133633.6562500000,149571.5625000000,,,
19.5479999685,152,175643.2500000000,197739.1250000000,165269.3281250000,164332.6875000000,131663.6718750000,119831.1640625000,132643.5156250000,152825.0000000000,,,
19.5519999685,152,175582.3125000000,212316.8593750000,165239.0625000000,164235.4687500000,131614.2968750000,119759.8984375000,132564.5468750000,154483.0312500000,,,
19.5559999684,152,175909.9687500000,210369.4062500000,165741.0625000000,164941.7968750000,132314.7343750000,120424.2578125000,133308.1093750000,152832.9062500000,,,
19.5599999684,152,176206.1093750000,194182.3906250000,166165.3906250000,165608.6406250000,132935.8281250000,121022.1718750000,133987.2968750000,149868.4218750000,,,
19.5639999683,152,176055.9531250000,184706.1875000000,165902.5312500000,165280.7187500000,132585.3906250000,120703.6093750000,133631.5000000000,149556.2187500000,,,
19.5679999685,152,175648.9843750000,197629.6406250000,165275.2968750000,164335.3281250000,131671.6406250000,119831.5937500000,132648.7500000000,152812.4687500000,,,
19.5719999685,152,175591.7968750000,212258.2187500000,165246.8437500000,164247.2031250000,131623.5000000000,119763.7031250000,132568.5468750000,154496.3593750000,,,
19.5759999685,152,175925.8125000000,210384.5312500000,165757.1406250000,164969.4218750000,132328.4062500000,120437.6406250000,133318.5000000000,152865.6562500000,,,
19.5799999684,152,176222.0625000000,194228.7812500000,166179.5312500000,165642.0156250000,132945.5000000000,121044.8671875000,133997.9531250000,149904.9218750000,,,
19.5839999684,153,176064.4687500000,184675.7187500000,165910.2031250000,165311.3437500000,132590.1875000000,120720.6406250000,133641.0625000000,149564.2656250000,,,
19.5879999683,153,175648.7187500000,197521.6875000000,165274.6250000000,164361.5000000000,131667.4843750000,119831.7031250000,132648.3906250000,152798.6875000000,,,
19.5919999683,153,175580.4062500000,212216.1093750000,165233.2500000000,164255.0937500000,131604.3750000000,119744.9609375000,132551.1093750000,154486.0312500000,,,
19.5959999682,153,175914.8750000000,210498.7812500000,165738.2187500000,164967.7812500000,132304.9687500000,120411.0312500000,133293.2812500000,152877.9218750000,,,
19.5999999682,153,176217.0468750000,194381.8281250000,166167.2656250000,165636.2187500000,132933.2187500000,121028.6093750000,133982.1562500000,149911.5781250000,,,
19.6039999682,153,176064.2812500000,184683.0156250000,165905.8281250000,165317.4375000000,132589.0625000000,120717.7656250000,133635.8750000000,149551.3593750000,,,
19.6079999683,153,175655.1562500000,197438.2656250000,165278.6562500000,164369.3125000000,131673.7343750000,119840.8984375000,132650.2812500000,152793.3125000000,,,
19.6119999683,153,175575.5000000000,212186.0156250000,165223.2968750000,164245.9843750000,131595.1406250000,119748.6093750000,132536.6875000000,154498.1562500000,,,
19.6159999683,153,175900.6093750000,210579.6093750000,165720.1718750000,164949.2812500000,132286.0781250000,120408.5078125000,133270.9687500000,152901.0156250000,,,
19.6199999682,153,176202.6250000000,194496.7187500000,166154.6562500000,165616.4843750000,132921.2656250000,121030.2968750000,133970.9375000000,149925.7343750000,,,
19.6239999682,153,176053.9531250000,184680.4218750000,165900.2812500000,165294.7187500000,132585.5000000000,120727.7968750000,133638.5625000000,149537.8437500000,,,
19.6279999684,153,175649.3906250000,197353.0781250000,165273.5000000000,164352.7500000000,131669.6250000000,119849.8046875000,132651.9062500000,152775.8281250000,,,
19.6319999683,153,175573.2968750000,212156.1093750000,165221.2343750000,164235.8125000000,131591.0468750000,119749.1171875000,132540.5468750000,154493.5468750000,,,
19.6359999683,153,175897.1406250000,210632.1875000000,165719.3125000000,164930.9531250000,132283.1875000000,120405.1875000000,133277.0468750000,152905.8906250000,,,
19.6399999682,153,176219.0312500000,194590.2343750000,166173.5781250000,165631.3906250000,132938.5312500000,121042.8515625000,133990.1718750000,149948.3281250000,,,
19.6439999682,153,176068.1093750000,184677.8125000000,165916.0000000000,165310.4062500000,132603.2031250000,120738.3984375000,133650.6875000000,149538.4375000000,,,
19.6479999681,153,175641.9062500000,197251.1562500000,165268.0000000000,164323.5156250000,131670.2968750000,119850.2656250000,132649.1250000000,152755.9218750000,,,
19.6519999683,153,175562.7500000000,212113.9218750000,165210.1718750000,164187.6406250000,131588.4218750000,119752.1718750000,132536.8906250000,154496.1718750000,,,
19.6559999683,153,175883.9687500000,210742.5000000000,165704.3281250000,164887.6718750000,132274.4687500000,120404.9453125000,133268.4218750000,152936.6562500000,,,
19.6599999683,153,176194.8125000000,194743.3125000000,166149.5468750000,165587.2500000000,132921.8281250000,121035.5546875000,133978.9375000000,149958.6562500000,,,
19.6639999682,153,176051.1250000000,184682.7968750000,165901.6718750000,165292.9843750000,132594.7187500000,120734.1328125000,133648.2187500000,149514.2343750000,,,
19.6679999682,153,175642.1250000000,197155.6718750000,165270.9062500000,164347.9218750000,131671.3437500000,119851.6328125000,132652.9062500000,152732.4531250000,,,
19.6719999684,153,175559.0312500000,212067.2812500000,165208.6718750000,164215.1875000000,131579.6406250000,119744.6328125000,132532.2500000000,154486.9218750000,,,
19.6759999683,153,175878.2968750000,210833.6250000000,165697.9843750000,164902.6562500000,132260.0468750000,120393.5937500000,133256.0312500000,152948.0312500000,,,
19.6799999683,153,176193.0937500000,194879.8593750000,166148.5156250000,165592.5468750000,132915.2812500000,121029.5781250000,133970.8281250000,149963.7812500000,,,
19.6839999682,153,176062.7968750000,184673.7656250000,165914.9218750000,165305.4531250000,132606.2656250000,120746.2031250000,133659.8593750000,149499.2187500000,,,
19.6879999682,153,175663.3593750000,197055.6406250000,165293.2968750000,164361.1562500000,131691.7812500000,119863.0312500000,132673.0156250000,152718.5312500000,,,
19.6919999681,153,175580.5312500000,212037.6093750000,165230.0468750000,164228.4375000000,131598.3125000000,119748.3906250000,132545.7968750000,154499.3125000000,,,
19.6959999683,153,175896.6875000000,210896.2031250000,165716.9531250000,164910.2031250000,132275.6562500000,120395.0703125000,133265.5000000000,152976.5156250000,,,
19.6999999683,153,176206.5625000000,194968.4375000000,166164.0000000000,165594.7187500000,132926.2187500000,121031.0546875000,133977.6406250000,149986.9531250000,,,
19.7039999682,153,176068.2500000000,184670.7656250000,165921.0156250000,165311.1562500000,132608.9218750000,120744.2421875000,133657.0625000000,149494.8750000000,,,
19.7079999682,153,175661.2656250000,196961.6875000000,165286.1406250000,164366.2812500000,131683.5000000000,119861.8203125000,132659.9843750000,152704.2968750000,,,
19.7119999682,154,175579.5156250000,211992.6250000000,165223.5312500000,164212.9531250000,131589.6718750000,119753.3515625000,132533.5468750000,154506.7656250000,,,
19.7159999681,154,175895.3750000000,210845.7187500000,165713.7968750000,164898.5625000000,132271.7812500000,120399.9296875000,133257.7656250000,152977.4843750000,,,
19.7199999681,154,176204.4687500000,194943.0000000000,166158.6406250000,165596.0468750000,132920.7812500000,121030.9453125000,133968.9531250000,149992.7656250000,,,
19.7239999680,154,176054.0625000000,184648.9531250000,165909.2343750000,165312.5625000000,132601.2656250000,120738.7421875000,133647.5937500000,149481.8125000000,,,
19.7279999680,154,175637.9687500000,196860.7031250000,165271.8906250000,164353.7500000000,131674.3281250000,119849.3515625000,132650.7500000000,152673.3750000000,,,
19.7319999679,154,175550.3593750000,211940.3593750000,165202.2187500000,164201.2656250000,131570.6250000000,119726.1562500000,132514.0937500000,154482.3906250000,,,
19.7359999681,154,175860.7968750000,210880.2031250000,165677.9062500000,164886.5468750000,132237.0312500000,120363.4765625000,133220.8593750000,152959.6406250000,,,
19.7399999681,154,176184.0625000000,195007.9218750000,166134.1406250000,165595.9531250000,132898.1093750000,121008.9765625000,133941.7031250000,149981.7656250000,,,
19.7439999681,154,176058.2656250000,184627.7031250000,165907.4218750000,165320.6250000000,132600.4062500000,120740.5156250000,133642.4531250000,149471.7968750000,,,
19.7479999680,154,175654.5156250000,196755.1875000000,165282.2812500000,164365.4375000000,131684.4375000000,119861.5781250000,132656.5000000000,152662.7968750000,,,
19.7519999680,154,175572.8437500000,211893.8125000000,165222.5625000000,164207.6718750000,131590.0468750000,119744.3125000000,132526.5156250000,154495.2343750000,,,
19.7559999682,154,175889.6562500000,210979.5937500000,165711.0312500000,164884.9531250000,132267.2812500000,120388.4453125000,133243.0625000000,153005.7031250000,,,
19.7599999681,154,176205.0312500000,195165.9843750000,166162.6093750000,165594.3281250000,132924.8750000000,121027.5078125000,133960.9843750000,150015.0000000000,,,
19.7639999681,154,176073.3437500000,184643.7187500000,165934.8593750000,165326.4218750000,132629.1718750000,120756.1250000000,133669.3281250000,149466.5468750000,,,
19.7679999680,154,175667.5000000000,196658.8906250000,165304.8281250000,164378.5312500000,131705.6250000000,119872.6875000000,132677.1250000000,152650.9687500000,,,
19.7719999680,154,175573.5625000000,211855.1406250000,165223.6406250000,164209.3906250000,131587.5312500000,119741.9296875000,132524.9062500000,154500.8437500000,,,
19.7759999679,154,175884.8906250000,211025.4843750000,165702.8750000000,164891.5625000000,132258.0312500000,120380.9921875000,133239.9062500000,153019.4843750000,,,
19.7799999681,154,176202.7343750000,195245.9843750000,166156.8593750000,165597.7031250000,132919.3750000000,121028.9296875000,133962.2187500000,150032.6875000000,,,
19.7839999681,154,176070.9062500000,184654.6718750000,165927.7500000000,165332.2656250000,132623.6093750000,120761.7578125000,133666.2968750000,149465.7968750000,,,
19.7879999680,154,175657.7656250000,196579.9843750000,165291.9062500000,164376.9531250000,131695.7500000000,119870.6484375000,132667.5781250000,152630.7500000000,,,
19.7919999680,154,175570.1250000000,211813.0312500000,165218.2187500000,164209.5000000000,131583.4062500000,119742.7890625000,132522.5156250000,154496.9843750000,,,
19.7959999680,154,175887.6562500000,211045.6250000000,165705.3437500000,164885.9531250000,132257.9687500000,120384.4531250000,133242.1875000000,153030.6718750000,,,
19.7999999681,154,176212.3906250000,195303.0625000000,166166.2500000000,165587.7031250000,132926.0625000000,121039.3671875000,133973.2187500000,150048.5937500000,,,
19.8039999681,154,176077.6875000000,184634.6875000000,165936.8750000000,165330.0781250000,132632.4375000000,120769.0234375000,133681.0156250000,149452.3281250000,,,
19.8079999681,154,175654.6406250000,196459.0625000000,165288.3125000000,164363.0000000000,131693.7656250000,119869.1171875000,132675.0000000000,152598.2968750000,,,
19.8119999680,154,175562.4531250000,211757.0781250000,165210.2343750000,164198.7968750000,131576.0000000000,119736.3984375000,132523.1718750000,154482.7343750000,,,
19.8159999680,154,175879.2343750000,211092.3125000000,165697.2968750000,164885.0156250000,132250.2500000000,120378.2031250000,133236.4375000000,153032.4062500000,,,
19.8199999679,154,176204.8750000000,195393.8281250000,166159.5468750000,165592.1718750000,132919.8906250000,121029.3046875000,133964.0156250000,150048.4843750000,,,
19.8239999681,154,176078.1406250000,184634.8437500000,165939.0156250000,165330.0937500000,132636.1406250000,120773.5625000000,133681.6718750000,149438.7343750000,,,
19.8279999681,154,175660.6875000000,196364.5468750000,165297.3437500000,164370.1562500000,131702.7031250000,119883.8671875000,132681.0156250000,152582.9062500000,,,
19.8319999680,154,175572.3906250000,211724.8125000000,165220.9843750000,164207.8906250000,131583.3125000000,119747.3984375000,132525.3125000000,154492.3437500000,,,
19.8359999680,154,175884.2500000000,211151.8906250000,165700.9375000000,164884.0781250000,132248.8281250000,120376.0312500000,133230.2812500000,153051.9687500000,,,
19.8399999680,155,176194.9843750000,195487.0937500000,166150.5312500000,165585.0625000000,132905.8593750000,121014.6640625000,133950.6093750000,150048.7500000000,,,
19.8439999679,155,176076.9687500000,184634.6093750000,165942.0156250000,165343.8281250000,132637.3750000000,120774.2265625000,133684.9843750000,149421.6718750000,,,
19.8479999679,155,175660.5000000000,196269.9531250000,165299.8437500000,164373.4062500000,131705.8125000000,119881.9140625000,132685.0937500000,152561.1406250000,,,
19.8519999678,155,175560.5000000000,211684.2343750000,165210.4531250000,164187.6406250000,131573.6562500000,119733.7187500000,132517.5781250000,154481.8750000000,,,
19.8559999678,155,175877.9218750000,211247.4375000000,165694.5781250000,164861.8437500000,132243.3593750000,120371.2031250000,133226.1718750000,153071.7031250000,,,
19.8599999677,155,176205.3125000000,195641.9062500000,166160.3437500000,165577.0781250000,132914.6875000000,121026.4609375000,133957.9375000000,150085.2812500000,,,
19.8639999679,155,176082.3593750000,184661.8750000000,165942.4218750000,165333.6875000000,132638.5312500000,120785.2265625000,133686.4375000000,149430.1250000000,,,
19.8679999679,155,175659.9843750000,196191.2187500000,165292.6875000000,164375.3906250000,131698.2812500000,119891.4843750000,132676.9375000000,152560.0000000000,,,
19.8719999678,155,175555.5156250000,211640.0781250000,165200.1718750000,164194.8750000000,131560.1250000000,119732.0859375000,132503.2343750000,154493.0000000000,,,
19.8759999678,155,175857.8750000000,211279.7500000000,165671.4687500000,164864.3281250000,132216.0468750000,120350.2812500000,133202.0781250000,153079.8593750000,,,
19.8799999678,155,176174.7812500000,195708.7031250000,166127.5156250000,165571.8437500000,132882.3906250000,121001.4140625000,133932.0156250000,150079.8593750000,,,
19.8839999679,155,176054.5625000000,184640.8281250000,165917.6093750000,165330.5312500000,132618.5781250000,120763.0156250000,133669.5937500000,149395.2343750000,,,
19.8879999679,155,175644.9062500000,196068.0000000000,165283.2187500000,164373.0000000000,131693.7500000000,119876.6796875000,132675.0312500000,152514.3437500000,,,
19.8919999679,155,175547.1406250000,211567.6875000000,165194.8281250000,164188.2031250000,131557.8593750000,119723.6640625000,132501.7031250000,154470.6406250000,,,
19.8959999678,155,175860.8281250000,211287.3906250000,165675.9375000000,164864.9218750000,132222.9218750000,120355.2109375000,133207.1562500000,153082.4843750000,,,
19.8999999678,155,176189.8281250000,195756.4062500000,166146.4843750000,165584.0781250000,132904.0156250000,121016.9921875000,133948.4687500000,150094.8281250000,,,
19.9039999677,155,176076.4218750000,184624.2812500000,165944.8281250000,165353.9375000000,132647.5937500000,120785.4921875000,133695.8281250000,149403.1093750000,,,
19.9079999679,155,175665.5625000000,195962.4375000000,165305.5625000000,164397.8750000000,131715.7187500000,119897.0937500000,132697.4218750000,152514.9375000000,,,
19.9119999679,155,175562.2500000000,211527.1093750000,165205.9375000000,164195.3593750000,131567.1406250000,119735.8671875000,132508.7343750000,154488.7187500000,,,
19.9159999678,155,175850.1562500000,211317.4375000000,165662.8593750000,164843.5156250000,132210.2656250000,120342.2031250000,133194.7968750000,153089.3281250000,,,
19.9199999678,155,176160.7500000000,195817.7343750000,166117.0937500000,165563.3750000000,132876.2187500000,120990.5468750000,133925.3437500000,150082.7031250000,,,
19.9239999678,155,176048.9062500000,184621.0000000000,165918.5468750000,165338.8437500000,132625.8125000000,120765.3281250000,133679.4062500000,149367.6562500000,,,
19.9279999679,155,175641.9062500000,195854.2812500000,165284.8281250000,164376.2812500000,131700.1250000000,119878.1015625000,132687.9531250000,152464.7187500000,,,
19.9319999679,155,175539.0937500000,211459.9687500000,165188.1875000000,164170.0781250000,131552.0781250000,119712.2343750000,132503.9531250000,154453.1250000000,,,
19.9359999679,155,175844.5937500000,211346.8281250000,165661.1093750000,164825.3593750000,132207.8125000000,120332.7343750000,133200.0468750000,153083.6875000000,,,
19.9399999678,155,176164.0468750000,195896.2031250000,166118.7187500000,165543.4218750000,132876.6250000000,120989.8281250000,133934.6250000000,150087.2968750000,,,
19.9439999678,155,176055.9843750000,184616.6562500000,165923.4531250000,165328.4062500000,132629.1406250000,120772.8906250000,133694.3750000000,149355.2968750000,,,
19.9479999677,155,175647.2500000000,195752.9531250000,165286.1718750000,164374.2343750000,131699.3281250000,119883.7109375000,132696.6562500000,152444.6562500000,,,
19.9519999679,155,175544.4062500000,211406.9687500000,165187.7812500000,164165.1093750000,131548.6718750000,119716.5000000000,132508.6875000000,154456.7187500000,,,
19.9559999679,155,175841.0312500000,211421.4843750000,165648.7500000000,164827.0312500000,132192.2656250000,120326.6796875000,133195.4843750000,153110.3750000000,,,
19.9599999678,155,176169.2343750000,196028.0937500000,166118.0312500000,165563.7500000000,132872.2500000000,120990.4687500000,133938.7500000000,150119.7968750000,,,
19.9639999678,155,176068.8593750000,184636.1562500000,165931.9531250000,165364.3281250000,132636.4687500000,120784.1796875000,133709.1093750000,149370.9062500000,,,
19.9679999677,156,175651.6718750000,195675.7343750000,165285.2812500000,164406.4062500000,131698.4687500000,119886.6562500000,132705.4218750000,152445.2812500000,,,
19.9719999677,156,175544.4062500000,211378.8906250000,165181.6093750000,164194.2343750000,131542.1250000000,119712.2343750000,132510.5000000000,154470.9062500000,,,
19.9759999677,156,175838.2187500000,211517.0937500000,165641.6718750000,164829.8906250000,132184.5312500000,120321.2343750000,133192.0000000000,153140.9531250000,,,
19.9799999676,156,176166.7031250000,196169.9843750000,166115.5000000000,165555.3750000000,132871.3906250000,120992.3984375000,133944.1406250000,150145.5156250000,,,
19.9839999676,156,176071.6250000000,184663.4062500000,165938.3437500000,165357.4531250000,132646.4062500000,120795.1250000000,133727.6875000000,149372.2187500000,,,
19.9879999675,156,175665.2968750000,195601.2187500000,165301.7812500000,164399.6718750000,131719.5156250000,119904.2265625000,132732.4531250000,152446.0468750000,,,
19.9919999677,156,175552.4062500000,211353.1875000000,165193.7656250000,164173.0156250000,131557.8593750000,119724.1171875000,132533.5468750000,154485.1718750000,,,
19.9959999677,156,175853.3437500000,211566.2187500000,165663.5468750000,164820.4531250000,132206.8281250000,120338.9062500000,133222.4218750000,153168.4531250000,,,
19.9999999676,156,176188.6250000000,196268.3437500000,166141.8906250000,165561.3906250000,132897.2812500000,121014.1250000000,133976.3281250000,150177.2812500000,,,
20.0039999676,156,176087.7187500000,184686.8593750000,165959.5000000000,165371.9375000000,132669.9687500000,120814.5937500000,133758.1562500000,149374.5937500000,,,
20.0079999676,156,175670.8437500000,195510.1250000000,165316.5781250000,164411.2031250000,131733.7031250000,119918.4453125000,132756.8906250000,152421.5312500000,,,
20.0119999677,156,175556.7968750000,211304.4531250000,165202.5000000000,164191.2812500000,131560.8750000000,119729.1875000000,132541.6406250000,154475.9218750000,,,
20.0159999677,156,175846.8281250000,211592.5312500000,165655.3125000000,164825.2031250000,132194.4531250000,120332.5781250000,133212.8750000000,153166.5781250000,,,
20.0199999677,156,176182.1875000000,196334.3750000000,166134.9218750000,165553.8437500000,132887.2812500000,121007.3125000000,133969.5937500000,150176.4218750000,,,
20.0239999676,156,176085.3281250000,184681.8906250000,165956.6875000000,165350.7187500000,132665.7187500000,120809.7656250000,133754.4531250000,149358.4218750000,,,
20.0279999676,156,175673.2343750000,195414.5937500000,165314.0000000000,164384.9375000000,131731.8593750000,119919.8125000000,132754.4218750000,152405.0156250000,,,
20.0319999675,156,175557.0156250000,211257.3281250000,165197.8437500000,164162.9687500000,131556.9218750000,119726.3437500000,132536.8906250000,154476.9218750000,,,
20.0359999677,156,175859.9687500000,211612.9843750000,165666.9375000000,164827.3125000000,132206.0781250000,120338.2343750000,133222.6250000000,153187.7968750000,,,
20.0399999677,156,176187.8906250000,196375.2812500000,166138.5468750000,165556.0000000000,132891.0781250000,121009.1093750000,133971.9531250000,150192.2656250000,,,
20.0439999676,156,176089.6250000000,184669.7968750000,165961.2187500000,165368.2343750000,132670.3593750000,120815.3203125000,133759.3750000000,149358.3437500000,,,
20.0479999676,156,175675.3281250000,195310.2812500000,165317.4687500000,164414.8281250000,131733.3125000000,119919.0859375000,132757.4062500000,152387.2812500000,,,
20.0519999675,156,175555.3593750000,211194.3281250000,165195.0000000000,164187.0781250000,131550.2500000000,119723.1484375000,132537.0625000000,154469.1875000000,,,
20.0559999677,156,175838.8906250000,211653.1093750000,165643.2968750000,164829.7031250000,132177.6718750000,120320.5078125000,133201.8906250000,153182.6406250000,,,
20.0599999677,156,176168.0000000000,196470.0468750000,166119.4687500000,165565.2187500000,132868.5000000000,120994.9453125000,133955.2968750000,150186.4843750000,,,
20.0639999676,156,176072.4843750000,184670.4843750000,165947.7656250000,165383.5000000000,132656.6875000000,120807.1406250000,133751.2968750000,149330.3437500000,,,
20.0679999676,156,175663.5312500000,195208.8437500000,165308.2968750000,164428.9375000000,131725.3437500000,119915.0937500000,132752.8906250000,152352.9843750000,,,
20.0719999676,156,175548.3750000000,211139.7343750000,165187.8125000000,164193.5468750000,131543.4531250000,119717.0937500000,132530.1875000000,154459.6875000000,,,
20.0759999675,156,175838.8906250000,211737.1718750000,165643.1718750000,164828.8281250000,132176.6562500000,120311.5781250000,133199.5312500000,153206.4375000000,,,
20.0799999677,156,176177.0000000000,196627.4375000000,166127.6250000000,165569.0000000000,132876.3593750000,120994.9453125000,133959.8125000000,150219.0468750000,,,
20.0839999677,156,176083.6406250000,184699.2500000000,165957.1718750000,165386.3437500000,132667.0156250000,120814.5703125000,133758.5937500000,149335.3281250000,,,
20.0879999676,156,175666.8750000000,195125.2656250000,165310.7656250000,164422.2031250000,131729.0156250000,119921.1796875000,132756.4843750000,152343.4062500000,,,
20.0919999676,156,175543.5156250000,211098.3593750000,165183.0625000000,164181.8437500000,131536.4375000000,119713.3906250000,132523.8906250000,154461.7031250000,,,
20.0959999675,157,175842.4218750000,211871.9843750000,165643.1718750000,164819.8593750000,132171.5468750000,120311.2265625000,133195.8125000000,153244.3906250000,,,
20.0999999675,157,176183.2343750000,196848.9843750000,166130.4375000000,165567.4531250000,132876.7343750000,120994.6796875000,133962.8437500000,150249.6406250000,,,
20.1039999675,157,176094.5312500000,184738.5468750000,165968.2500000000,165398.5468750000,132680.5000000000,120817.7109375000,133772.4062500000,149324.7968750000,,,
20.1079999674,157,175678.1093750000,195041.2812500000,165322.8906250000,164420.0468750000,131745.2500000000,119914.9062500000,132767.7031250000,152323.7656250000,,,
20.1119999674,157,175544.5937500000,211066.8593750000,165181.3125000000,164149.9218750000,131541.6093750000,119696.7890625000,132521.8437500000,154457.2031250000,,,
20.1159999673,157,175837.0156250000,211864.5781250000,165638.5781250000,164790.0937500000,132174.9375000000,120298.9921875000,133196.5000000000,153238.8125000000,,,
20.1199999675,157,176180.2187500000,196858.2656250000,166130.4218750000,165547.0156250000,132882.9843750000,120993.9531250000,133964.3906250000,150252.2500000000,,,
20.1239999675,157,176095.8750000000,184753.1562500000,165973.4531250000,165386.7968750000,132691.4218750000,120829.6406250000,133779.5156250000,149330.1093750000,,,
20.1279999674,157,175678.3906250000,194966.9375000000,165328.4375000000,164416.5156250000,131754.6562500000,119933.1406250000,132779.9843750000,152316.2031250000,,,
20.1319999674,157,175547.8750000000,211021.5156250000,165191.0781250000,164160.1406250000,131549.6875000000,119711.9687500000,132532.0937500000,154463.1875000000,,,
20.1359999673,157,175822.7968750000,211827.7500000000,165627.8281250000,164785.6875000000,132162.7500000000,120294.0312500000,133182.5000000000,153229.3593750000,,,
20.1399999675,157,176156.7500000000,196825.2500000000,166107.5625000000,165535.9062500000,132856.9062500000,120976.9218750000,133939.8281250000,150235.0000000000,,,
20.1439999675,157,176070.5312500000,184730.8437500000,165950.3125000000,165379.6406250000,132665.7968750000,120812.3203125000,133758.6093750000,149302.5781250000,,,
20.1479999674,157,175657.7812500000,194845.4218750000,165309.6875000000,164424.5000000000,131733.9218750000,119914.7421875000,132759.7343750000,152273.1562500000,,,
20.1519999674,157,175527.9687500000,210946.2968750000,165169.6718750000,164165.2656250000,131527.3906250000,119687.2343750000,132508.0156250000,154437.8906250000,,,
20.1559999674,157,175818.3125000000,211839.8437500000,165622.1718750000,164801.0937500000,132157.3906250000,120283.1953125000,133175.0000000000,153235.0000000000,,,
20.1599999673,157,176157.1250000000,196883.9843750000,166109.6562500000,165551.4687500000,132860.7812500000,120972.8203125000,133939.7500000000,150248.4062500000,,,
20.1639999675,157,176081.2031250000,184724.3437500000,165964.3906250000,165399.0312500000,132684.0937500000,120817.0625000000,133770.8750000000,149305.2968750000,,,
20.1679999675,157,175662.6875000000,194726.7968750000,165313.9062500000,164432.4218750000,131744.2031250000,119919.2187500000,132764.2968750000,152261.6718750000,,,
20.1719999674,157,175528.0937500000,210865.1093750000,165167.8750000000,164162.3750000000,131526.5312500000,119689.6796875000,132502.4375000000,154440.3281250000,,,
20.1759999674,157,175826.5156250000,211884.9687500000,165628.4218750000,164796.2343750000,132161.1250000000,120290.3281250000,133173.5468750000,153260.9375000000,,,
20.1799999673,157,176163.4687500000,197002.7500000000,166111.8593750000,165551.4375000000,132863.1875000000,120973.6484375000,133938.9218750000,150273.2968750000,,,
20.1839999675,157,176077.4218750000,184748.2031250000,165956.2031250000,165398.9531250000,132679.9375000000,120812.5078125000,133765.0312500000,149294.2343750000,,,
20.1879999675,157,175662.5000000000,194628.5937500000,165312.3750000000,164429.7031250000,131746.6875000000,119919.6484375000,132770.6718750000,152236.8437500000,,,
20.1919999674,157,175527.1875000000,210809.7500000000,165164.9843750000,164155.3750000000,131526.1093750000,119683.4843750000,132506.0468750000,154436.5468750000,,,
20.1959999674,157,175809.8593750000,211946.4375000000,165608.6718750000,164773.8906250000,132142.6406250000,120268.8203125000,133157.6718750000,153268.6562500000,,,
20.1999999674,157,176143.1875000000,197132.0156250000,166093.8281250000,165526.0937500000,132843.9843750000,120955.2265625000,133925.1875000000,150273.3593750000,,,
20.2039999673,157,176070.3125000000,184758.1250000000,165958.1875000000,165392.7031250000,132680.2656250000,120814.2734375000,133774.5156250000,149272.5937500000,,,
20.2079999675,157,175661.2656250000,194512.5156250000,165324.9218750000,164435.7500000000,131754.7187500000,119929.8671875000,132787.1406250000,152205.5625000000,,,
20.2119999675,157,175523.1093750000,210737.2187500000,165171.1250000000,164157.7343750000,131524.9531250000,119691.9296875000,132514.6093750000,154424.6718750000,,,
20.2159999674,157,175801.7343750000,211982.3906250000,165606.5468750000,164775.3593750000,132131.8281250000,120269.4921875000,133157.8593750000,153275.4687500000,,,
20.2199999674,157,176148.4218750000,197235.2187500000,166101.3437500000,165529.6250000000,132844.5000000000,120968.4453125000,133932.8593750000,150298.3750000000,,,
20.2239999673,158,176074.6562500000,184774.4218750000,165961.2500000000,165404.4843750000,132679.7031250000,120823.6640625000,133776.7500000000,149276.5625000000,,,
20.2279999673,158,175659.3125000000,194414.6093750000,165314.4687500000,164453.4687500000,131743.4687500000,119926.9218750000,132775.8750000000,152190.2031250000,,,
20.2319999672,158,175517.6875000000,210676.7968750000,165157.9218750000,164164.3281250000,131511.1093750000,119679.7500000000,132498.6718750000,154422.7656250000,,,
20.2359999672,158,175799.4062500000,212059.2500000000,165600.1406250000,164776.0625000000,132122.5781250000,120255.3281250000,133142.5937500000,153300.0468750000,,,
20.2399999672,158,176150.2968750000,197395.5312500000,166101.0937500000,165543.9531250000,132843.4531250000,120959.7812500000,133925.4531250000,150325.4375000000,,,
20.2439999671,158,176084.1250000000,184812.5937500000,165973.7968750000,165421.5156250000,132693.6718750000,120831.2265625000,133786.1093750000,149276.8281250000,,,
20.2479999673,158,175664.3906250000,194320.6562500000,165323.2031250000,164457.4687500000,131753.7968750000,119935.9609375000,132782.1093750000,152171.7500000000,,,
20.2519999673,158,175518.0468750000,210624.8906250000,165153.3437500000,164173.3437500000,131505.9687500000,119682.3515625000,132489.8593750000,154419.7343750000,,,
20.2559999672,158,175799.7812500000,212144.9843750000,165591.5312500000,164779.3281250000,132111.5000000000,120255.8125000000,133130.7656250000,153318.2031250000,,,
20.2599999672,158,176153.3750000000,197556.7031250000,166099.6250000000,165543.5156250000,132838.9375000000,120963.0546875000,133920.5625000000,150343.5156250000,,,
20.2639999671,158,176090.6718750000,184847.7812500000,165978.0937500000,165425.4218750000,132696.4843750000,120838.3593750000,133788.2500000000,149265.6718750000,,,
20.2679999673,158,175669.9687500000,194240.9687500000,165327.3437500000,164454.6250000000,131756.3750000000,119940.2500000000,132783.5468750000,152148.0312500000,,,
20.2719999673,158,175522.0156250000,210576.6875000000,165160.0781250000,164157.0937500000,131511.2187500000,119678.6015625000,132493.5781250000,154411.5000000000,,,
20.2759999672,158,175797.8281250000,212208.8750000000,165590.2968750000,164754.9218750000,132109.7812500000,120248.7343750000,133127.3281250000,153335.3437500000,,,
20.2799999672,158,176148.6875000000,197695.5468750000,166094.1562500000,165519.6562500000,132833.5781250000,120956.3515625000,133919.6093750000,150365.7656250000,,,
20.2839999672,158,176088.8437500000,184878.0468750000,165975.5937500000,165411.2968750000,132697.1250000000,120842.7578125000,133797.3281250000,149264.9062500000,,,
20.2879999671,158,175669.2656250000,194145.5781250000,165328.8437500000,164459.6718750000,131761.7656250000,119948.6171875000,132799.5156250000,152134.1406250000,,,
20.2919999673,158,175521.6406250000,210504.4375000000,165162.1718750000,164158.3437500000,131515.5468750000,119691.2031250000,132508.3281250000,154415.0156250000,,,
20.2959999673,158,175787.8125000000,212162.8437500000,165584.8593750000,164752.2500000000,132106.2656250000,120248.8359375000,133131.6250000000,153332.4375000000,,,
20.2999999672,158,176138.0156250000,197656.2500000000,166087.0156250000,165513.3750000000,132827.8125000000,120948.8437500000,133915.1718750000,150359.1093750000,,,
20.3039999672,158,176081.0312500000,184870.0781250000,165969.0625000000,165413.4375000000,132690.7500000000,120831.6796875000,133788.4375000000,149252.7812500000,,,
20.3079999671,158,175670.6562500000,194044.8125000000,165328.1718750000,164466.8906250000,131760.5312500000,119943.4921875000,132794.5312500000,152110.0781250000,,,
20.3119999673,158,175520.8281250000,210442.6875000000,165157.3437500000,164158.4531250000,131506.2656250000,119678.6015625000,132494.4687500000,154407.4375000000,,,
20.3159999673,158,175795.8906250000,212261.8125000000,165587.1093750000,164757.2812500000,132099.9687500000,120241.0312500000,133117.8906250000,153365.0625000000,,,
20.3199999672,158,176146.2500000000,197875.5781250000,166089.7031250000,165525.8750000000,132824.7812500000,120947.3359375000,133903.2968750000,150402.4218750000,,,
20.3239999672,158,176091.9062500000,184920.6562500000,165979.0937500000,165438.2968750000,132700.8593750000,120840.9609375000,133790.6406250000,149261.2812500000,,,
20.3279999672,158,175675.4375000000,193954.3437500000,165334.5468750000,164479.9531250000,131768.4687500000,119948.6171875000,132797.0468750000,152096.7187500000,,,
20.3319999671,158,175521.5000000000,210389.0781250000,165159.6250000000,164162.6406250000,131509.0468750000,119678.6250000000,132492.7812500000,154407.2500000000,,,
20.3359999673,158,175807.7187500000,212264.7187500000,165600.0937500000,164768.7968750000,132116.5625000000,120250.7187500000,133128.8125000000,153380.7968750000,,,
20.3399999673,158,176160.3281250000,197899.0625000000,166107.2968750000,165532.2343750000,132845.9218750000,120955.9218750000,133921.6718750000,150419.3437500000,,,
20.3439999672,158,176093.4843750000,184922.8593750000,165984.8593750000,165432.5937500000,132711.0000000000,120844.6093750000,133802.5000000000,149254.8906250000,,,
20.3479999672,158,175663.8281250000,193851.5000000000,165323.9843750000,164468.0156250000,131761.9531250000,119941.5937500000,132792.4531250000,152060.5937500000,,,
20.3519999671,159,175503.6093750000,210315.0468750000,165140.3906250000,164137.8906250000,131491.5000000000,119662.1875000000,132479.8750000000,154379.5468750000,,,
20.3559999671,159,175781.2812500000,212231.2187500000,165575.4687500000,164726.1250000000,132091.7812500000,120228.5078125000,133113.8750000000,153352.3437500000,,,
20.3599999670,159,176144.7968750000,197891.6093750000,166093.7187500000,165507.6875000000,132829.5000000000,120944.3593750000,133910.3750000000,150403.3125000000,,,
20.3639999670,159,176091.2812500000,184922.3437500000,165982.5937500000,165422.9062500000,132706.1406250000,120846.6250000000,133800.0312500000,149248.1406250000,,,
20.3679999670,159,175674.2031250000,193737.1406250000,165337.3906250000,164469.6718750000,131773.9375000000,119958.0312500000,132806.7500000000,152046.7031250000,,,
20.3719999669,159,175518.9531250000,210239.1406250000,165157.1250000000,164148.0156250000,131506.0156250000,119678.8125000000,132493.4687500000,154387.5625000000,,,
20.3759999671,159,175792.4062500000,212311.0312500000,165585.2812500000,164731.5312500000,132099.7187500000,120238.5625000000,133118.4218750000,153389.3281250000,,,
20.3799999671,159,176142.0625000000,198070.9218750000,166090.0781250000,165493.9843750000,132828.8281250000,120942.6953125000,133910.3437500000,150427.9062500000,,,
20.3839999670,159,176096.4531250000,184949.7031250000,165992.2343750000,165419.0625000000,132723.5781250000,120855.6875000000,133819.8750000000,149236.0156250000,,,
20.3879999670,159,175679.1562500000,193630.1250000000,165347.5625000000,164478.1250000000,131790.3906250000,119964.4687500000,132826.4375000000,152020.2812500000,,,
20.3919999669,159,175508.5468750000,210175.4531250000,165151.5937500000,164142.2812500000,131503.0468750000,119665.2968750000,132493.9218750000,154366.0000000000,,,
20.3959999671,159,175776.1250000000,212355.2968750000,165571.2343750000,164716.7812500000,132084.2968750000,120219.3359375000,133104.0000000000,153385.7343750000,,,
20.3999999671,159,176130.3906250000,198191.7500000000,166076.3125000000,165495.2500000000,132812.7343750000,120933.1250000000,133892.7812500000,150439.4375000000,,,
20.4039999670,159,176085.7656250000,184986.0781250000,165979.7812500000,165434.1093750000,132709.5468750000,120853.9140625000,133804.5156250000,149230.4375000000,,,
20.4079999670,159,175656.0937500000,193542.0937500000,165321.8437500000,164463.5312500000,131766.0312500000,119959.6953125000,132801.1562500000,151993.2343750000,,,
20.4119999669,159,175493.2343750000,210121.3125000000,165129.4375000000,164129.6250000000,131482.6562500000,119670.2343750000,132470.0781250000,154369.4687500000,,,
20.4159999669,159,175766.6093750000,212377.5000000000,165553.8750000000,164721.1250000000,132070.2187500000,120225.7187500000,133089.3281250000,153406.7656250000,,,
20.4199999671,159,176124.2812500000,198245.0000000000,166065.0312500000,165504.2500000000,132805.0625000000,120940.1250000000,133889.5312500000,150458.3281250000,,,
20.4239999671,159,176086.5937500000,185001.2031250000,165976.2187500000,165437.6250000000,132711.3750000000,120865.0234375000,133810.6718750000,149236.7656250000,,,
20.4279999670,159,175667.8906250000,193445.6093750000,165332.2187500000,164470.4531250000,131781.6093750000,119974.1796875000,132821.3437500000,151986.2656250000,,,
20.4319999670,159,175500.0468750000,210055.5312500000,165137.0625000000,164122.3281250000,131492.5312500000,119670.5781250000,132485.3437500000,154367.7968750000,,,
20.4359999669,159,175770.5781250000,212389.9687500000,165559.8593750000,164710.9843750000,132076.6250000000,120218.7968750000,133097.4218750000,153412.5937500000,,,
20.4399999671,159,176131.7812500000,198306.7343750000,166077.0625000000,165491.4531250000,132815.3437500000,120936.3125000000,133897.9843750000,150469.3437500000,,,
20.4439999671,159,176091.6562500000,185014.3281250000,165989.6250000000,165433.2500000000,132723.5312500000,120861.9375000000,133820.7656250000,149226.6562500000,,,
20.4479999670,159,175680.0468750000,193344.9375000000,165350.2187500000,164476.9218750000,131796.7656250000,119979.5468750000,132832.7187500000,151967.6875000000,,,
20.4519999670,159,175512.2187500000,209981.9687500000,165150.0937500000,164123.8281250000,131499.3906250000,119677.7187500000,132488.0468750000,154372.0625000000,,,
20.4559999669,159,175773.4218750000,212414.7031250000,165561.9687500000,164691.8437500000,132071.1250000000,120222.0156250000,133089.8906250000,153433.2343750000,,,
20.4599999669,159,176129.8593750000,198388.5156250000,166071.9687500000,165481.7031250000,132804.8750000000,120936.5859375000,133889.3281250000,150486.7031250000,,,
20.4639999671,159,176090.0781250000,185024.8437500000,165986.4062500000,165425.7500000000,132717.2812500000,120864.8046875000,133820.1250000000,149223.2187500000,,,
20.4679999670,159,175672.3750000000,193226.0156250000,165343.1093750000,164477.2656250000,131788.5625000000,119976.5390625000,132829.4218750000,151937.8281250000,,,
20.4719999670,159,175497.9218750000,209894.3593750000,165139.0468750000,164118.2812500000,131487.1562500000,119662.6406250000,132476.9218750000,154347.5000000000,,,
20.4759999670,159,175758.0781250000,212449.2968750000,165551.1406250000,164691.7343750000,132059.9218750000,120199.5937500000,133077.4375000000,153428.2031250000,,,
20.4799999669,160,176118.6406250000,198519.1875000000,166065.4843750000,165477.4062500000,132799.0781250000,120916.5703125000,133878.3437500000,150490.0000000000,,,
20.4839999669,160,176080.6406250000,185050.7968750000,165977.8750000000,165432.4062500000,132712.9843750000,120849.7343750000,133810.0312500000,149199.2187500000,,,
20.4879999668,160,175659.0937500000,193128.8906250000,165330.8281250000,164482.5468750000,131777.2968750000,119957.5000000000,132814.7187500000,151894.8281250000,,,
20.4919999668,160,175478.2187500000,209831.3593750000,165118.1250000000,164118.5468750000,131461.5156250000,119636.6796875000,132448.5468750000,154319.7343750000,,,
20.4959999667,160,175734.5781250000,212476.7968750000,165520.7031250000,164682.6875000000,132024.0625000000,120169.9296875000,133039.9531250000,153416.8750000000,,,
20.4999999667,160,176109.7187500000,198606.6875000000,166047.4843750000,165478.3125000000,132778.0625000000,120900.6718750000,133858.3125000000,150495.9531250000,,,
20.5039999669,160,176087.0781250000,185093.3906250000,165979.0000000000,165446.0781250000,132713.9843750000,120849.6250000000,133811.8906250000,149200.6562500000,,,
20.5079999669,160,175681.3281250000,193045.8281250000,165349.0625000000,164504.1406250000,131798.0312500000,119974.9843750000,132833.5000000000,151892.2812500000,,,
20.5119999668,160,175508.4687500000,209773.6718750000,165141.5156250000,164135.3593750000,131489.2343750000,119660.1484375000,132474.7031250000,154342.9843750000,,,
20.5159999668,160,175764.7812500000,212486.8750000000,165547.9531250000,164702.5625000000,132056.2656250000,120193.7187500000,133068.8593750000,153451.8281250000,,,
20.5199999667,160,176132.0781250000,198660.5937500000,166068.2968750000,165491.8906250000,132802.5781250000,120920.9218750000,133872.9531250000,150529.2343750000,,,
20.5239999669,160,176105.6406250000,185116.4062500000,165995.7187500000,165455.6250000000,132732.1875000000,120877.6250000000,133818.8906250000,149220.5625000000,,,
20.5279999669,160,175683.4531250000,192952.6718750000,165350.2656250000,164503.5000000000,131799.6093750000,119991.3750000000,132831.7500000000,151880.8906250000,,,
20.5319999668,160,175502.4531250000,209724.1250000000,165136.2031250000,164131.5781250000,131480.4843750000,119661.7031250000,132465.6562500000,154338.1562500000,,,
20.5359999668,160,175767.5937500000,212536.5625000000,165550.9218750000,164702.0937500000,132054.6875000000,120201.3125000000,133070.3281250000,153470.3125000000,,,
20.5399999667,160,176133.7656250000,198754.6718750000,166071.2500000000,165495.2500000000,132803.4062500000,120925.9921875000,133883.6093750000,150547.0156250000,,,
20.5439999667,160,176101.6875000000,185153.9375000000,165995.9375000000,165454.7343750000,132736.0468750000,120879.4765625000,133832.9375000000,149217.1875000000,,,
20.5479999669,160,175681.6875000000,192868.9375000000,165353.9218750000,164503.4218750000,131807.9062500000,119997.3281250000,132845.1406250000,151869.2187500000,,,
20.5519999668,160,175501.4062500000,209653.4531250000,165140.3906250000,164129.2968750000,131486.5468750000,119663.3906250000,132474.7812500000,154342.4062500000,,,
20.5559999668,160,175763.7812500000,212582.3437500000,165548.8593750000,164691.0937500000,132052.0312500000,120195.3046875000,133066.6406250000,153492.9218750000,,,
20.5599999668,160,176124.2187500000,198903.0781250000,166061.0312500000,165469.3906250000,132791.2500000000,120916.6250000000,133869.2656250000,150568.2656250000,,,
20.5639999667,160,176104.2656250000,185177.8593750000,166001.6406250000,165448.8750000000,132741.4375000000,120884.3359375000,133835.6562500000,149209.7031250000,,,
20.5679999669,160,175696.5625000000,192760.9687500000,165372.9531250000,164506.5312500000,131829.0156250000,120013.2578125000,132862.2968750000,151849.6093750000,,,
20.5719999669,160,175516.9687500000,209576.1718750000,165160.0937500000,164126.4843750000,131506.1562500000,119676.9921875000,132491.2968750000,154340.2500000000,,,
20.5759999668,160,175762.1250000000,212644.2968750000,165548.7187500000,164680.3593750000,132051.1562500000,120188.6250000000,133065.1875000000,153504.0781250000,,,
20.5799999668,160,176123.1718750000,199059.9062500000,166061.8593750000,165466.1875000000,132796.6093750000,120914.6406250000,133874.8125000000,150582.5312500000,,,
20.5839999667,160,176103.4375000000,185217.1875000000,166002.5000000000,165451.4218750000,132749.6718750000,120889.8046875000,133845.5468750000,149194.2812500000,,,
20.5879999667,160,175680.6875000000,192661.7656250000,165355.3593750000,164501.8593750000,131815.0312500000,120004.2187500000,132855.5937500000,151806.9843750000,,,
20.5919999669,160,175493.5781250000,209516.4687500000,165129.2031250000,164111.6562500000,131475.8906250000,119662.3203125000,132470.2968750000,154315.3125000000,,,
20.5959999668,160,175751.0000000000,212716.0000000000,165528.6093750000,164673.3281250000,132028.8281250000,120181.7031250000,133051.2968750000,153514.7812500000,,,
20.5999999668,160,176122.2343750000,199241.0000000000,166053.7343750000,165471.2031250000,132784.6875000000,120914.3515625000,133869.6406250000,150611.5000000000,,,
20.6039999668,160,176107.8125000000,185281.3437500000,166004.7812500000,165460.3281250000,132750.1875000000,120895.6562500000,133853.2656250000,149196.2656250000,,,
20.6079999667,161,175700.4843750000,192598.5468750000,165377.1718750000,164520.1250000000,131835.6406250000,120020.3125000000,132877.2500000000,151805.6250000000,,,
20.6119999667,161,175510.6406250000,209475.6250000000,165148.4375000000,164116.3125000000,131493.5937500000,119667.2812500000,132483.4218750000,154330.2187500000,,,
20.6159999666,161,175763.0156250000,212728.8125000000,165546.8281250000,164664.8281250000,132047.5000000000,120187.1484375000,133063.2812500000,153541.5468750000,,,
20.6199999666,161,176125.8281250000,199269.1406250000,166067.2187500000,165455.6562500000,132797.1562500000,120910.9921875000,133876.8437500000,150628.7968750000,,,
20.6239999665,161,176101.7500000000,185306.6875000000,166007.5937500000,165457.1093750000,132752.3593750000,120884.4687500000,133851.4531250000,149192.0781250000,,,
20.6279999665,161,175688.3125000000,192487.0937500000,165369.6093750000,164527.8750000000,131829.6718750000,120012.3203125000,132872.3906250000,151772.6562500000,,,
20.6319999667,161,175497.4687500000,209388.6562500000,165137.3593750000,164135.2812500000,131480.2343750000,119657.7578125000,132471.5781250000,154307.7968750000,,,
20.6359999666,161,175751.3750000000,212704.1875000000,165537.4375000000,164687.8750000000,132033.9531250000,120177.4609375000,133049.9843750000,153528.8125000000,,,
20.6399999666,161,176116.7187500000,199269.7031250000,166058.8750000000,165473.2968750000,132785.9687500000,120910.1875000000,133865.1562500000,150623.0312500000,,,
20.6439999666,161,176106.5781250000,185295.2031250000,166013.1562500000,165468.6093750000,132757.5156250000,120897.8515625000,133854.3125000000,149194.1093750000,,,
20.6479999665,161,175700.7343750000,192379.0000000000,165384.4375000000,164532.3906250000,131844.2187500000,120026.6406250000,132881.5625000000,151767.9062500000,,,
20.6519999667,161,175511.6875000000,209308.8437500000,165152.4062500000,164119.8593750000,131495.6093750000,119668.7265625000,132484.4062500000,154323.2812500000,,,
20.6559999667,161,175752.5468750000,212723.4218750000,165535.9531250000,164656.2812500000,132032.5625000000,120175.4765625000,133049.6562500000,153548.4375000000,,,
20.6599999666,161,176118.5156250000,199355.2343750000,166055.5312500000,165450.4531250000,132782.3125000000,120909.4921875000,133864.1093750000,150641.1718750000,,,
20.6639999666,161,176109.3593750000,185322.7812500000,166009.9531250000,165465.2500000000,132753.9687500000,120898.4140625000,133855.7968750000,149188.2656250000,,,
20.6679999665,161,175695.3593750000,192280.4531250000,165373.1718750000,164533.7812500000,131834.2656250000,120020.5859375000,132879.6250000000,151733.2812500000,,,
20.6719999665,161,175490.8437500000,209235.5937500000,165125.6562500000,164096.8437500000,131468.2031250000,119646.2265625000,132463.6718750000,154289.9375000000,,,
20.6759999667,161,175738.8125000000,212759.8437500000,165518.5312500000,164640.1562500000,132012.0156250000,120157.6953125000,133033.4531250000,153541.0625000000,,,
20.6799999666,161,176105.0781250000,199472.4218750000,166040.5156250000,165434.5781250000,132766.2031250000,120889.4062500000,133849.6562500000,150635.7500000000,,,
20.6839999666,161,176099.8437500000,185348.6562500000,166005.5000000000,165448.4843750000,132753.3593750000,120890.5312500000,133854.5000000000,149163.0625000000,,,
20.6879999666,161,175692.0937500000,192173.2812500000,165376.2343750000,164519.3281250000,131841.4843750000,120023.4218750000,132886.6875000000,151702.7031250000,,,
20.6919999665,161,175494.5468750000,209160.6406250000,165134.0781250000,164105.3750000000,131477.1093750000,119652.1015625000,132471.8593750000,154286.1562500000,,,
20.6959999667,161,175736.9843750000,212785.4375000000,165519.0312500000,164647.2656250000,132011.5625000000,120152.8125000000,133029.7500000000,153553.9062500000,,,
20.6999999667,161,176110.2968750000,199561.4531250000,166048.7968750000,165457.9062500000,132771.8906250000,120888.5468750000,133852.5156250000,150657.9062500000,,,
20.7039999666,161,176105.5781250000,185375.0312500000,166013.8281250000,165474.1406250000,132758.5781250000,120890.6406250000,133861.2656250000,149164.8593750000,,,
20.7079999666,161,175695.1250000000,192079.6093750000,165380.0625000000,164539.0156250000,131843.5781250000,120020.1250000000,132890.4375000000,151680.6250000000,,,
20.7119999665,161,175499.3281250000,209100.0312500000,165137.6250000000,164118.4843750000,131477.0156250000,119646.2812500000,132472.6875000000,154280.5000000000,,,
20.7159999665,161,175734.9531250000,212842.5625000000,165518.2812500000,164643.0468750000,132006.0312500000,120142.9453125000,133029.3437500000,153567.4375000000,,,
20.7199999667,161,176101.9531250000,199694.4375000000,166045.2031250000,165436.8281250000,132766.1250000000,120882.0234375000,133853.4375000000,150673.5937500000,,,
20.7239999666,161,176100.2656250000,185415.7187500000,166013.9843750000,165463.7500000000,132759.7656250000,120891.8437500000,133872.5000000000,149156.0781250000,,,
20.7279999666,161,175690.5156250000,191989.6562500000,165378.6250000000,164541.6406250000,131844.0312500000,120022.5937500000,132909.6718750000,151658.6875000000,,,
20.7319999665,161,175484.8906250000,209039.4843750000,165124.5312500000,164108.6718750000,131465.3281250000,119640.2734375000,132483.7656250000,154271.1093750000,,,
20.7359999665,162,175724.2187500000,212870.5937500000,165506.5625000000,164632.7812500000,131996.7031250000,120139.7265625000,133040.7187500000,153575.7968750000,,,
20.7399999665,162,176100.8906250000,199788.3125000000,166041.3906250000,165435.6406250000,132763.8906250000,120880.8984375000,133869.8281250000,150690.2500000000,,,
20.7439999664,162,176104.4531250000,185453.1562500000,166015.5937500000,165468.4218750000,132763.7343750000,120893.2890625000,133891.9843750000,149156.6406250000,,,
20.7479999664,162,175697.4843750000,191902.3437500000,165383.1875000000,164544.1093750000,131850.2187500000,120025.1953125000,132923.5156250000,151640.9531250000,,,
20.7519999663,162,175493.6875000000,208966.2656250000,165127.2500000000,164111.0156250000,131467.5312500000,119641.3203125000,132491.4375000000,154269.6406250000,,,
20.7559999663,162,175722.4531250000,213015.0000000000,165495.0312500000,164620.7031250000,131980.2656250000,120123.3671875000,133028.5781250000,153612.2968750000,,,
20.7599999665,162,176097.4531250000,200178.8906250000,166030.8750000000,165433.6875000000,132748.0625000000,120868.5625000000,133857.0781250000,150742.6093750000,,,
20.7639999664,162,176105.8437500000,185551.2187500000,166015.3750000000,165485.1562500000,132764.0781250000,120901.0156250000,133895.2500000000,149144.4062500000,,,
20.7679999664,162,175700.8906250000,191826.3593750000,165385.5625000000,164560.5468750000,131852.5625000000,120035.7656250000,132927.4218750000,151618.0781250000,,,
20.7719999664,162,175493.6562500000,208911.1250000000,165126.6875000000,164106.6406250000,131463.8281250000,119642.0390625000,132486.9062500000,154264.4062500000,,,
20.7759999663,162,175719.3125000000,213088.8281250000,165492.2656250000,164604.6093750000,131972.5625000000,120115.1015625000,133021.2187500000,153631.7031250000,,,
20.7799999665,162,176098.1250000000,200371.9375000000,166032.4687500000,165427.7343750000,132747.6406250000,120863.0078125000,133857.0312500000,150776.4062500000,,,
20.7839999665,162,176113.3593750000,185611.3906250000,166024.8437500000,165490.1250000000,132775.2187500000,120905.8437500000,133905.8750000000,149150.0937500000,,,
20.7879999664,162,175712.2343750000,191748.1718750000,165398.5000000000,164570.8750000000,131865.7031250000,120043.7031250000,132940.7031250000,151611.2968750000,,,
20.7919999664,162,175511.2500000000,208861.7187500000,165143.1718750000,164131.4687500000,131477.7812500000,119651.6406250000,132499.9687500000,154278.0781250000,,,
20.7959999663,162,175738.3281250000,212992.7968750000,165511.5312500000,164647.2343750000,131992.1406250000,120132.3515625000,133039.2812500000,153635.2968750000,,,
20.7999999663,162,176102.3125000000,200109.4531250000,166039.2968750000,165449.7500000000,132754.5781250000,120871.1875000000,133865.9531250000,150752.6406250000,,,
20.8039999665,162,176106.5468750000,185562.7812500000,166020.9218750000,165490.6093750000,132769.5000000000,120901.7656250000,133906.8437500000,149157.0781250000,,,
20.8079999664,162,175699.4062500000,191638.2031250000,165389.1875000000,164565.7187500000,131860.2812500000,120035.6796875000,132942.5781250000,151586.6406250000,,,
20.8119999664,162,175495.8281250000,208777.8437500000,165130.3750000000,164119.2656250000,131470.9375000000,119640.2734375000,132497.2343750000,154262.1718750000,,,
20.8159999663,162,175734.0468750000,212910.7187500000,165513.5937500000,164644.0156250000,132001.6093750000,120130.7968750000,133049.0156250000,153622.2500000000,,,
20.8199999663,162,176114.3437500000,199951.0625000000,166053.6562500000,165463.5937500000,132775.6718750000,120877.9765625000,133885.1093750000,150741.6093750000,,,
20.8239999665,162,176127.7343750000,185524.7500000000,166039.5781250000,165506.6718750000,132791.6250000000,120913.4062500000,133924.1406250000,149178.6093750000,,,
20.8279999665,162,175726.2031250000,191524.4687500000,165412.9218750000,164578.6250000000,131888.6406250000,120058.2656250000,132965.1718750000,151597.4843750000,,,
20.8319999664,162,175512.0000000000,208710.4687500000,165142.1875000000,164126.7500000000,131483.9687500000,119652.2890625000,132503.9375000000,154282.4843750000,,,
20.8359999664,162,175739.5156250000,212945.0781250000,165513.1562500000,164634.2500000000,132000.6718750000,120133.7734375000,133039.9687500000,153650.0156250000,,,
20.8399999663,162,176114.0625000000,200067.9062500000,166050.2656250000,165433.9531250000,132769.6093750000,120882.4843750000,133873.2500000000,150771.1250000000,,,
20.8439999663,162,176122.5312500000,185585.7968750000,166038.2500000000,165483.6875000000,132788.8906250000,120916.5234375000,133920.1875000000,149179.4375000000,,,
20.8479999665,162,175726.1250000000,191464.7656250000,165422.1562500000,164580.1875000000,131895.7187500000,120064.4921875000,132974.1718750000,151580.4843750000,,,
20.8519999664,162,175510.7500000000,208671.0156250000,165145.2656250000,164121.6093750000,131482.8750000000,119649.4453125000,132505.1406250000,154280.6250000000,,,
20.8559999664,162,175736.9375000000,213066.2343750000,165510.2343750000,164631.5468750000,131990.6718750000,120126.2109375000,133030.0000000000,153684.2187500000,,,
20.8599999663,162,176109.1250000000,200345.2968750000,166042.5781250000,165436.3750000000,132755.9843750000,120873.4453125000,133858.2343750000,150815.8125000000,,,
20.8639999663,163,176125.6093750000,185677.9843750000,166037.9843750000,165498.5625000000,132786.2656250000,120919.8750000000,133914.5625000000,149185.9062500000,,,
20.8679999663,163,175723.6875000000,191406.2656250000,165412.5468750000,164585.4375000000,131886.0312500000,120064.2734375000,132961.1718750000,151569.7187500000,,,
20.8719999662,163,175504.2812500000,208623.9375000000,165132.9843750000,164116.9843750000,131470.5781250000,119644.7265625000,132488.7031250000,154276.1250000000,,,
20.8759999662,163,175727.4687500000,213137.1093750000,165497.6250000000,164613.7656250000,131975.8593750000,120117.3046875000,133013.5781250000,153700.0156250000,,,
20.8799999661,163,176101.8750000000,200555.8281250000,166037.8281250000,165421.9375000000,132748.0156250000,120867.8125000000,133850.6718750000,150846.5937500000,,,
20.8839999661,163,176127.0312500000,185748.8281250000,166044.4218750000,165508.7031250000,132795.1875000000,120929.6328125000,133924.6718750000,149185.4531250000,,,
20.8879999663,163,175728.2500000000,191315.2656250000,165420.3593750000,164603.1406250000,131897.2187500000,120075.5156250000,132974.5312500000,151551.5156250000,,,
20.8919999662,163,175498.2812500000,208543.4218750000,165125.2343750000,164118.1718750000,131463.9531250000,119641.9609375000,132486.3906250000,154268.5937500000,,,
20.8959999662,163,175713.8437500000,213153.1875000000,165479.7187500000,164604.9062500000,131959.5781250000,120107.1640625000,133005.6093750000,153704.1718750000,,,
20.8999999661,163,176091.1562500000,200612.7187500000,166021.5781250000,165412.0156250000,132735.7812500000,120861.6406250000,133845.6875000000,150848.0781250000,,,
20.9039999661,163,176123.7343750000,185765.6093750000,166039.7812500000,165501.6562500000,132795.2968750000,120931.3828125000,133925.0781250000,149172.1718750000,,,
20.9079999663,163,175723.8437500000,191213.4531250000,165417.7031250000,164601.1875000000,131901.2187500000,120077.5234375000,132975.9531250000,151519.2343750000,,,
20.9119999663,163,175497.7968750000,208462.2031250000,165127.9687500000,164117.2812500000,131472.4062500000,119642.9296875000,132491.9218750000,154253.5625000000,,,
20.9159999662,163,175718.0781250000,213142.2812500000,165486.6406250000,164598.3437500000,131970.2343750000,120109.3125000000,133010.4687500000,153703.5312500000,,,
20.9199999662,163,176095.9843750000,200648.2500000000,166026.4062500000,165412.3906250000,132741.5156250000,120858.9843750000,133844.2343750000,150850.8593750000,,,
20.9239999661,163,176125.5625000000,185780.7656250000,166039.8593750000,165506.2187500000,132795.1406250000,120926.4687500000,133920.1406250000,149162.0156250000,,,
20.9279999661,163,175730.3437500000,191119.8437500000,165424.0781250000,164604.4531250000,131907.4843750000,120080.6093750000,132977.3906250000,151495.8593750000,,,
20.9319999663,163,175504.0937500000,208393.4218750000,165132.7500000000,164108.7343750000,131474.6093750000,119647.2968750000,132489.5781250000,154252.9843750000,,,
20.9359999662,163,175726.1875000000,213164.5937500000,165495.0312500000,164603.3750000000,131974.2500000000,120110.5156250000,133008.9062500000,153725.0312500000,,,
20.9399999662,163,176107.8125000000,200705.6718750000,166045.2343750000,165423.7031250000,132758.0781250000,120868.8281250000,133855.0156250000,150878.3281250000,,,
20.9439999661,163,176135.4531250000,185814.2968750000,166057.2500000000,165515.1406250000,132815.7968750000,120942.3203125000,133936.4687500000,149182.9531250000,,,
20.9479999661,163,175730.7343750000,191033.6250000000,165428.0312500000,164603.2500000000,131916.1250000000,120091.1796875000,132982.7656250000,151492.2812500000,,,
20.9519999663,163,175504.3593750000,208332.1875000000,165133.9687500000,164103.7968750000,131477.5625000000,119649.7968750000,132490.3593750000,154258.5625000000,,,
20.9559999662,163,175728.5625000000,213202.2812500000,165498.5156250000,164595.8750000000,131978.6250000000,120115.2890625000,133010.3906250000,153748.6875000000,,,
20.9599999662,163,176107.4843750000,200819.9375000000,166044.1250000000,165416.1250000000,132755.9843750000,120869.7421875000,133850.2656250000,150900.7187500000,,,
20.9639999662,163,176141.7968750000,185862.1093750000,166063.0937500000,165530.6406250000,132818.3906250000,120946.1562500000,133939.1093750000,149181.1406250000,,,
20.9679999661,163,175733.4843750000,190953.4843750000,165431.1093750000,164612.3593750000,131916.5312500000,120094.0234375000,132989.9218750000,151465.3281250000,,,
20.9719999661,163,175495.5937500000,208268.3593750000,165124.1562500000,164097.2500000000,131464.9062500000,119641.5859375000,132485.2656250000,154237.9843750000,,,
20.9759999663,163,175714.1718750000,213230.3281250000,165478.8750000000,164585.4843750000,131956.0625000000,120100.9375000000,132994.1406250000,153742.2812500000,,,
20.9799999662,163,176089.1093750000,200931.8437500000,166019.1875000000,165400.3125000000,132730.9843750000,120854.8281250000,133829.5156250000,150903.0625000000,,,
20.9839999662,163,176119.8437500000,185906.4218750000,166039.3750000000,165513.4218750000,132799.0781250000,120929.6875000000,133925.0781250000,149160.0468750000,,,
20.9879999661,163,175735.8906250000,190872.6406250000,165431.1875000000,164635.7031250000,131922.0312500000,120094.2109375000,132999.8125000000,151445.5937500000,,,
20.9919999661,164,175506.6406250000,208203.7187500000,165133.9531250000,164131.8281250000,131477.0781250000,119645.3984375000,132503.1093750000,154240.3437500000,,,
20.9959999660,164,175718.6406250000,213265.8437500000,165485.9687500000,164593.1406250000,131963.2500000000,120097.9140625000,133007.4062500000,153755.5625000000,,,
20.9999999660,164,176096.6718750000,201041.2031250000,166029.7343750000,165406.0312500000,132739.7500000000,120851.8515625000,133843.1093750000,150917.6250000000,,,
21.0039999660,164,176131.3906250000,185953.0156250000,166051.1875000000,165515.6562500000,132809.8437500000,120939.8046875000,133940.0937500000,149158.6875000000,,,
21.0079999659,164,175743.9687500000,190793.2812500000,165440.8281250000,164625.3750000000,131931.9531250000,120107.7500000000,133008.7031250000,151428.1250000000,,,
21.0119999659,164,175508.8437500000,208143.9843750000,165135.2656250000,164120.5781250000,131476.4531250000,119650.0625000000,132497.5781250000,154237.4531250000,,,
21.0159999661,164,175722.7812500000,213330.5468750000,165486.7656250000,164597.9062500000,131959.5000000000,120100.0312500000,132999.5781250000,153780.2031250000,,,
21.0199999660,164,176103.4375000000,201218.2187500000,166033.5312500000,165420.1875000000,132737.3125000000,120854.0546875000,133836.9843750000,150951.2812500000,,,
21.0239999660,164,176138.2187500000,186044.3437500000,166058.7500000000,165524.7812500000,132813.3750000000,120941.7343750000,133940.5312500000,149164.4843750000,,,
21.0279999659,164,175747.7812500000,190734.9687500000,165445.0625000000,164620.4375000000,131933.4843750000,120106.6250000000,133009.3750000000,151410.6406250000,,,
21.0319999659,164,175504.2343750000,208091.1406250000,165125.4531250000,164099.9062500000,131463.9062500000,119639.4921875000,132486.0625000000,154230.2812500000,,,
21.0359999661,164,175708.2343750000,213409.0468750000,165467.2968750000,164560.1250000000,131936.4062500000,120078.5156250000,132981.2031250000,153793.5468750000,,,
21.0399999660,164,176097.4531250000,201458.2812500000,166024.6562500000,165387.9218750000,132727.3593750000,120850.3750000000,133834.3593750000,150992.6718750000,,,
21.0439999660,164,176144.0156250000,186120.4375000000,166064.9375000000,165529.0156250000,132823.9218750000,120962.8437500000,133958.0937500000,149174.2656250000,,,
21.0479999660,164,175750.7500000000,190656.0312500000,165447.2343750000,164641.2031250000,131939.6250000000,120124.9218750000,133021.5781250000,151401.7031250000,,,
21.0519999659,164,175502.9375000000,208024.4843750000,165122.7031250000,164109.1093750000,131463.1093750000,119648.0781250000,132485.3437500000,154232.2187500000,,,
21.0559999659,164,175706.2031250000,213426.1093750000,165460.4531250000,164557.5468750000,131932.8593750000,120084.0937500000,132972.9375000000,153811.8281250000,,,
21.0599999661,164,176094.7656250000,201545.2656250000,166017.0937500000,165382.0312500000,132724.0625000000,120849.6015625000,133826.0156250000,151010.8593750000,,,
21.0639999660,164,176150.0312500000,186158.8437500000,166066.4218750000,165528.6406250000,132830.8125000000,120968.6875000000,133960.5625000000,149178.4218750000,,,
21.0679999660,164,175757.4843750000,190562.7656250000,165451.3593750000,164638.8593750000,131950.8593750000,120134.4453125000,133029.2968750000,151385.8593750000,,,
21.0719999659,164,175512.0937500000,207942.0625000000,165130.7812500000,164119.4062500000,131475.8437500000,119656.8203125000,132496.6093750000,154231.2500000000,,,
21.0759999659,164,175712.9843750000,213393.9843750000,165468.8750000000,164578.4687500000,131945.0625000000,120089.6484375000,132982.5000000000,153815.4218750000,,,
21.0799999661,164,176092.7656250000,201461.6562500000,166018.7812500000,165399.8593750000,132728.0000000000,120849.6015625000,133829.0781250000,150996.8750000000,,,
21.0839999660,164,176135.0781250000,186136.4531250000,166056.3593750000,165524.5937500000,132821.2656250000,120956.7265625000,133954.9531250000,149162.1718750000,,,
21.0879999660,164,175740.0468750000,190447.1406250000,165440.5000000000,164634.8437500000,131940.3281250000,120123.6875000000,133025.0625000000,151345.7031250000,,,
21.0919999660,164,175496.9375000000,207833.5468750000,165120.1406250000,164111.7031250000,131463.4218750000,119648.1562500000,132488.1093750000,154205.3906250000,,,
21.0959999659,164,175704.0000000000,213397.0156250000,165463.1875000000,164569.8281250000,131934.9843750000,120083.6406250000,132974.5000000000,153815.3750000000,,,
21.0999999659,164,176089.1718750000,201595.6875000000,166021.2812500000,165391.3125000000,132725.7812500000,120843.7500000000,133826.5625000000,151010.2968750000,,,
21.1039999661,164,176141.7343750000,186194.3593750000,166071.7031250000,165531.0468750000,132835.3125000000,120967.3515625000,133965.2031250000,149156.5312500000,,,
21.1079999660,164,175752.6875000000,190363.6718750000,165460.2968750000,164652.2812500000,131959.8437500000,120137.0156250000,133036.0312500000,151323.7343750000,,,
21.1119999660,164,175510.1250000000,207762.3593750000,165138.2343750000,164117.6875000000,131477.9843750000,119650.1171875000,132490.4218750000,154199.8437500000,,,
21.1159999659,164,175711.7812500000,213417.1562500000,165473.8437500000,164565.7031250000,131941.3437500000,120076.7187500000,132968.8750000000,153827.6250000000,,,
21.1199999659,165,176102.3125000000,201673.3125000000,166032.3281250000,165392.0000000000,132734.9218750000,120843.2656250000,133826.4531250000,151034.2187500000,,,
21.1239999658,165,176161.5312500000,186255.3593750000,166084.6250000000,165548.9375000000,132848.5781250000,120970.9453125000,133968.9531250000,149174.4843750000,,,
21.1279999658,165,175768.3750000000,190303.0468750000,165468.5781250000,164661.6406250000,131970.4218750000,120144.1796875000,133042.2500000000,151317.7500000000,,,
21.1319999658,165,175514.1875000000,207707.2656250000,165135.2656250000,164119.5312500000,131476.9218750000,119654.5156250000,132492.6406250000,154198.6406250000,,,
21.1359999657,165,175709.9062500000,213434.6406250000,165466.4062500000,164559.3906250000,131934.0156250000,120079.3203125000,132967.7343750000,153835.4687500000,,,
21.1399999657,165,176086.2968750000,201741.3593750000,166010.6093750000,165376.6093750000,132712.6406250000,120840.4531250000,133809.6250000000,151034.5468750000,,,
21.1439999659,165,176146.3281250000,186289.2656250000,166067.1093750000,165534.0468750000,132830.8125000000,120974.1640625000,133958.8750000000,149160.5937500000,,,
21.1479999658,165,175758.7656250000,190210.8593750000,165458.4687500000,164660.1406250000,131960.3906250000,120152.3593750000,133040.5156250000,151289.3281250000,,,
21.1519999658,165,175508.2500000000,207619.3125000000,165126.3593750000,164117.7656250000,131467.1250000000,119657.1953125000,132486.3906250000,154185.8437500000,,,
21.1559999657,165,175706.0937500000,213439.7968750000,165459.9687500000,164564.7031250000,131926.8593750000,120078.9218750000,132959.1250000000,153846.1875000000,,,
21.1599999657,165,176082.6718750000,201815.2031250000,166009.0781250000,165377.1250000000,132710.4843750000,120835.6250000000,133805.4531250000,151050.5312500000,,,
21.1639999659,165,176141.5156250000,186326.0625000000,166067.8750000000,165533.3281250000,132833.6875000000,120968.0703125000,133955.8593750000,149156.5156250000,,,
21.1679999658,165,175759.9218750000,190121.4687500000,165466.3750000000,164665.3437500000,131973.3125000000,120153.8359375000,133048.4218750000,151268.9843750000,,,
21.1719999658,165,175508.8437500000,207538.4218750000,165130.5625000000,164119.9062500000,131474.3593750000,119657.4609375000,132495.7187500000,154180.1875000000,,,
21.1759999658,165,175703.5468750000,213448.4218750000,165456.9687500000,164553.8437500000,131924.9843750000,120075.3828125000,132965.6718750000,153854.7812500000,,,
21.1799999657,165,176081.0937500000,201906.1562500000,166004.9218750000,165368.0000000000,132706.2031250000,120831.0625000000,133808.3750000000,151063.0468750000,,,
21.1839999657,165,176142.2656250000,186370.0468750000,166069.5625000000,165529.5781250000,132834.8437500000,120969.7109375000,133968.0781250000,149151.0312500000,,,
21.1879999659,165,175762.6875000000,190021.2031250000,165471.4531250000,164668.7812500000,131976.4843750000,120153.8593750000,133061.5156250000,151237.9843750000,,,
21.1919999658,165,175511.3437500000,207450.6093750000,165134.0312500000,164118.1093750000,131472.0000000000,119652.9296875000,132495.3437500000,154165.7187500000,,,
21.1959999658,165,175704.2656250000,213456.8750000000,165457.8750000000,164549.5156250000,131920.0625000000,120071.1718750000,132956.5625000000,153862.6093750000,,,
21.1999999657,165,176089.4062500000,201991.4218750000,166012.1562500000,165365.0781250000,132711.1093750000,120836.0546875000,133807.2187500000,151085.7656250000,,,
21.2039999657,165,176153.3750000000,186430.7656250000,166080.0781250000,165534.0312500000,132844.0156250000,120978.1875000000,133972.1718750000,149162.2968750000,,,
21.2079999659,165,175768.6875000000,189949.5312500000,165476.5781250000,164674.8906250000,131981.8125000000,120162.7656250000,133064.1093750000,151225.2187500000,,,
21.2119999658,165,175509.4843750000,207370.2656250000,165128.2031250000,164115.1718750000,131467.2343750000,119651.5078125000,132492.5937500000,154158.4531250000,,,
21.2159999658,165,175703.3281250000,213486.3281250000,165450.7187500000,164553.6562500000,131914.5937500000,120066.5781250000,132954.9531250000,153877.5156250000,,,
21.2199999657,165,176075.4531250000,202117.7031250000,165994.2656250000,165369.1718750000,132694.8750000000,120824.0390625000,133797.5937500000,151100.5468750000,,,
21.2239999657,165,176140.3906250000,186485.7812500000,166066.0156250000,165550.0937500000,132835.5625000000,120976.7656250000,133968.7968750000,149155.9531250000,,,
21.2279999657,165,175762.2031250000,189861.9062500000,165470.1718750000,164695.1406250000,131982.0781250000,120166.8125000000,133065.7812500000,151201.0781250000,,,
21.2319999659,165,175502.2656250000,207279.9375000000,165120.9375000000,164115.8437500000,131462.8593750000,119651.0000000000,132484.4375000000,154144.1250000000,,,
21.2359999658,165,175683.7187500000,213560.2187500000,165430.0156250000,164527.5000000000,131890.7187500000,120046.5156250000,132923.2500000000,153887.0468750000,,,
21.2399999658,165,176071.7343750000,202458.3750000000,165988.5625000000,165356.9218750000,132682.6718750000,120812.1562500000,133776.6093750000,151149.2031250000,,,
21.2439999657,165,176144.6093750000,186600.2656250000,166067.9531250000,165556.5781250000,132836.9218750000,120975.9609375000,133963.7031250000,149145.7500000000,,,
21.2479999657,166,175751.9375000000,189779.0312500000,165457.6406250000,164690.4218750000,131968.4843750000,120150.1328125000,133049.5468750000,151155.6406250000,,,
21.2519999656,166,175481.3750000000,207195.4687500000,165099.7187500000,164111.8593750000,131438.6875000000,119620.6640625000,132459.0000000000,154108.5937500000,,,
21.2559999656,166,175666.5625000000,213545.2500000000,165415.1250000000,164527.9531250000,131874.0156250000,120019.3750000000,132904.7968750000,153870.8906250000,,,
21.2599999656,166,176060.3593750000,202442.8906250000,165981.5000000000,165358.8750000000,132674.6250000000,120793.4062500000,133765.9687500000,151133.4531250000,,,
21.2639999655,166,176142.0312500000,186619.2031250000,166072.5625000000,165555.5937500000,132840.7343750000,120969.5781250000,133965.0156250000,149137.3593750000,,,
21.2679999655,166,175769.3125000000,189703.2031250000,165481.7031250000,164702.4843750000,131996.0312500000,120173.2031250000,133073.9531250000,151149.3125000000,,,
21.2719999657,166,175519.5156250000,207133.8593750000,165142.7968750000,164134.4218750000,131482.9531250000,119662.4296875000,132499.2187500000,154133.8593750000,,,
21.2759999656,166,175712.4531250000,213513.7656250000,165466.4687500000,164547.6250000000,131924.7031250000,120066.2343750000,132954.8125000000,153908.6406250000,,,
21.2799999656,166,176092.6250000000,202331.1250000000,166010.6250000000,165365.7968750000,132705.7656250000,120824.5781250000,133797.9843750000,151149.3437500000,,,
21.2839999655,166,176161.6406250000,186634.7500000000,166084.0937500000,165564.0468750000,132854.6562500000,120980.5703125000,133978.5625000000,149164.2031250000,,,
21.2879999655,166,175784.4375000000,189630.6250000000,165494.2968750000,164718.9375000000,132011.7187500000,120181.0859375000,133088.8906250000,151144.6250000000,,,
21.2919999657,166,175519.6562500000,207055.0312500000,165139.3125000000,164132.7812500000,131482.0156250000,119656.1250000000,132498.6250000000,154127.4218750000,,,
21.2959999656,166,175700.6406250000,213537.8750000000,165449.0781250000,164539.6718750000,131909.5312500000,120049.6875000000,132939.6875000000,153912.7968750000,,,
21.2999999656,166,176083.5000000000,202432.5312500000,166003.0156250000,165359.9218750000,132699.0937500000,120813.8750000000,133792.1250000000,151161.4687500000,,,
21.3039999655,166,176157.9062500000,186693.3281250000,166084.5000000000,165557.7968750000,132854.5000000000,120982.8515625000,133980.5468750000,149168.3437500000,,,
21.3079999655,166,175786.4531250000,189554.6093750000,165497.8906250000,164721.2968750000,132014.8281250000,120193.1015625000,133093.7812500000,151131.7500000000,,,
21.3119999655,166,175521.0000000000,206972.6562500000,165137.7343750000,164128.2031250000,131478.9218750000,119666.9296875000,132496.3906250000,154124.1250000000,,,
21.3159999656,166,175699.5468750000,213553.9218750000,165443.7968750000,164525.7812500000,131903.3593750000,120056.3906250000,132932.8750000000,153930.8125000000,,,
21.3199999656,166,176079.5156250000,202556.6718750000,165996.2187500000,165342.4062500000,132691.2031250000,120814.1171875000,133782.7031250000,151183.5156250000,,,
21.3239999656,166,176156.2187500000,186738.0000000000,166084.7968750000,165548.0312500000,132856.8906250000,120985.0234375000,133981.7812500000,149160.2343750000,,,
21.3279999655,166,175782.5937500000,189447.7812500000,165500.9218750000,164706.2500000000,132022.4843750000,120190.7968750000,133101.1875000000,151097.5156250000,,,
21.3319999655,166,175511.2031250000,206866.4218750000,165137.6250000000,164107.8750000000,131481.6562500000,119654.0546875000,132500.6406250000,154098.1875000000,,,
21.3359999657,166,175683.0312500000,213552.0937500000,165434.5937500000,164504.4375000000,131897.1406250000,120040.2187500000,132927.7500000000,153923.5468750000,,,
21.3399999656,166,176074.9218750000,202661.6718750000,165998.4062500000,165340.5625000000,132697.0000000000,120813.4140625000,133789.2500000000,151197.9062500000,,,
21.3439999656,166,176163.5156250000,186801.5000000000,166100.1562500000,165563.0156250000,132876.7812500000,120999.2656250000,134002.1093750000,149163.7187500000,,,
21.3479999655,166,175789.5312500000,189366.7187500000,165511.6562500000,164719.2500000000,132038.2187500000,120209.1171875000,133115.8593750000,151078.6875000000,,,
21.3519999655,166,175510.8593750000,206788.6406250000,165135.8281250000,164100.5000000000,131480.5156250000,119660.7656250000,132497.8750000000,154088.8593750000,,,
21.3559999655,166,175685.0156250000,213579.0781250000,165435.0312500000,164499.2031250000,131893.8593750000,120041.8750000000,132924.9062500000,153933.7656250000,,,
21.3599999656,166,176075.4843750000,202781.2500000000,165996.6250000000,165347.4218750000,132692.2187500000,120813.5234375000,133784.8750000000,151216.9375000000,,,
21.3639999656,166,176151.5781250000,186868.4218750000,166087.1562500000,165549.2968750000,132863.4062500000,120992.6953125000,133991.3281250000,149153.7187500000,,,
21.3679999656,166,175776.0781250000,189309.9062500000,165499.6406250000,164705.1250000000,132026.3593750000,120200.1328125000,133109.4218750000,151043.6250000000,,,
21.3719999655,166,175507.5781250000,206725.7968750000,165132.2812500000,164111.6718750000,131476.8593750000,119657.1406250000,132498.7343750000,154072.4375000000,,,
21.3759999655,167,175686.4531250000,213603.0625000000,165432.4218750000,164512.9843750000,131891.6093750000,120041.1015625000,132925.7031250000,153947.0468750000,,,
21.3799999654,167,176066.8281250000,202923.7343750000,165984.0781250000,165325.2968750000,132678.9687500000,120801.0546875000,133773.7500000000,151240.9062500000,,,
21.3839999654,167,176154.9531250000,186957.5781250000,166088.0625000000,165543.8437500000,132865.0156250000,120995.8906250000,133994.0312500000,149167.9062500000,,,
21.3879999653,167,175779.7500000000,189233.3281250000,165502.2656250000,164715.9062500000,132030.7968750000,120212.0078125000,133115.6718750000,151038.1093750000,,,
21.3919999653,167,175497.1718750000,206628.9375000000,165122.7031250000,164100.3593750000,131467.9843750000,119658.6484375000,132495.0625000000,154073.4218750000,,,
21.3959999653,167,175661.7500000000,213610.3281250000,165410.9687500000,164485.2812500000,131869.6406250000,120024.4453125000,132908.0156250000,153957.4531250000,,,
21.3999999654,167,176043.1406250000,203019.3593750000,165960.2031250000,165305.5781250000,132656.7968750000,120788.1250000000,133754.5156250000,151259.5312500000,,,
21.4039999654,167,176136.9062500000,186998.8125000000,166072.8281250000,165542.8281250000,132853.3906250000,120993.3359375000,133984.3593750000,149167.9687500000,,,
21.4079999654,167,175773.0156250000,189136.8750000000,165499.2343750000,164726.3281250000,132032.1875000000,120220.0546875000,133119.2343750000,151017.7968750000,,,
21.4119999653,167,175498.8906250000,206538.3906250000,165123.0625000000,164120.9062500000,131469.7031250000,119665.6484375000,132494.0937500000,154068.8906250000,,,
21.4159999653,167,175665.5156250000,213641.5468750000,165411.9531250000,164494.8281250000,131867.9218750000,120031.1796875000,132901.2500000000,153978.4218750000,,,
21.4199999655,167,176049.0156250000,203191.7968750000,165970.8593750000,165306.5468750000,132660.7656250000,120792.3359375000,133755.6406250000,151289.6406250000,,,
21.4239999654,167,176140.6562500000,187067.9531250000,166082.8281250000,165547.5937500000,132860.9843750000,120999.3203125000,133993.0625000000,149159.7031250000,,,
21.4279999654,167,175781.8437500000,189051.7187500000,165512.4843750000,164723.9531250000,132044.0156250000,120229.4453125000,133133.8437500000,150992.6718750000,,,
21.4319999653,167,175501.5468750000,206449.5000000000,165127.1093750000,164101.8281250000,131472.3593750000,119665.2421875000,132498.2500000000,154054.6875000000,,,
21.4359999653,167,175661.4062500000,213716.6406250000,165405.0937500000,164477.8750000000,131860.0625000000,120016.3437500000,132895.1406250000,153991.7500000000,,,
21.4399999653,167,176045.4375000000,203613.2812500000,165959.4062500000,165303.8437500000,132648.2031250000,120776.3515625000,133743.2968750000,151348.2187500000,,,
21.4439999654,167,176147.3437500000,187228.3281250000,166085.9687500000,165566.2968750000,132871.4218750000,121006.2421875000,134002.2187500000,149149.4843750000,,,
21.4479999654,167,175778.8593750000,188999.9843750000,165504.9218750000,164745.3281250000,132043.2656250000,120224.5078125000,133130.9218750000,150949.0000000000,,,
21.4519999654,167,175488.1875000000,206380.2343750000,165110.9375000000,164109.7812500000,131459.7968750000,119647.0546875000,132485.0000000000,154013.2187500000,,,
21.4559999653,167,175646.1718750000,213716.4843750000,165390.0000000000,164472.0312500000,131846.0156250000,119999.3671875000,132882.3125000000,153970.2968750000,,,
21.4599999653,167,176034.0156250000,203661.9062500000,165951.5156250000,165305.2812500000,132638.5468750000,120765.5390625000,133738.0937500000,151335.9687500000,,,
21.4639999655,167,176147.7500000000,187264.3281250000,166088.1718750000,165584.1250000000,132869.4843750000,121005.6250000000,134006.9843750000,149141.0625000000,,,
21.4679999654,167,175786.8750000000,188931.6875000000,165514.1718750000,164770.6406250000,132047.3437500000,120230.4687500000,133143.0468750000,150935.5468750000,,,
21.4719999654,167,175494.5937500000,206312.3593750000,165118.5000000000,164120.7656250000,131460.3437500000,119652.4453125000,132498.3593750000,154015.6875000000,,,
21.4759999653,167,175645.0937500000,213686.5781250000,165390.6406250000,164469.2656250000,131839.3281250000,119997.0312500000,132889.8750000000,153977.7031250000,,,
21.4799999653,167,176019.9375000000,203540.3125000000,165939.2031250000,165275.9687500000,132621.6093750000,120749.4453125000,133735.1406250000,151318.7187500000,,,
21.4839999652,167,176128.5625000000,187248.0937500000,166072.7187500000,165547.9531250000,132849.2656250000,120981.4531250000,134002.7500000000,149136.7656250000,,,
21.4879999654,167,175768.7500000000,188832.7187500000,165503.6718750000,164738.5156250000,132037.8125000000,120213.9140625000,133147.1875000000,150904.8281250000,,,
21.4919999654,167,175480.2968750000,206212.3593750000,165109.2500000000,164103.9062500000,131452.1250000000,119639.5468750000,132498.5468750000,153994.9687500000,,,
21.4959999654,167,175640.0312500000,213628.7968750000,165388.9687500000,164468.8906250000,131839.1250000000,119996.3593750000,132897.2187500000,153970.0000000000,,,
21.4999999653,167,176026.9375000000,203384.3437500000,165948.6406250000,165288.9218750000,132632.2187500000,120761.7578125000,133752.7656250000,151302.2187500000,,,
21.5039999653,168,176136.7968750000,187224.5468750000,166080.0781250000,165556.1250000000,132853.8281250000,120990.2578125000,134009.9375000000,149149.2343750000,,,
21.5079999652,168,175778.2187500000,188740.9531250000,165515.0937500000,164756.9843750000,132046.8906250000,120229.1796875000,133154.6093750000,150894.9531250000,,,
21.5119999652,168,175482.6875000000,206110.3281250000,165110.0781250000,164110.6093750000,131450.2500000000,119640.3750000000,132494.2031250000,153983.6093750000,,,
21.5159999651,168,175633.5937500000,213578.0625000000,165381.4375000000,164463.3125000000,131830.4843750000,119990.7031250000,132900.7656250000,153962.8125000000,,,
21.5199999651,168,176016.1250000000,203283.7343750000,165937.9375000000,165283.1875000000,132625.3593750000,120756.5234375000,133769.6093750000,151281.0937500000,,,
21.5239999651,168,176119.7500000000,187199.1406250000,166062.1250000000,165546.8281250000,132840.3437500000,120972.9843750000,134015.5937500000,149133.7656250000,,,
21.5279999652,168,175767.9375000000,188636.6718750000,165502.0625000000,164749.7812500000,132042.2656250000,120215.7656250000,133171.1406250000,150861.2500000000,,,
21.5319999652,168,175479.2812500000,206004.8593750000,165104.5468750000,164107.9218750000,131450.5000000000,119631.2578125000,132517.6093750000,153962.9218750000,,,
21.5359999652,168,175637.1875000000,213574.2968750000,165381.4062500000,164469.3281250000,131832.8125000000,119977.5859375000,132909.0781250000,153967.1093750000,,,
21.5399999651,168,176025.4843750000,203405.7187500000,165942.3125000000,165295.1562500000,132627.5000000000,120746.8671875000,133766.4531250000,151304.3437500000,,,
21.5439999651,168,176136.3125000000,187267.3750000000,166078.4062500000,165561.7343750000,132853.8281250000,120983.4687500000,134028.7500000000,149143.2812500000,,,
21.5479999653,168,175781.2500000000,188557.2812500000,165518.8750000000,164765.8125000000,132056.0000000000,120235.5859375000,133188.9375000000,150849.6875000000,,,
21.5519999652,168,175478.7968750000,205920.4062500000,165105.3593750000,164103.5781250000,131447.0312500000,119640.1875000000,132516.9687500000,153959.1718750000,,,
21.5559999652,168,175629.8125000000,213629.7656250000,165373.0468750000,164448.9062500000,131820.6093750000,119981.2343750000,132899.9375000000,153989.7656250000,,,
21.5599999651,168,176025.5625000000,203660.6406250000,165941.3437500000,165286.3593750000,132623.8593750000,120753.7343750000,133764.4375000000,151356.2187500000,,,
21.5639999651,168,176145.9531250000,187390.3593750000,166089.6406250000,165573.4062500000,132864.9531250000,120992.4296875000,134041.7187500000,149154.7656250000,,,
21.5679999650,168,175790.4218750000,188513.7812500000,165529.7031250000,164773.1093750000,132067.0000000000,120236.9531250000,133202.0312500000,150833.9687500000,,,
21.5719999652,168,175494.1406250000,205868.6562500000,165124.7031250000,164120.3125000000,131465.0937500000,119644.2656250000,132535.4531250000,153959.9218750000,,,
21.5759999652,168,175643.2500000000,213662.7343750000,165393.1250000000,164467.4531250000,131836.4375000000,119980.3203125000,132912.2187500000,154007.7187500000,,,
21.5799999651,168,176032.2968750000,203792.6562500000,165953.4218750000,165294.9843750000,132631.6562500000,120749.6875000000,133765.2968750000,151384.2500000000,,,
21.5839999651,168,176147.4218750000,187476.8125000000,166096.4531250000,165574.5625000000,132873.0312500000,120998.2500000000,134043.9531250000,149167.5625000000,,,
21.5879999651,168,175796.4531250000,188449.1562500000,165541.2656250000,164778.8437500000,132082.1250000000,120252.0000000000,133211.2343750000,150827.4218750000,,,
21.5919999653,168,175504.2343750000,205783.8750000000,165134.1093750000,164121.9531250000,131475.0625000000,119654.6718750000,132536.6093750000,153964.6875000000,,,
21.5959999652,168,175657.0625000000,213674.7500000000,165401.3593750000,164469.8125000000,131843.4062500000,119988.5312500000,132908.6250000000,154038.4531250000,,,
21.5999999652,168,176046.5781250000,203892.4687500000,165962.8593750000,165299.7656250000,132640.5625000000,120755.7734375000,133765.3281250000,151420.7500000000,,,
21.6039999651,168,176158.5000000000,187541.4218750000,166107.4531250000,165581.3125000000,132885.0000000000,121002.1328125000,134048.7187500000,149180.0000000000,,,
21.6079999651,168,175802.2968750000,188381.9218750000,165548.3437500000,164785.9531250000,132093.4531250000,120251.8125000000,133216.9375000000,150811.4062500000,,,
21.6119999650,168,175499.4843750000,205715.9687500000,165129.1250000000,164114.7031250000,131474.2812500000,119644.1640625000,132533.3906250000,153953.9375000000,,,
21.6159999652,168,175646.3593750000,213673.3906250000,165390.6406250000,164457.1718750000,131835.7187500000,119975.0390625000,132899.6875000000,154036.8750000000,,,
21.6199999652,168,176028.7812500000,203905.7187500000,165949.6093750000,165279.1562500000,132628.3125000000,120740.5703125000,133754.2187500000,151413.4843750000,,,
21.6239999651,168,176145.6718750000,187583.8750000000,166096.7812500000,165576.3593750000,132873.8125000000,120991.0859375000,134039.0625000000,149176.6562500000,,,
21.6279999651,168,175792.6406250000,188319.3750000000,165539.3437500000,164796.7656250000,132082.6718750000,120246.7734375000,133209.1875000000,150786.8906250000,,,
21.6319999651,169,175494.5781250000,205630.0312500000,165123.9687500000,164122.8125000000,131462.7031250000,119641.2656250000,132526.3906250000,153936.6875000000,,,
21.6359999650,169,175631.9531250000,213681.4062500000,165373.5781250000,164447.4687500000,131812.2500000000,119965.0625000000,132881.4062500000,154036.4375000000,,,
21.6399999650,169,176009.7656250000,204001.2500000000,165923.3281250000,165274.6093750000,132598.7500000000,120726.1640625000,133729.7343750000,151418.5781250000,,,
21.6439999649,169,176133.3906250000,187636.2343750000,166081.0625000000,165573.3437500000,132859.0625000000,120987.2500000000,134029.0156250000,149168.1562500000,,,
21.6479999649,169,175783.8437500000,188241.1093750000,165532.2343750000,164791.5937500000,132078.9843750000,120252.5625000000,133205.7812500000,150762.7812500000,,,
21.6519999648,169,175480.4843750000,205543.9843750000,165112.8593750000,164122.4687500000,131456.5000000000,119643.0078125000,132519.0312500000,153923.0937500000,,,
21.6559999650,169,175623.2656250000,213688.4843750000,165366.0625000000,164455.7031250000,131810.2656250000,119966.2109375000,132878.9062500000,154043.0156250000,,,
21.6599999650,169,176014.1093750000,204106.9687500000,165930.7031250000,165282.6562500000,132610.9218750000,120736.5156250000,133737.0781250000,151441.6406250000,,,
21.6639999649,169,176139.7187500000,187706.8593750000,166092.5156250000,165576.0781250000,132873.8906250000,120999.7734375000,134036.8750000000,149173.6562500000,,,
21.6679999649,169,175792.8906250000,188175.9843750000,165545.4531250000,164794.8437500000,132095.8906250000,120264.1250000000,133217.2343750000,150746.2031250000,,,
21.6719999649,169,175484.5156250000,205462.0937500000,165115.3125000000,164113.3437500000,131461.2812500000,119643.4609375000,132518.6562500000,153913.6562500000,,,
21.6759999651,169,175624.3906250000,213708.2031250000,165367.4062500000,164443.8125000000,131811.0156250000,119962.5390625000,132876.2812500000,154054.2031250000,,,
21.6799999650,169,176015.6718750000,204223.7656250000,165931.7500000000,165282.1093750000,132609.8750000000,120733.0546875000,133735.5156250000,151461.9218750000,,,
21.6839999650,169,176144.1562500000,187782.2500000000,166095.3125000000,165587.8906250000,132877.9687500000,121004.7109375000,134041.6718750000,149177.9375000000,,,
21.6879999649,169,175794.5781250000,188123.0625000000,165544.1406250000,164805.3281250000,132099.3281250000,120275.7968750000,133222.5000000000,150730.7031250000,,,
21.6919999649,169,175489.3437500000,205388.6250000000,165116.5156250000,164115.3750000000,131466.4531250000,119653.0625000000,132522.3125000000,153909.3125000000,,,
21.6959999648,169,175627.3906250000,213714.8437500000,165366.7343750000,164440.2968750000,131812.5937500000,119960.4765625000,132869.9218750000,154062.5156250000,,,
21.6999999650,169,176022.0781250000,204315.9843750000,165936.5781250000,165274.5468750000,132616.4218750000,120732.0937500000,133732.2812500000,151479.3593750000,,,
21.7039999650,169,176152.1093750000,187842.4531250000,166100.3281250000,165581.7187500000,132887.2187500000,121007.3437500000,134040.7812500000,149178.6718750000,,,
21.7079999649,169,175802.5468750000,188040.6875000000,165549.7968750000,164794.7500000000,132109.5156250000,120274.1015625000,133225.6406250000,150703.2031250000,,,
21.7119999649,169,175494.9218750000,205292.4375000000,165118.8750000000,164100.2187500000,131471.1562500000,119648.7734375000,132523.9687500000,153892.0000000000,,,
21.7159999649,169,175634.9375000000,213705.2500000000,165370.9218750000,164428.7656250000,131816.0312500000,119961.4921875000,132872.2031250000,154073.1875000000,,,
21.7199999650,169,176026.5312500000,204385.1875000000,165939.0468750000,165264.4375000000,132615.8593750000,120728.2812500000,133732.7656250000,151500.6250000000,,,
21.7239999650,169,176171.8906250000,187890.2968750000,166121.4375000000,165600.1250000000,132904.6562500000,121022.2500000000,134061.5781250000,149198.7343750000,,,
21.7279999650,169,175835.3750000000,187969.6562500000,165583.4531250000,164838.7500000000,132140.0312500000,120302.5078125000,133254.9218750000,150712.3281250000,,,
21.7319999649,169,175516.2187500000,205216.4843750000,165138.9843750000,164119.8593750000,131486.5781250000,119662.5859375000,132539.4531250000,153903.8593750000,,,
21.7359999649,169,175639.2031250000,213710.6718750000,165374.0000000000,164431.7500000000,131813.6093750000,119959.9140625000,132874.7812500000,154084.9062500000,,,
21.7399999648,169,176024.3437500000,204458.0312500000,165935.6562500000,165260.4218750000,132605.7187500000,120727.8281250000,133729.0937500000,151509.8593750000,,,
21.7439999650,169,176161.1875000000,187947.4531250000,166112.0781250000,165595.7187500000,132887.8906250000,121013.5625000000,134051.2187500000,149188.4843750000,,,
21.7479999650,169,175820.0625000000,187890.6250000000,165571.0156250000,164836.5156250000,132123.4375000000,120293.5000000000,133250.6875000000,150677.7187500000,,,
21.7519999649,169,175501.2031250000,205125.8750000000,165125.9531250000,164129.4687500000,131469.8906250000,119651.3515625000,132530.1406250000,153884.0156250000,,,
21.7559999649,169,175631.2656250000,213722.0312500000,165367.1718750000,164443.4218750000,131803.4531250000,119948.6171875000,132863.6250000000,154095.4531250000,,,
21.7599999649,170,176017.0625000000,204562.8906250000,165930.2968750000,165265.7500000000,132598.7500000000,120710.3125000000,133717.4218750000,151527.6875000000,,,
21.7639999648,170,176153.8593750000,188009.8437500000,166106.8906250000,165578.6562500000,132885.7187500000,120997.7109375000,134044.5625000000,149183.7343750000,,,
21.7679999648,170,175818.2812500000,187827.8593750000,165571.0156250000,164831.3125000000,132128.1093750000,120284.6953125000,133252.1406250000,150648.1718750000,,,
21.7719999647,170,175508.2500000000,205039.6406250000,165132.8437500000,164131.4531250000,131477.1093750000,119648.7500000000,132542.2812500000,153866.2500000000,,,
21.7759999647,170,175636.3593750000,213727.8593750000,165369.8281250000,164436.4375000000,131801.9531250000,119945.6171875000,132872.4375000000,154098.3750000000,,,
21.7799999646,170,176013.3437500000,204654.5000000000,165922.1718750000,165245.9843750000,132586.8593750000,120705.5937500000,133718.8593750000,151534.1250000000,,,
21.7839999648,170,176147.3750000000,188084.9687500000,166098.6875000000,165582.2500000000,132877.2656250000,121000.8515625000,134052.5000000000,149177.7500000000,,,
21.7879999648,170,175816.2187500000,187770.1406250000,165572.2187500000,164837.8906250000,132132.7500000000,120296.9531250000,133269.4062500000,150628.1250000000,,,
21.7919999647,170,175503.8750000000,204958.5625000000,165133.1250000000,164131.1562500000,131480.3281250000,119655.2656250000,132550.3125000000,153856.4375000000,,,
21.7959999647,170,175626.0000000000,213744.1718750000,165362.2812500000,164424.6093750000,131797.9687500000,119944.2187500000,132871.0468750000,154106.4687500000,,,
21.7999999647,170,176015.0625000000,204801.5937500000,165926.7812500000,165254.2500000000,132593.1406250000,120708.7578125000,133721.0937500000,151565.1562500000,,,
21.8039999648,170,176157.9062500000,188172.7343750000,166112.8750000000,165600.4062500000,132892.4531250000,121012.0625000000,134059.7500000000,149190.6093750000,,,
21.8079999648,170,175824.4375000000,187693.3125000000,165583.0781250000,164858.7500000000,132143.0468750000,120303.3671875000,133270.8593750000,150608.5468750000,,,
21.8119999648,170,175503.0781250000,204864.6875000000,165131.5312500000,164134.2656250000,131475.5156250000,119652.1015625000,132538.7812500000,153841.7656250000,,,
21.8159999647,170,175625.0625000000,213748.7031250000,165361.0781250000,164420.9062500000,131792.6406250000,119942.2578125000,132863.8125000000,154112.9062500000,,,
21.8199999647,170,176014.3906250000,204881.7656250000,165925.2343750000,165248.3437500000,132589.2812500000,120712.3750000000,133721.8125000000,151581.6093750000,,,
21.8239999646,170,176159.9687500000,188241.4843750000,166116.9843750000,165599.6875000000,132895.2656250000,121018.1484375000,134069.7812500000,149198.0625000000,,,
21.8279999648,170,175829.4531250000,187632.3750000000,165590.4375000000,164859.6875000000,132151.4687500000,120317.3671875000,133286.9218750000,150595.2968750000,,,
21.8319999648,170,175510.2343750000,204781.6718750000,165139.1562500000,164141.1875000000,131484.5312500000,119662.9062500000,132552.7500000000,153840.2343750000,,,
21.8359999647,170,175628.4218750000,213744.7031250000,165365.8593750000,164426.2500000000,131799.1562500000,119939.1484375000,132868.0468750000,154125.6718750000,,,
21.8399999647,170,176015.5156250000,204913.8437500000,165927.2656250000,165245.8437500000,132593.0625000000,120702.8046875000,133721.0937500000,151589.8593750000,,,
21.8439999647,170,176168.4218750000,188286.1093750000,166121.5625000000,165594.9375000000,132902.4843750000,121016.4843750000,134072.8593750000,149202.9375000000,,,
21.8479999648,170,175836.9531250000,187567.2031250000,165592.4687500000,164859.2656250000,132157.3125000000,120316.8593750000,133291.4843750000,150576.9531250000,,,
21.8519999648,170,175506.6406250000,204689.9687500000,165125.7656250000,164132.0156250000,131474.1718750000,119651.5937500000,132543.6093750000,153820.7656250000,,,
21.8559999648,170,175621.5000000000,213737.0625000000,165345.2812500000,164414.9843750000,131780.9375000000,119928.0703125000,132853.0156250000,154124.7187500000,,,
21.8599999647,170,176005.2187500000,204979.8906250000,165908.5468750000,165238.1562500000,132577.6718750000,120695.7500000000,133709.2968750000,151596.7031250000,,,
21.8639999647,170,176153.6406250000,188335.5937500000,166106.8437500000,165600.2031250000,132892.3750000000,121013.2656250000,134064.7343750000,149197.6562500000,,,
21.8679999646,170,175824.5625000000,187497.2968750000,165586.7656250000,164862.9062500000,132156.5937500000,120319.3828125000,133292.3437500000,150552.8437500000,,,
21.8719999648,170,175496.1250000000,204608.5937500000,165125.5312500000,164119.3750000000,131474.1250000000,119650.6250000000,132544.2968750000,153806.0468750000,,,
21.8759999648,170,175610.6250000000,213735.0468750000,165346.4375000000,164393.6562500000,131778.8593750000,119925.8203125000,132851.7343750000,154123.7500000000,,,
21.8799999647,170,175999.6562500000,205062.8750000000,165914.2031250000,165217.2343750000,132577.9687500000,120696.4218750000,133709.8281250000,151604.2656250000,,,
21.8839999647,170,176155.7656250000,188410.2968750000,166114.3281250000,165587.7187500000,132896.6093750000,121018.2031250000,134069.9375000000,149197.7343750000,,,
21.8879999646,171,175825.6406250000,187436.1718750000,165589.1250000000,164863.0468750000,132160.0468750000,120322.0078125000,133301.5937500000,150525.1562500000,,,
21.8919999646,171,175494.3281250000,204518.8906250000,165119.4375000000,164127.7500000000,131470.4218750000,119649.0390625000,132547.0312500000,153787.2968750000,,,
21.8959999646,171,175605.1562500000,213753.2656250000,165337.4531250000,164399.2968750000,131769.6250000000,119918.7109375000,132847.2500000000,154132.4843750000,,,
21.8999999645,171,175992.6250000000,205229.5781250000,165905.0000000000,165229.1875000000,132566.1562500000,120690.7890625000,133703.4218750000,151636.2343750000,,,
21.9039999645,171,176154.6093750000,188515.6250000000,166115.7500000000,165609.7968750000,132897.0156250000,121024.2890625000,134073.7031250000,149206.3437500000,,,
21.9079999644,171,175834.4843750000,187381.7187500000,165601.4531250000,164881.2812500000,132170.5000000000,120339.8750000000,133311.0156250000,150519.2031250000,,,
21.9119999646,171,175496.0468750000,204432.3906250000,165123.7343750000,164115.4062500000,131470.8281250000,119655.9375000000,132546.5781250000,153784.3906250000,,,
21.9159999646,171,175606.2343750000,213755.9687500000,165336.5937500000,164388.9062500000,131765.1406250000,119919.0625000000,132839.6718750000,154146.0937500000,,,
21.9199999645,171,175997.9375000000,205346.5468750000,165906.7187500000,165224.2031250000,132565.3281250000,120685.9609375000,133696.1562500000,151660.7031250000,,,
21.9239999645,171,176172.0781250000,188593.0156250000,166132.8281250000,165626.1562500000,132914.7343750000,121031.0234375000,134084.6406250000,149216.7031250000,,,
21.9279999644,171,175851.3906250000,187329.2031250000,165616.9843750000,164910.3593750000,132191.6718750000,120350.2812500000,133323.6718750000,150505.9375000000,,,
21.9319999646,171,175505.6562500000,204358.4375000000,165130.8593750000,164135.7968750000,131483.6250000000,119661.0312500000,132551.9375000000,153777.6875000000,,,
21.9359999646,171,175615.4531250000,213767.3750000000,165346.2500000000,164383.5468750000,131778.0781250000,119926.7031250000,132849.3750000000,154163.0156250000,,,
21.9399999646,171,176000.8125000000,205417.1093750000,165907.7968750000,165203.7656250000,132568.5468750000,120690.3046875000,133695.9062500000,151682.2656250000,,,
21.9439999645,171,176155.4218750000,188654.7500000000,166112.8281250000,165587.8906250000,132896.6093750000,121018.0390625000,134067.1718750000,149213.2187500000,,,
21.9479999645,171,175830.8906250000,187257.8906250000,165598.2187500000,164864.8125000000,132173.8125000000,120334.2109375000,133312.0000000000,150471.0156250000,,,
21.9519999644,171,175499.3281250000,204261.7812500000,165126.3906250000,164117.5312500000,131477.5781250000,119653.2500000000,132546.8437500000,153758.9062500000,,,
21.9559999646,171,175607.0937500000,213752.9687500000,165335.9687500000,164379.8750000000,131767.2656250000,119912.8359375000,132833.1718750000,154157.7031250000,,,
21.9599999646,171,175991.3750000000,205473.8437500000,165900.0625000000,165201.5156250000,132561.9218750000,120676.1953125000,133684.2343750000,151680.5156250000,,,
21.9639999645,171,176158.0156250000,188710.7500000000,166120.5468750000,165589.3125000000,132905.8281250000,121019.5703125000,134074.2343750000,149213.2656250000,,,
21.9679999645,171,175838.0781250000,187208.5937500000,165607.7656250000,164883.0781250000,132185.4531250000,120343.3046875000,133323.9375000000,150456.6093750000,,,
21.9719999644,171,175503.3437500000,204180.4531250000,165129.3125000000,164134.5781250000,131480.5156250000,119654.7812500000,132552.5937500000,153748.2656250000,,,
21.9759999646,171,175606.2812500000,213741.6718750000,165332.8906250000,164390.3593750000,131761.2031250000,119902.5937500000,132832.7500000000,154162.3750000000,,,
21.9799999646,171,175991.6875000000,205538.6406250000,165895.5625000000,165207.8437500000,132553.1250000000,120664.9062500000,133681.0000000000,151696.2187500000,,,
21.9839999645,171,176162.7968750000,188771.3281250000,166122.0000000000,165603.1250000000,132905.2500000000,121018.4453125000,134076.8593750000,149223.8125000000,,,
21.9879999645,171,175842.1406250000,187135.5781250000,165615.8906250000,164893.0937500000,132194.8593750000,120351.0312500000,133335.0625000000,150442.6875000000,,,
21.9919999645,171,175500.9531250000,204075.2500000000,165131.8593750000,164128.6250000000,131483.2187500000,119657.8906250000,132558.6562500000,153737.6093750000,,,
21.9959999644,171,175604.1875000000,213738.5312500000,165334.2343750000,164380.0937500000,131762.5468750000,119911.4453125000,132838.4062500000,154178.5468750000,,,
21.9999999646,171,175994.2343750000,205629.9218750000,165899.7968750000,165205.7500000000,132558.8125000000,120680.2421875000,133693.7656250000,151726.2343750000,,,
22.0039999646,171,176161.6406250000,188836.6093750000,166118.5937500000,165599.0781250000,132905.5156250000,121031.0546875000,134083.4531250000,149237.4531250000,,,
22.0079999645,171,175844.6250000000,187079.5781250000,165609.8281250000,164891.8750000000,132192.6406250000,120362.0234375000,133335.1250000000,150436.5625000000,,,
22.0119999645,171,175509.9218750000,203990.0468750000,165128.2031250000,164127.3125000000,131481.3906250000,119670.4218750000,132554.1250000000,153742.5312500000,,,
22.0159999644,172,175613.5781250000,213734.8906250000,165332.8125000000,164378.6406250000,131760.7500000000,119919.1171875000,132830.5937500000,154203.2187500000,,,
22.0199999644,172,176001.5156250000,205715.2968750000,165903.3750000000,165210.7656250000,132559.7187500000,120681.3437500000,133688.0000000000,151758.2812500000,,,
22.0239999644,172,176174.4062500000,188909.4218750000,166135.7500000000,165613.7187500000,132919.4062500000,121035.9062500000,134091.0000000000,149254.4687500000,,,
22.0279999643,172,175863.1562500000,187015.4687500000,165638.0937500000,164913.6093750000,132218.9531250000,120378.4687500000,133358.8593750000,150427.3437500000,,,
22.0319999643,172,175521.4218750000,203895.0937500000,165148.8281250000,164147.4843750000,131499.5468750000,119677.3671875000,132570.4843750000,153732.4375000000,,,
22.0359999642,172,175622.9218750000,213734.1875000000,165351.8281250000,164391.2968750000,131776.7343750000,119920.3203125000,132845.2968750000,154210.2187500000,,,
22.0399999644,172,176003.5156250000,205806.8593750000,165914.3125000000,165208.1875000000,132567.0937500000,120680.8046875000,133695.8593750000,151770.1093750000,,,
22.0439999644,172,176156.9218750000,188988.6093750000,166127.7656250000,165588.8281250000,132911.3906250000,121029.1718750000,134086.8437500000,149241.9687500000,,,
22.0479999643,172,175835.1562500000,186954.5000000000,165616.6093750000,164890.7812500000,132201.2500000000,120367.0468750000,133344.4062500000,150382.9218750000,,,
22.0519999643,172,175486.9218750000,203789.0312500000,165118.0156250000,164121.3281250000,131471.3906250000,119658.7500000000,132545.1093750000,153691.0000000000,,,
22.0559999642,172,175577.5312500000,213705.2187500000,165306.7031250000,164355.1406250000,131733.2500000000,119887.4375000000,132800.7968750000,154178.1406250000,,,
22.0599999644,172,175962.8906250000,205877.1093750000,165871.7968750000,165174.5000000000,132527.2656250000,120648.7031250000,133651.1718750000,151751.4687500000,,,
22.0639999644,172,176144.0937500000,189048.3906250000,166111.0000000000,165598.9062500000,132897.5468750000,121019.6484375000,134067.4531250000,149227.9687500000,,,
22.0679999643,172,175838.4531250000,186879.5625000000,165616.8750000000,164923.7187500000,132205.2656250000,120365.7578125000,133347.3593750000,150351.6250000000,,,
22.0719999643,172,175502.8906250000,203690.6093750000,165131.7187500000,164154.5156250000,131487.1093750000,119661.7812500000,132563.3906250000,153681.2031250000,,,
22.0759999643,172,175594.6250000000,213691.4062500000,165319.8281250000,164369.5468750000,131748.2500000000,119892.1015625000,132820.8125000000,154197.4531250000,,,
22.0799999642,172,175981.8750000000,205969.1718750000,165886.7187500000,165190.7812500000,132541.3437500000,120652.8359375000,133668.1250000000,151789.8281250000,,,
22.0839999644,172,176161.9843750000,189132.4843750000,166127.2031250000,165609.0156250000,132912.4531250000,121027.5078125000,134084.0781250000,149254.0156250000,,,
22.0879999644,172,175854.6562500000,186839.2187500000,165631.8281250000,164925.5937500000,132220.3906250000,120385.7109375000,133362.5156250000,150359.2656250000,,,
22.0919999643,172,175504.1718750000,203602.5468750000,165128.2968750000,164148.9687500000,131483.4843750000,119668.7812500000,132560.7968750000,153681.1875000000,,,
22.0959999643,172,175587.2500000000,213708.8906250000,165305.7187500000,164367.5625000000,131731.5156250000,119888.7500000000,132807.5000000000,154214.1718750000,,,
22.0999999642,172,175970.7500000000,206193.0000000000,165866.1093750000,165175.9218750000,132518.2031250000,120648.6718750000,133651.1093750000,151830.7812500000,,,
22.1039999644,172,176154.7656250000,189268.6875000000,166115.3906250000,165603.5781250000,132903.9062500000,121032.1796875000,134079.3281250000,149259.9375000000,,,
22.1079999644,172,175854.8437500000,186794.5625000000,165632.9687500000,164930.6875000000,132223.5156250000,120393.0312500000,133368.3750000000,150338.9687500000,,,
22.1119999643,172,175511.8437500000,203514.1406250000,165137.6562500000,164147.4531250000,131491.9375000000,119680.6640625000,132568.1718750000,153671.1718750000,,,
22.1159999643,172,175598.6406250000,213692.9843750000,165319.2031250000,164365.8125000000,131743.0468750000,119899.9609375000,132814.0000000000,154226.8750000000,,,
22.1199999643,172,175982.8437500000,206216.4062500000,165885.2031250000,165173.0781250000,132534.2968750000,120661.8750000000,133664.1562500000,151849.0156250000,,,
22.1239999642,172,176164.5156250000,189314.1718750000,166132.8906250000,165607.5937500000,132917.3906250000,121037.5703125000,134093.4843750000,149267.5312500000,,,
22.1279999644,172,175856.5937500000,186724.2343750000,165644.5937500000,164932.3593750000,132233.4843750000,120387.0546875000,133378.8750000000,150311.1250000000,,,
22.1319999644,172,175506.5625000000,203403.0468750000,165142.0000000000,164141.3125000000,131495.2031250000,119669.2109375000,132573.2656250000,153642.1250000000,,,
22.1359999643,172,175590.1875000000,213650.7656250000,165321.3281250000,164358.6250000000,131743.5312500000,119888.6171875000,132814.9687500000,154210.2968750000,,,
22.1399999643,172,175971.9531250000,206181.1406250000,165881.8281250000,165171.6562500000,132532.3437500000,120645.3515625000,133658.3906250000,151824.9531250000,,,
22.1439999642,173,176160.8906250000,189311.7656250000,166133.9843750000,165597.2812500000,132921.1250000000,121030.9453125000,134093.5468750000,149254.6250000000,,,
22.1479999642,173,175860.1562500000,186647.7031250000,165648.7500000000,164927.6093750000,132242.4687500000,120400.1953125000,133384.4687500000,150292.7500000000,,,
22.1519999641,173,175500.0156250000,203307.2656250000,165130.5937500000,164128.8125000000,131486.5156250000,119669.9921875000,132560.4531250000,153626.7343750000,,,
22.1559999641,173,175577.6406250000,213632.7187500000,165302.7187500000,164333.7187500000,131725.6562500000,119881.9140625000,132796.3750000000,154210.5937500000,,,
22.1599999641,173,175965.7500000000,206214.6406250000,165871.5312500000,165164.2343750000,132522.7343750000,120647.7109375000,133651.5625000000,151840.0937500000,,,
22.1639999640,173,176158.0781250000,189376.0781250000,166128.8125000000,165609.6875000000,132917.3906250000,121040.9765625000,134094.9375000000,149275.9218750000,,,
22.1679999642,173,175863.7187500000,186606.6406250000,165653.1406250000,164945.4375000000,132250.7656250000,120414.0078125000,133397.6250000000,150292.5312500000,,,
22.1719999642,173,175509.1093750000,203231.6250000000,165141.6406250000,164142.3593750000,131499.1562500000,119681.6328125000,132577.1875000000,153630.7500000000,,,
22.1759999641,173,175579.6562500000,213640.1562500000,165301.8750000000,164340.3437500000,131726.0156250000,119879.2265625000,132796.9687500000,154225.9375000000,,,
22.1799999641,173,175963.5781250000,206336.1718750000,165863.5625000000,165158.1718750000,132514.4687500000,120638.0234375000,133639.1562500000,151864.5468750000,,,
22.1839999640,173,176161.9843750000,189474.5625000000,166126.6875000000,165604.6562500000,132915.0937500000,121039.0937500000,134083.1718750000,149288.0468750000,,,
22.1879999642,173,175871.9843750000,186565.9218750000,165656.4375000000,164954.5625000000,132254.7500000000,120419.1015625000,133391.0468750000,150284.5625000000,,,
22.1919999642,173,175513.5625000000,203141.5000000000,165140.7812500000,164148.9687500000,131497.3281250000,119681.5000000000,132565.1093750000,153626.9218750000,,,
22.1959999641,173,175591.4218750000,213632.6718750000,165312.4218750000,164345.3750000000,131731.7187500000,119885.9921875000,132791.9531250000,154252.2187500000,,,
22.1999999641,173,175972.1875000000,206462.0781250000,165874.5312500000,165159.4062500000,132519.3750000000,120639.9062500000,133636.7656250000,151903.9218750000,,,
22.2039999641,173,176164.3750000000,189571.0156250000,166137.8125000000,165608.3750000000,132922.0937500000,121037.1093750000,134092.3906250000,149297.4375000000,,,
22.2079999640,173,175867.8906250000,186512.0156250000,165661.3281250000,164957.8281250000,132258.2500000000,120414.7890625000,133403.2500000000,150255.0937500000,,,
22.2119999642,173,175505.4843750000,203044.4375000000,165138.8906250000,164142.6562500000,131495.0937500000,119674.6015625000,132573.6093750000,153596.0781250000,,,
22.2159999642,173,175579.5468750000,213614.7031250000,165303.1406250000,164339.4843750000,131722.3125000000,119873.2734375000,132797.2812500000,154233.3906250000,,,
22.2199999641,173,175961.7343750000,206522.4218750000,165862.3906250000,165152.8593750000,132508.5468750000,120626.8671875000,133636.6250000000,151892.5468750000,,,
22.2239999641,173,176149.8906250000,189612.8593750000,166118.9375000000,165590.9687500000,132909.5625000000,121023.6718750000,134082.9843750000,149269.8906250000,,,
22.2279999640,173,175852.3281250000,186435.5156250000,165642.5156250000,164933.0312500000,132247.6250000000,120406.3125000000,133395.4218750000,150210.0000000000,,,
22.2319999642,173,175496.3125000000,202934.2500000000,165127.0781250000,164129.5156250000,131489.1250000000,119671.8671875000,132568.8437500000,153566.4843750000,,,
22.2359999642,173,175568.1250000000,213590.7500000000,165290.4218750000,164330.7343750000,131712.6875000000,119864.9296875000,132785.1875000000,154229.4062500000,,,
22.2399999641,173,175949.8750000000,206607.6875000000,165850.2031250000,165145.4062500000,132497.3906250000,120621.7187500000,133625.5312500000,151909.7187500000,,,
22.2439999641,173,176148.8750000000,189701.3750000000,166117.1718750000,165601.9687500000,132907.5781250000,121031.8281250000,134084.0781250000,149286.9218750000,,,
22.2479999640,173,175852.7343750000,186399.2031250000,165644.0781250000,164955.2031250000,132248.7812500000,120413.9296875000,133398.0937500000,150198.8750000000,,,
22.2519999640,173,175496.7656250000,202863.3750000000,165126.4375000000,164145.6875000000,131485.5000000000,119672.9687500000,132566.9062500000,153562.6250000000,,,
22.2559999642,173,175571.5000000000,213607.5000000000,165290.5156250000,164333.6875000000,131708.1718750000,119865.0390625000,132782.2968750000,154251.5625000000,,,
22.2599999642,173,175948.1406250000,206688.0312500000,165845.1875000000,165144.9687500000,132488.8906250000,120615.3046875000,133619.7812500000,151928.8906250000,,,
22.2639999641,173,176149.3593750000,189780.7187500000,166119.3593750000,165597.3593750000,132906.5000000000,121027.6953125000,134085.3906250000,149294.0312500000,,,
22.2679999641,173,175858.0937500000,186368.1093750000,165654.4062500000,164957.6718750000,132258.0781250000,120417.0937500000,133411.3437500000,150185.7343750000,,,
22.2719999640,174,175499.1875000000,202773.5781250000,165129.4375000000,164141.2656250000,131489.1250000000,119672.4843750000,132572.3593750000,153545.0625000000,,,
22.2759999640,174,175568.3281250000,213585.0625000000,165281.3437500000,164319.9843750000,131700.3906250000,119858.2812500000,132774.5468750000,154248.2031250000,,,
22.2799999639,174,175951.7031250000,206723.2968750000,165846.1250000000,165127.8281250000,132488.4375000000,120612.8671875000,133620.5156250000,151942.2031250000,,,
22.2839999639,174,176152.4687500000,189831.2031250000,166120.1406250000,165595.8593750000,132906.1250000000,121023.6484375000,134089.0937500000,149307.3593750000,,,
22.2879999639,174,175869.0937500000,186315.5781250000,165663.1562500000,164976.6093750000,132266.2031250000,120419.7500000000,133423.9531250000,150179.2968750000,,,
22.2919999638,174,175510.3750000000,202685.1718750000,165139.3437500000,164156.9531250000,131494.9062500000,119672.7265625000,132585.6562500000,153538.0625000000,,,
22.2959999640,174,175567.8281250000,213569.5781250000,165283.8281250000,164319.6250000000,131695.7812500000,119843.8515625000,132780.0625000000,154244.9531250000,,,
22.2999999640,174,175941.9062500000,206840.8906250000,165838.7500000000,165128.1562500000,132474.7968750000,120590.6328125000,133615.0156250000,151941.2031250000,,,
22.3039999639,174,176151.2812500000,189924.7187500000,166122.1875000000,165602.1875000000,132904.9843750000,121018.7109375000,134096.3593750000,149289.2812500000,,,
22.3079999639,174,175870.8593750000,186255.9531250000,165667.4375000000,164980.4218750000,132270.5468750000,120422.0312500000,133441.0156250000,150137.0937500000,,,
22.3119999638,174,175509.5937500000,202581.6718750000,165139.9062500000,164150.8437500000,131497.4062500000,119672.6171875000,132601.4843750000,153505.7187500000,,,
22.3159999640,174,175566.7500000000,213550.4531250000,165282.4062500000,164315.7968750000,131696.9687500000,119846.9375000000,132794.8125000000,154241.7187500000,,,
22.3199999640,174,175942.5625000000,206925.4531250000,165837.4687500000,165122.5468750000,132475.0000000000,120596.2343750000,133629.3906250000,151959.2031250000,,,
22.3239999639,174,176148.3906250000,190009.3281250000,166119.7343750000,165601.9687500000,132903.5625000000,121022.2500000000,134108.1406250000,149294.8906250000,,,
22.3279999639,174,175864.3437500000,186214.6093750000,165664.8125000000,164983.0468750000,132269.3437500000,120427.8203125000,133450.1875000000,150117.7031250000,,,
22.3319999638,174,175500.8437500000,202489.6718750000,165133.3281250000,164163.5312500000,131490.6718750000,119673.9609375000,132603.0156250000,153486.9375000000,,,
22.3359999638,174,175560.6875000000,213551.4531250000,165276.2343750000,164327.0625000000,131689.1250000000,119846.0468750000,132792.6250000000,154247.2656250000,,,
22.3399999640,174,175944.1406250000,207000.5000000000,165838.9687500000,165132.0156250000,132475.0156250000,120599.2187500000,133632.7343750000,151979.7187500000,,,
22.3439999640,174,176155.3125000000,190091.7812500000,166126.4218750000,165606.3906250000,132911.0937500000,121028.4765625000,134118.1406250000,149313.2812500000,,,
22.3479999639,174,175874.1093750000,186182.9062500000,165672.7812500000,164987.2031250000,132281.8125000000,120436.9921875000,133459.7968750000,150118.0625000000,,,
22.3519999639,174,175509.3593750000,202412.1562500000,165140.1718750000,164148.4218750000,131500.7031250000,119679.1093750000,132608.0781250000,153493.4218750000,,,
22.3559999638,174,175566.5312500000,213549.4687500000,165282.4062500000,164309.2500000000,131696.8906250000,119847.0468750000,132797.8437500000,154270.9687500000,,,
22.3599999640,174,175945.0000000000,207092.8437500000,165838.5156250000,165119.2968750000,132476.0937500000,120594.8125000000,133634.1093750000,152010.7343750000,,,
22.3639999640,174,176158.1562500000,190179.4062500000,166127.0156250000,165606.7656250000,132915.2500000000,121030.3515625000,134123.3750000000,149331.0156250000,,,
22.3679999639,174,175879.3125000000,186139.2968750000,165676.7968750000,164997.1093750000,132290.1406250000,120449.7890625000,133477.7656250000,150107.3593750000,,,
22.3719999639,174,175512.9531250000,202317.7343750000,165140.9843750000,164164.8593750000,131502.2031250000,119686.7031250000,132622.5937500000,153478.7500000000,,,
22.3759999638,174,175571.8750000000,213525.6250000000,165283.9843750000,164322.8437500000,131695.9687500000,119854.3125000000,132805.0312500000,154274.0625000000,,,
22.3799999638,174,175948.8906250000,207159.0000000000,165839.7656250000,165125.7968750000,132475.3125000000,120602.9140625000,133638.7031250000,152023.3593750000,,,
22.3839999640,174,176157.6093750000,190248.0312500000,166126.0781250000,165607.5937500000,132913.7812500000,121030.6484375000,134127.4687500000,149330.6875000000,,,
22.3879999639,174,175880.5156250000,186086.4062500000,165681.4375000000,165002.3281250000,132297.7812500000,120451.7734375000,133487.4218750000,150083.0000000000,,,
22.3919999639,174,175512.5937500000,202213.7812500000,165143.0468750000,164165.5156250000,131510.0468750000,119692.9218750000,132632.1718750000,153460.0937500000,,,
22.3959999639,174,175561.7656250000,213511.4375000000,165273.9843750000,164316.5468750000,131691.3906250000,119846.8515625000,132801.9531250000,154273.2343750000,,,
22.3999999638,175,175936.7656250000,207302.3906250000,165828.9375000000,165121.4843750000,132466.0312500000,120589.2656250000,133630.6250000000,152043.8750000000,,,
22.4039999638,175,176154.6718750000,190354.2031250000,166127.5781250000,165628.9218750000,132917.3750000000,121032.5781250000,134128.9531250000,149329.0312500000,,,
22.4079999637,175,175877.1406250000,186031.3593750000,165684.3125000000,165021.8593750000,132299.8906250000,120452.0937500000,133486.0468750000,150052.0000000000,,,
22.4119999637,175,175500.3437500000,202111.6875000000,165137.9218750000,164157.7343750000,131498.6875000000,119680.8828125000,132616.2968750000,153429.0625000000,,,
22.4159999636,175,175550.0468750000,213496.0156250000,165266.9843750000,164303.5156250000,131676.9218750000,119835.5625000000,132785.1406250000,154268.2187500000,,,
22.4199999636,175,175923.7812500000,207443.7031250000,165819.0937500000,165097.7187500000,132448.7031250000,120571.4843750000,133611.5312500000,152061.5781250000,,,
22.4239999638,175,176147.6718750000,190481.1562500000,166128.2500000000,165596.6250000000,132913.4218750000,121026.4140625000,134125.0312500000,149335.5781250000,,,
22.4279999638,175,175873.2187500000,186009.6093750000,165684.4218750000,165000.7812500000,132300.5937500000,120455.9062500000,133487.7656250000,150035.7656250000,,,
22.4319999637,175,175499.6093750000,202040.0468750000,165136.8750000000,164157.8593750000,131499.6875000000,119685.2500000000,132615.3750000000,153420.2031250000,,,
22.4359999637,175,175552.4218750000,213491.7500000000,165268.7031250000,164301.7968750000,131679.2656250000,119837.3906250000,132780.0937500000,154281.7031250000,,,
22.4399999636,175,175926.5937500000,207497.5625000000,165821.3125000000,165103.0781250000,132451.1250000000,120574.1093750000,133604.4687500000,152084.7812500000,,,
22.4439999638,175,176150.8281250000,190547.6406250000,166129.2968750000,165614.3906250000,132915.4687500000,121028.4218750000,134114.8750000000,149355.0468750000,,,
22.4479999638,175,175882.3437500000,185978.5000000000,165692.8906250000,165025.2187500000,132311.2656250000,120462.5312500000,133485.9375000000,150036.2968750000,,,
22.4519999637,175,175517.7500000000,201953.2500000000,165152.0312500000,164187.5312500000,131516.2343750000,119693.4843750000,132623.3437500000,153421.0937500000,,,
22.4559999637,175,175568.8906250000,213469.9687500000,165280.3906250000,164325.7968750000,131691.1093750000,119838.1640625000,132787.5468750000,154295.5625000000,,,
22.4599999636,175,175944.2187500000,207475.8437500000,165835.0468750000,165115.9843750000,132465.5312500000,120576.3906250000,133617.4062500000,152095.2656250000,,,
22.4639999636,175,176162.4375000000,190573.7656250000,166137.0468750000,165614.5781250000,132923.6250000000,121026.4921875000,134127.1562500000,149367.2187500000,,,
22.4679999638,175,175888.9375000000,185931.5312500000,165696.1875000000,165031.0312500000,132317.5468750000,120463.4921875000,133498.0156250000,150022.9218750000,,,
22.4719999637,175,175516.3593750000,201863.1093750000,165147.7031250000,164189.3750000000,131512.2343750000,119689.0312500000,132621.3125000000,153408.3281250000,,,
22.4759999637,175,175566.4531250000,213450.3593750000,165274.7656250000,164325.4843750000,131684.5937500000,119834.5703125000,132780.6562500000,154300.2343750000,,,
22.4799999637,175,175935.0468750000,207498.1250000000,165822.7343750000,165121.0781250000,132451.8437500000,120572.0156250000,133601.5468750000,152091.1718750000,,,
22.4839999636,175,176149.3750000000,190608.7656250000,166121.7187500000,165614.2187500000,132906.4531250000,121019.5468750000,134108.0781250000,149349.2812500000,,,
22.4879999638,175,175889.2656250000,185869.2812500000,165699.5000000000,165044.5468750000,132321.3593750000,120469.6406250000,133503.7343750000,149988.9375000000,,,
22.4919999638,175,175515.4375000000,201739.2343750000,165151.0625000000,164190.5937500000,131516.3906250000,119694.2656250000,132630.8750000000,153374.7343750000,,,
22.4959999637,175,175550.7656250000,213407.6875000000,165263.4687500000,164304.4687500000,131671.7812500000,119817.2968750000,132770.8906250000,154275.9375000000,,,
22.4999999637,175,175918.9218750000,207585.5937500000,165810.2968750000,165098.0625000000,132436.7968750000,120551.3359375000,133585.3750000000,152087.4687500000,,,
22.5039999636,175,176138.6250000000,190697.6875000000,166116.7343750000,165597.8125000000,132900.2343750000,121016.5703125000,134098.7187500000,149342.8906250000,,,
22.5079999636,175,175880.4687500000,185815.1562500000,165696.6562500000,165022.2343750000,132317.2500000000,120473.5781250000,133495.2812500000,149959.2968750000,,,
22.5119999638,175,175509.2500000000,201636.2656250000,165148.0781250000,164163.9843750000,131509.0781250000,119691.8515625000,132618.0625000000,153351.8125000000,,,
22.5159999637,175,175547.4687500000,213399.4687500000,165262.4531250000,164284.8750000000,131665.1718750000,119818.9296875000,132760.6250000000,154285.4375000000,,,
22.5199999637,175,175916.2968750000,207696.7187500000,165808.6250000000,165078.8906250000,132431.1875000000,120554.6875000000,133581.5625000000,152119.5000000000,,,
22.5239999637,175,176148.6250000000,190789.0625000000,166127.5000000000,165601.0625000000,132910.2343750000,121030.3828125000,134114.6250000000,149367.5000000000,,,
22.5279999636,176,175890.4687500000,185768.9375000000,165706.4375000000,165041.3125000000,132329.3437500000,120493.9687500000,133511.4843750000,149960.0000000000,,,
22.5319999636,176,175517.5625000000,201534.7968750000,165153.4687500000,164189.2812500000,131519.0000000000,119710.1718750000,132624.6093750000,153351.7031250000,,,
22.5359999635,176,175552.8906250000,213364.8281250000,165260.4218750000,164298.3125000000,131668.0000000000,119831.8906250000,132757.7187500000,154300.1562500000,,,
22.5399999635,176,175917.2343750000,207756.6718750000,165803.2656250000,165084.1875000000,132430.4375000000,120563.8359375000,133578.9843750000,152138.8125000000,,,
22.5439999634,176,176145.7343750000,190851.6406250000,166119.1250000000,165606.8437500000,132906.6875000000,121034.5078125000,134109.9843750000,149369.9375000000,,,
22.5479999634,176,175888.7187500000,185709.7656250000,165700.3437500000,165050.7500000000,132328.7343750000,120496.1406250000,133510.2968750000,149934.9218750000,,,
22.5519999636,176,175520.0468750000,201420.2500000000,165150.4687500000,164198.4531250000,131519.9843750000,119712.0468750000,132629.4531250000,153328.7968750000,,,
22.5559999635,176,175555.2968750000,213331.7500000000,165259.2812500000,164305.2343750000,131667.0625000000,119832.0468750000,132762.6093750000,154295.7343750000,,,
22.5599999635,176,175922.8750000000,207827.5000000000,165807.9687500000,165090.9531250000,132432.7812500000,120564.0781250000,133580.6718750000,152152.1562500000,,,
22.5639999635,176,176161.3437500000,190944.5312500000,166137.4687500000,165636.8125000000,132922.1093750000,121044.1640625000,134120.5000000000,149384.1562500000,,,
22.5679999634,176,175916.1562500000,185686.8125000000,165734.5000000000,165090.5000000000,132360.5625000000,120515.2343750000,133537.0156250000,149930.9687500000,,,
22.5719999636,176,175528.2031250000,201335.9375000000,165167.9843750000,164198.9531250000,131534.2343750000,119714.0859375000,132642.6562500000,153310.8281250000,,,
22.5759999636,176,175545.6718750000,213326.0156250000,165258.1875000000,164273.5000000000,131663.0312500000,119818.9843750000,132760.8906250000,154286.6093750000,,,
22.5799999635,176,175913.1250000000,207910.7343750000,165805.5468750000,165060.1875000000,132427.5937500000,120549.1406250000,133579.7656250000,152148.2500000000,,,
22.5839999635,176,176147.8593750000,191030.7812500000,166133.0468750000,165598.8906250000,132916.4375000000,121025.2265625000,134119.7500000000,149357.7031250000,,,
22.5879999634,176,175897.8906250000,185646.1718750000,165724.9531250000,165054.9375000000,132352.5781250000,120499.2187500000,133533.6875000000,149875.7187500000,,,
22.5919999634,176,175520.5156250000,201242.2343750000,165162.1093750000,164190.6718750000,131527.5781250000,119706.4140625000,132636.2187500000,153272.2343750000,,,
22.5959999636,176,175546.3906250000,213315.7031250000,165258.1093750000,164276.3125000000,131659.7812500000,119816.4140625000,132754.9687500000,154280.9062500000,,,
22.5999999635,176,175914.1562500000,207992.7031250000,165803.9687500000,165063.8593750000,132423.7343750000,120550.5312500000,133574.5312500000,152159.1406250000,,,
22.6039999635,176,176150.7187500000,191121.3125000000,166134.3593750000,165597.9687500000,132917.8593750000,121034.3750000000,134121.8750000000,149365.4062500000,,,
22.6079999635,176,175900.3593750000,185614.8906250000,165724.6250000000,165054.1250000000,132356.9531250000,120511.6953125000,133541.2812500000,149858.7656250000,,,
22.6119999634,176,175519.7656250000,201154.5781250000,165159.0781250000,164186.8125000000,131530.7500000000,119713.0390625000,132644.8593750000,153258.6875000000,,,
22.6159999636,176,175552.7187500000,213304.5312500000,165264.7343750000,164287.2343750000,131671.0000000000,119820.6484375000,132769.3125000000,154292.6406250000,,,
22.6199999636,176,175928.4218750000,208093.2656250000,165818.3125000000,165079.7656250000,132439.7500000000,120555.3046875000,133589.6093750000,152191.2500000000,,,
22.6239999635,176,176167.6718750000,191217.4687500000,166148.6875000000,165617.0625000000,132935.2031250000,121041.8046875000,134135.0312500000,149384.6562500000,,,
22.6279999635,176,175914.6875000000,185577.7500000000,165737.7343750000,165081.5625000000,132374.0937500000,120520.0625000000,133551.9218750000,149846.9687500000,,,
22.6319999634,176,175526.5781250000,201066.7343750000,165164.7968750000,164205.5312500000,131536.8906250000,119716.9296875000,132645.5000000000,153245.3750000000,,,
22.6359999634,176,175549.9531250000,213288.7031250000,165257.7343750000,164298.6250000000,131662.3906250000,119821.0234375000,132756.5156250000,154291.9218750000,,,
22.6399999636,176,175917.0781250000,208150.7343750000,165803.1562500000,165084.5468750000,132422.0937500000,120551.8437500000,133567.6093750000,152192.9375000000,,,
22.6439999635,176,176160.5156250000,191292.5156250000,166140.5000000000,165632.8593750000,132924.1562500000,121043.7109375000,134123.8281250000,149380.0000000000,,,
22.6479999635,176,175909.7031250000,185541.6718750000,165736.3125000000,165086.2812500000,132371.9687500000,120522.1015625000,133554.1250000000,149819.0156250000,,,
22.6519999634,176,175525.1562500000,200964.0000000000,165168.5156250000,164211.1875000000,131539.6250000000,119715.0781250000,132652.6406250000,153218.6875000000,,,
22.6559999634,177,175548.0781250000,213255.0312500000,165262.1562500000,164289.9843750000,131664.9062500000,119812.9765625000,132763.8437500000,154284.3281250000,,,
22.6599999634,177,175917.5312500000,208201.7812500000,165811.4531250000,165060.2968750000,132429.3125000000,120543.3984375000,133581.9687500000,152197.8750000000,,,
22.6639999633,177,176158.3593750000,191357.0781250000,166147.0156250000,165608.2968750000,132930.9218750000,121033.0625000000,134134.6875000000,149374.8906250000,,,
22.6679999633,177,175913.9687500000,185502.5937500000,165748.9843750000,165080.7343750000,132383.7500000000,120523.4140625000,133568.6093750000,149796.7031250000,,,
22.6719999632,177,175529.4218750000,200869.0468750000,165175.3593750000,164200.7812500000,131543.7031250000,119715.6953125000,132657.6562500000,153198.9218750000,,,
22.6759999632,177,175550.8437500000,213235.9375000000,165263.5468750000,164285.2187500000,131662.0468750000,119810.4296875000,132759.4062500000,154288.0312500000,,,
22.6799999634,177,175913.4843750000,208270.0156250000,165803.9843750000,165058.1718750000,132418.3437500000,120536.7500000000,133567.3281250000,152210.6562500000,,,
22.6839999633,177,176159.4375000000,191427.9687500000,166145.1406250000,165618.3593750000,132927.2343750000,121034.9921875000,134127.3906250000,149383.6718750000,,,
22.6879999633,177,175916.5937500000,185462.4218750000,165748.5781250000,165084.9687500000,132385.2187500000,120531.5390625000,133568.4687500000,149785.9375000000,,,
22.6919999633,177,175530.7031250000,200777.8906250000,165174.0781250000,164204.0781250000,131544.8750000000,119724.7578125000,132660.2812500000,153190.5781250000,,,
22.6959999632,177,175550.9062500000,213219.4218750000,165259.7968750000,164283.2343750000,131659.9531250000,119813.3046875000,132759.8125000000,154296.7968750000,,,
22.6999999634,177,175915.0625000000,208340.9687500000,165801.3437500000,165062.9843750000,132415.2343750000,120535.0000000000,133567.2968750000,152229.4375000000,,,
22.7039999634,177,176156.4062500000,191531.8281250000,166137.3593750000,165614.7031250000,132919.1406250000,121031.2890625000,134125.2968750000,149394.0000000000,,,
22.7079999633,177,175914.1250000000,185446.8593750000,165743.7187500000,165089.1250000000,132381.2031250000,120532.0781250000,133569.7656250000,149765.9687500000,,,
22.7119999633,177,175526.7656250000,200690.1718750000,165168.8906250000,164208.0312500000,131538.3437500000,119717.8671875000,132656.6093750000,153164.1875000000,,,
22.7159999632,177,175551.1406250000,213205.7656250000,165256.4531250000,164287.7656250000,131651.4218750000,119806.3281250000,132747.8593750000,154294.9218750000,,,
22.7199999632,177,175913.1875000000,208423.1250000000,165797.6562500000,165063.5156250000,132404.6093750000,120523.5234375000,133547.9843750000,152241.2343750000,,,
22.7239999634,177,176157.7031250000,191615.2968750000,166142.8281250000,165623.3750000000,132918.2343750000,121026.5156250000,134114.3281250000,149395.5156250000,,,
22.7279999633,177,175925.3906250000,185406.2968750000,165762.8125000000,165113.4062500000,132395.9531250000,120540.1562500000,133575.7968750000,149751.8593750000,,,
22.7319999633,177,175538.4218750000,200589.9375000000,165185.0156250000,164227.0156250000,131550.7500000000,119724.3046875000,132658.2343750000,153155.4375000000,,,
22.7359999632,177,175547.5937500000,213186.6093750000,165257.0625000000,164285.8281250000,131648.6093750000,119800.2421875000,132736.6093750000,154297.5625000000,,,
22.7399999632,177,175904.4375000000,208486.0781250000,165791.4062500000,165047.9062500000,132397.8750000000,120519.4765625000,133535.2968750000,152248.9375000000,,,
22.7439999634,177,176141.8125000000,191690.4531250000,166125.8281250000,165591.0468750000,132902.9375000000,121021.7968750000,134094.6718750000,149397.1562500000,,,
22.7479999634,177,175898.2500000000,185369.4687500000,165733.6093750000,165077.7343750000,132370.6250000000,120527.4375000000,133548.1406250000,149714.8437500000,,,
22.7519999633,177,175522.9531250000,200487.4531250000,165165.2031250000,164205.2031250000,131533.7812500000,119718.2968750000,132638.6406250000,153118.9687500000,,,
22.7559999633,177,175545.9375000000,213154.0468750000,165249.8437500000,164268.9687500000,131642.9218750000,119794.0937500000,132726.6562500000,154288.9687500000,,,
22.7599999632,177,175903.1875000000,208564.6093750000,165784.2812500000,165037.8125000000,132391.3125000000,120508.1796875000,133524.7500000000,152258.2968750000,,,
22.7639999632,177,176157.5625000000,191774.0625000000,166137.3437500000,165600.6250000000,132918.8906250000,121026.7031250000,134105.1250000000,149407.1875000000,,,
22.7679999634,177,175932.6562500000,185331.8906250000,165761.5000000000,165105.7031250000,132406.4375000000,120552.7890625000,133576.9218750000,149722.8593750000,,,
22.7719999633,177,175542.5781250000,200390.9218750000,165176.7812500000,164212.9843750000,131552.3437500000,119733.3203125000,132652.5000000000,153128.3750000000,,,
22.7759999633,177,175545.2656250000,213121.7031250000,165243.6250000000,164264.3750000000,131641.2343750000,119795.0078125000,132719.9531250000,154303.5156250000,,,
22.7799999632,177,175902.5312500000,208633.9687500000,165779.5781250000,165034.7031250000,132388.9218750000,120512.0468750000,133515.9531250000,152286.7031250000,,,
22.7839999632,178,176154.1562500000,191857.5468750000,166133.3906250000,165611.5468750000,132914.5000000000,121031.5859375000,134099.9062500000,149420.9531250000,,,
22.7879999632,178,175925.2812500000,185303.5937500000,165759.1718750000,165119.7812500000,132402.9218750000,120558.5234375000,133573.6562500000,149703.9687500000,,,
22.7919999631,178,175533.7343750000,200287.0468750000,165174.9531250000,164229.3750000000,131547.3750000000,119735.1406250000,132649.8437500000,153099.3906250000,,,
22.7959999631,178,175534.7031250000,213090.7500000000,165239.8437500000,164270.4687500000,131633.1562500000,119793.2343750000,132721.7500000000,154292.9687500000,,,
22.7999999630,178,175894.6250000000,208717.0312500000,165781.2968750000,165036.5781250000,132385.3281250000,120509.8203125000,133527.3906250000,152293.7812500000,,,
22.8039999630,178,176144.6562500000,191953.3906250000,166135.1406250000,165607.2812500000,132914.1562500000,121023.6718750000,134110.5781250000,149418.1093750000,,,
22.8079999632,178,175923.4531250000,185261.6562500000,165768.7500000000,165125.9062500000,132413.1875000000,120553.6171875000,133591.9375000000,149677.1562500000,,,
22.8119999631,178,175537.2968750000,200176.6875000000,165186.9531250000,164230.6093750000,131559.5000000000,119732.2734375000,132663.6093750000,153078.2812500000,,,
22.8159999631,178,175530.4375000000,213069.8906250000,165238.3906250000,164264.2968750000,131631.0937500000,119782.7500000000,132715.4062500000,154295.0625000000,,,
22.8199999630,178,175881.4062500000,208842.6718750000,165766.6875000000,165021.2656250000,132369.3437500000,120492.8671875000,133508.7500000000,152311.3750000000,,,
22.8239999630,178,176141.0468750000,192076.9531250000,166130.3125000000,165603.5312500000,132909.1406250000,121027.2187500000,134105.8750000000,149423.7968750000,,,
22.8279999632,178,175917.8750000000,185234.6718750000,165760.2968750000,165121.9375000000,132404.8750000000,120563.2187500000,133585.0000000000,149651.0312500000,,,
22.8319999631,178,175529.0937500000,200073.0468750000,165171.0781250000,164227.7656250000,131542.7031250000,119738.9765625000,132649.9218750000,153051.7187500000,,,
22.8359999631,178,175521.7968750000,213035.5468750000,165217.1250000000,164253.8281250000,131608.1875000000,119784.6562500000,132695.0937500000,154291.5000000000,,,
22.8399999631,178,175871.2656250000,208855.0937500000,165744.1562500000,165006.2187500000,132347.2968750000,120492.4062500000,133482.9687500000,152314.3593750000,,,
22.8439999630,178,176126.8281250000,192121.7187500000,166105.5781250000,165588.7968750000,132885.5625000000,121020.0234375000,134076.1562500000,149426.9062500000,,,
22.8479999630,178,175901.6562500000,185191.2968750000,165734.5468750000,165114.3437500000,132383.9062500000,120552.1718750000,133560.3281250000,149631.7656250000,,,
22.8519999632,178,175510.8750000000,199965.4375000000,165146.0000000000,164227.8750000000,131522.7812500000,119723.3906250000,132628.9531250000,153027.0781250000,,,
22.8559999631,178,175521.9375000000,213000.0937500000,165216.7500000000,164265.9062500000,131610.5156250000,119783.8515625000,132695.5781250000,154298.0625000000,,,
22.8599999631,178,175886.8437500000,208865.6250000000,165762.1562500000,165029.0000000000,132364.3281250000,120502.2265625000,133500.2968750000,152337.2031250000,,,
22.8639999630,178,176142.8125000000,192167.7968750000,166122.9375000000,165606.6562500000,132899.9687500000,121027.8593750000,134092.3125000000,149452.3281250000,,,
22.8679999630,178,175926.0625000000,185170.3281250000,165766.4687500000,165140.7812500000,132413.5468750000,120573.3046875000,133590.3906250000,149642.0468750000,,,
22.8719999632,178,175539.4531250000,199883.2031250000,165184.9062500000,164238.3593750000,131556.5156250000,119744.2890625000,132660.3593750000,153035.2343750000,,,
22.8759999631,178,175534.2187500000,212995.8906250000,165237.2187500000,164255.3125000000,131624.4843750000,119781.7812500000,132704.9687500000,154313.6406250000,,,
22.8799999631,178,175885.1562500000,208968.2031250000,165764.8125000000,165012.5312500000,132363.0312500000,120491.0703125000,133491.3281250000,152355.9375000000,,,
22.8839999631,178,176149.4375000000,192290.1875000000,166134.9218750000,165608.6718750000,132909.0468750000,121029.0625000000,134092.2812500000,149467.6718750000,,,
22.8879999630,178,175940.6718750000,185158.7343750000,165784.9531250000,165150.2343750000,132430.8906250000,120587.5468750000,133599.3281250000,149637.1093750000,,,
22.8919999630,178,175545.8593750000,199793.1875000000,165190.3281250000,164230.6562500000,131560.0625000000,119752.8437500000,132658.9375000000,153025.6562500000,,,
22.8959999632,178,175536.0937500000,212977.8593750000,165239.3281250000,164250.0000000000,131622.4843750000,119791.9765625000,132703.0000000000,154324.1093750000,,,
22.8999999631,178,175892.2968750000,209072.5312500000,165770.5468750000,165006.8125000000,132365.9843750000,120500.8828125000,133499.7343750000,152387.2343750000,,,
22.9039999631,178,176156.4687500000,192403.0000000000,166138.0625000000,165602.1093750000,132916.0000000000,121040.0390625000,134105.3437500000,149486.3906250000,,,
22.9079999630,178,175942.1875000000,185134.1718750000,165787.6250000000,165151.2031250000,132441.5468750000,120595.4062500000,133619.9687500000,149619.2500000000,,,
22.9119999630,179,175547.5468750000,199677.4531250000,165191.0312500000,164240.2968750000,131570.3437500000,119755.0156250000,132678.3281250000,152998.6093750000,,,
22.9159999629,179,175532.9843750000,212929.5312500000,165227.3437500000,164242.4687500000,131618.5156250000,119780.4687500000,132704.6718750000,154313.1718750000,,,
22.9199999629,179,175893.6250000000,209166.6250000000,165763.8437500000,165004.5312500000,132360.8906250000,120488.7343750000,133497.6875000000,152403.5156250000,,,
22.9239999629,179,176168.5781250000,192518.8281250000,166146.4843750000,165611.9531250000,132924.0156250000,121038.4843750000,134114.0312500000,149499.7500000000,,,
22.9279999628,179,175956.9062500000,185104.1718750000,165796.7812500000,165168.0156250000,132450.7968750000,120601.5468750000,133627.5625000000,149606.4843750000,,,
22.9319999628,179,175548.5625000000,199578.6875000000,165188.4531250000,164242.7031250000,131565.0781250000,119754.2890625000,132672.4531250000,152978.5468750000,,,
22.9359999630,179,175524.5625000000,212908.4375000000,165217.5781250000,164239.2968750000,131603.4375000000,119775.1328125000,132690.7812500000,154310.4218750000,,,
22.9399999629,179,175877.7343750000,209251.6250000000,165747.1562500000,164994.0781250000,132339.5625000000,120479.1562500000,133476.8750000000,152412.4218750000,,,
22.9439999629,179,176153.3750000000,192621.3125000000,166133.6562500000,165612.3281250000,132906.8593750000,121031.6406250000,134101.1562500000,149502.0312500000,,,
22.9479999628,179,175949.5781250000,185075.1562500000,165794.3125000000,165170.2656250000,132444.7343750000,120604.4453125000,133627.0312500000,149588.4062500000,,,
22.9519999628,179,175541.4062500000,199472.6875000000,165185.7187500000,164243.9843750000,131558.3750000000,119753.4843750000,132671.1406250000,152959.3750000000,,,
22.9559999630,179,175514.7500000000,212881.7500000000,165210.7656250000,164237.7656250000,131593.6718750000,119765.3671875000,132684.1718750000,154312.0156250000,,,
22.9599999629,179,175863.2187500000,209455.4218750000,165735.2812500000,164978.8593750000,132323.6875000000,120459.3359375000,133462.4687500000,152447.9843750000,,,
22.9639999629,179,176140.5781250000,192816.7656250000,166127.5468750000,165601.4375000000,132900.8437500000,121021.6328125000,134095.8437500000,149508.7656250000,,,
22.9679999629,179,175931.7656250000,185056.5937500000,165780.9531250000,165161.3593750000,132437.0156250000,120597.4453125000,133619.2500000000,149551.4687500000,,,
22.9719999628,179,175530.6562500000,199360.5312500000,165175.0625000000,164247.4218750000,131553.2031250000,119747.3437500000,132662.7187500000,152924.9687500000,,,
22.9759999628,179,175510.0468750000,212832.0000000000,165203.8750000000,164243.0781250000,131588.8750000000,119759.6562500000,132673.2343750000,154302.5937500000,,,
22.9799999630,179,175855.7343750000,209412.3906250000,165724.9218750000,164985.5937500000,132314.7031250000,120452.2812500000,133446.2187500000,152438.9218750000,,,
22.9839999629,179,176132.2343750000,192815.5000000000,166115.1562500000,165599.0937500000,132888.4843750000,121011.4687500000,134076.8593750000,149508.3437500000,,,
22.9879999629,179,175938.6875000000,185007.4531250000,165789.7500000000,165174.6406250000,132445.0312500000,120589.7968750000,133623.2968750000,149540.0937500000,,,
22.9919999628,179,175543.4375000000,199235.2968750000,165190.1406250000,164258.6875000000,131565.1562500000,119736.7812500000,132668.4375000000,152907.6093750000,,,
22.9959999628,179,175523.7343750000,212771.4843750000,165217.1718750000,164246.2187500000,131598.4687500000,119764.7031250000,132678.8593750000,154308.5781250000,,,
22.9999999630,179,175878.9062500000,209339.1406250000,165746.9687500000,164985.1093750000,132338.1406250000,120483.6093750000,133468.9687500000,152448.5000000000,,,
23.0039999629,179,176153.3750000000,192799.2500000000,166129.1093750000,165593.9218750000,132904.0312500000,121032.0937500000,134087.9062500000,149529.7187500000,,,
23.0079999629,179,175949.3906250000,184982.0312500000,165788.3281250000,165168.9218750000,132448.5937500000,120610.2109375000,133618.9531250000,149545.0312500000,,,
23.0119999629,179,175549.6718750000,199131.5937500000,165183.0312500000,164248.1250000000,131562.5312500000,119761.8281250000,132666.4687500000,152900.2031250000,,,
23.0159999628,179,175526.0156250000,212732.2187500000,165206.7500000000,164235.0000000000,131588.3906250000,119768.5078125000,132670.7968750000,154313.7031250000,,,
23.0199999628,179,175870.6718750000,209403.1406250000,165727.6562500000,164990.1562500000,132314.9375000000,120463.6796875000,133447.8281250000,152457.8281250000,,,
23.0239999630,179,176141.5781250000,192887.7812500000,166111.8281250000,165598.2968750000,132884.0625000000,121021.7734375000,134077.9687500000,149530.8906250000,,,
23.0279999629,179,175941.7812500000,184951.1093750000,165782.9062500000,165166.7812500000,132442.3281250000,120617.2421875000,133628.7187500000,149525.1250000000,,,
23.0319999629,179,175540.5781250000,199031.5468750000,165177.1093750000,164241.8125000000,131554.9375000000,119766.4453125000,132673.6093750000,152881.5156250000,,,
23.0359999628,179,175515.4687500000,212706.3906250000,165200.4687500000,164235.5937500000,131578.3593750000,119763.9453125000,132671.8437500000,154312.3125000000,,,
23.0399999628,180,175862.6718750000,209503.6718750000,165725.0312500000,164980.7968750000,132306.8906250000,120459.6562500000,133445.6093750000,152479.6875000000,,,
23.0439999627,180,176129.7968750000,193000.0156250000,166105.2031250000,165582.4218750000,132875.0937500000,121018.3906250000,134071.3906250000,149539.5000000000,,,
23.0479999627,180,175926.9375000000,184923.1562500000,165774.6562500000,165163.3125000000,132434.2812500000,120613.9687500000,133622.3906250000,149498.2031250000,,,
23.0519999627,180,175519.6562500000,198916.4843750000,165162.9687500000,164243.7968750000,131542.8906250000,119762.5546875000,132662.9687500000,152845.3750000000,,,
23.0559999626,180,175484.4687500000,212662.0000000000,165173.3437500000,164214.7031250000,131554.9375000000,119753.3828125000,132648.0781250000,154292.4062500000,,,
23.0599999626,180,175829.8281250000,209575.7500000000,165697.0000000000,164959.0625000000,132281.6093750000,120441.6328125000,133423.4531250000,152473.0156250000,,,
23.0639999628,180,176114.0312500000,193105.2343750000,166096.2656250000,165586.2500000000,132866.3750000000,121010.7187500000,134064.6093750000,149537.7812500000,,,
23.0679999627,180,175921.3906250000,184905.4218750000,165776.2656250000,165169.1718750000,132436.7500000000,120611.7421875000,133625.3437500000,149476.6875000000,,,
23.0719999627,180,175522.4218750000,198812.5781250000,165169.0937500000,164246.7500000000,131548.9843750000,119760.2500000000,132669.9687500000,152826.9062500000,,,
23.0759999626,180,175493.5468750000,212623.8593750000,165182.2812500000,164217.7812500000,131560.5781250000,119749.3046875000,132656.5312500000,154302.6562500000,,,
23.0799999626,180,175837.8437500000,209653.2812500000,165697.9375000000,164956.8125000000,132278.7343750000,120436.8593750000,133425.2656250000,152503.2031250000,,,
23.0839999628,180,176127.1718750000,193200.9843750000,166103.2968750000,165585.8750000000,132873.1718750000,121015.8437500000,134080.1875000000,149563.4218750000,,,
23.0879999627,180,175946.1250000000,184894.0468750000,165795.9375000000,165180.4531250000,132457.8593750000,120628.1562500000,133655.5937500000,149484.5156250000,,,
23.0919999627,180,175543.2500000000,198720.7031250000,165186.5468750000,164252.3593750000,131566.2812500000,119766.5000000000,132695.4375000000,152816.8437500000,,,
23.0959999627,180,175514.2031250000,212601.2031250000,165197.7343750000,164220.7656250000,131573.5000000000,119752.4687500000,132677.3593750000,154310.0468750000,,,
23.0999999626,180,175861.7968750000,209828.2812500000,165714.1718750000,164959.4218750000,132288.6093750000,120439.1406250000,133440.8281250000,152549.1093750000,,,
23.1039999626,180,176144.9843750000,193411.6562500000,166114.6718750000,165599.0468750000,132878.0937500000,121016.7578125000,134088.7656250000,149589.6406250000,,,
23.1079999628,180,175958.0000000000,184906.5000000000,165802.4687500000,165209.5937500000,132459.4687500000,120629.9531250000,133661.5000000000,149467.1718750000,,,
23.1119999627,180,175550.9531250000,198643.6250000000,165184.6093750000,164279.2656250000,131558.5156250000,119768.5312500000,132689.9218750000,152804.0156250000,,,
23.1159999627,180,175518.4218750000,212588.9375000000,165192.9843750000,164232.3437500000,131563.8750000000,119755.5546875000,132671.6250000000,154321.9843750000,,,
23.1199999626,180,175862.0312500000,209884.6562500000,165710.4375000000,164966.8281250000,132281.9843750000,120442.0078125000,133439.3750000000,152568.5000000000,,,
23.1239999626,180,176143.4843750000,193481.3281250000,166112.5000000000,165602.9062500000,132876.2968750000,121019.4609375000,134092.8281250000,149601.5937500000,,,
23.1279999628,180,175959.0468750000,184892.3593750000,165806.0625000000,165209.6875000000,132467.1093750000,120641.1953125000,133679.7812500000,149461.7187500000,,,
23.1319999627,180,175561.1406250000,198556.7500000000,165201.5937500000,164281.1875000000,131579.6093750000,119785.8046875000,132723.3906250000,152798.7968750000,,,
23.1359999627,180,175525.9531250000,212558.0468750000,165210.4531250000,164231.2187500000,131584.2812500000,119761.5625000000,132700.1875000000,154330.3125000000,,,
23.1399999626,180,175856.0000000000,209861.5937500000,165713.7343750000,164957.5625000000,132292.3906250000,120433.2968750000,133455.5781250000,152561.8906250000,,,
23.1439999626,180,176139.9062500000,193480.7187500000,166115.0156250000,165605.0312500000,132887.7343750000,121017.3203125000,134109.9062500000,149604.6562500000,,,
23.1479999626,180,175955.4062500000,184852.3750000000,165809.7812500000,165210.3125000000,132480.7812500000,120644.9453125000,133697.0625000000,149452.4375000000,,,
23.1519999627,180,175549.5000000000,198431.1718750000,165193.7343750000,164273.9531250000,131582.4531250000,119786.3437500000,132729.9375000000,152774.7031250000,,,
23.1559999627,180,175504.9218750000,212484.2500000000,165187.2968750000,164207.0781250000,131569.3125000000,119758.4218750000,132691.5312500000,154320.5468750000,,,
23.1599999627,180,175842.4062500000,209835.8906250000,165699.7031250000,164939.6250000000,132282.5781250000,120439.9453125000,133451.6875000000,152564.7187500000,,,
23.1639999626,180,176132.0312500000,193498.5781250000,166109.9531250000,165596.8125000000,132880.0937500000,121020.3750000000,134107.2812500000,149609.5625000000,,,
23.1679999626,181,175954.4843750000,184816.4375000000,165811.0937500000,165230.4843750000,132478.4062500000,120652.1875000000,133697.3593750000,149439.7187500000,,,
23.1719999625,181,175546.5468750000,198317.3593750000,165191.0781250000,164282.1875000000,131574.1406250000,119787.0703125000,132719.6406250000,152751.3125000000,,,
23.1759999625,181,175496.8750000000,212446.3281250000,165174.9062500000,164205.3437500000,131549.7031250000,119744.3125000000,132663.5000000000,154312.4218750000,,,
23.1799999624,181,175834.0625000000,209933.4218750000,165684.3125000000,164928.0156250000,132258.6718750000,120421.1718750000,133418.9375000000,152581.1562500000,,,
23.1839999624,181,176131.1406250000,193634.2187500000,166099.9531250000,165583.5625000000,132864.4687500000,121014.3125000000,134082.3125000000,149626.8593750000,,,
23.1879999624,181,175960.0468750000,184818.8125000000,165809.2812500000,165213.0781250000,132474.0468750000,120657.6875000000,133685.2812500000,149432.2187500000,,,
23.1919999626,181,175558.5468750000,198230.5625000000,165196.7187500000,164278.6718750000,131576.9375000000,119797.2578125000,132717.1406250000,152742.6562500000,,,
23.1959999625,181,175510.8593750000,212416.0937500000,165186.3125000000,164213.5468750000,131556.8437500000,119750.7500000000,132666.0937500000,154320.8906250000,,,
23.1999999625,181,175849.4218750000,210034.8906250000,165699.6250000000,164940.2656250000,132272.7031250000,120428.3046875000,133426.9843750000,152612.9687500000,,,
23.2039999624,181,176143.1093750000,193779.9687500000,166116.9843750000,165593.7031250000,132884.5625000000,121023.1640625000,134098.6875000000,149656.4687500000,,,
23.2079999624,181,175972.2187500000,184833.5625000000,165825.7968750000,165226.9687500000,132496.1562500000,120670.9921875000,133706.1562500000,149436.5312500000,,,
23.2119999626,181,175566.3750000000,198149.9062500000,165209.7812500000,164278.9687500000,131592.2187500000,119802.7343750000,132735.2187500000,152734.8125000000,,,
23.2159999625,181,175518.2500000000,212408.0312500000,165196.2343750000,164214.2187500000,131564.8437500000,119759.3593750000,132682.0000000000,154340.3437500000,,,
23.2199999625,181,175846.3750000000,210129.4843750000,165694.9843750000,164940.4843750000,132264.0156250000,120428.5468750000,133426.8281250000,152644.2656250000,,,
23.2239999624,181,176133.0937500000,193895.7968750000,166106.6718750000,165588.2031250000,132871.8593750000,121020.1875000000,134093.8437500000,149673.4218750000,,,
23.2279999624,181,175955.6718750000,184822.2187500000,165814.0781250000,165227.8281250000,132486.1718750000,120669.0859375000,133707.4062500000,149419.8281250000,,,
23.2319999624,181,175542.5312500000,198042.3281250000,165188.2968750000,164282.4531250000,131576.1875000000,119797.7421875000,132728.3750000000,152707.7812500000,,,
23.2359999625,181,175496.4843750000,212352.6562500000,165179.2031250000,164214.4062500000,131553.0156250000,119750.3515625000,132668.8906250000,154330.1718750000,,,
23.2399999625,181,175833.9218750000,210176.3750000000,165689.9687500000,164930.6875000000,132263.7343750000,120425.3515625000,133423.9375000000,152656.0937500000,,,
23.2439999625,181,176117.4062500000,193977.1718750000,166095.5781250000,165580.5156250000,132869.2968750000,121013.2656250000,134099.2031250000,149676.2500000000,,,
23.2479999624,181,175944.5156250000,184792.4531250000,165807.2968750000,165223.7187500000,132489.4218750000,120662.9687500000,133718.3593750000,149391.2343750000,,,
23.2519999624,181,175539.9062500000,197912.0156250000,165187.9218750000,164281.6562500000,131582.0625000000,119794.5000000000,132739.3750000000,152675.0312500000,,,
23.2559999626,181,175488.0000000000,212293.8750000000,165167.1250000000,164195.5312500000,131545.5000000000,119737.7421875000,132669.6718750000,154315.3906250000,,,
23.2599999625,181,175826.0156250000,210217.0937500000,165675.5937500000,164915.0312500000,132251.0000000000,120406.0156250000,133411.5937500000,152652.0000000000,,,
23.2639999625,181,176125.5156250000,194056.6718750000,166097.9375000000,165579.2031250000,132869.5781250000,121012.0078125000,134088.1562500000,149682.4687500000,,,
23.2679999624,181,175956.1875000000,184783.5468750000,165813.5625000000,165235.9062500000,132494.2187500000,120670.2421875000,133711.3281250000,149383.2343750000,,,
23.2719999624,181,175546.5468750000,197824.8281250000,165187.5937500000,164297.0937500000,131579.5312500000,119797.1015625000,132727.8750000000,152658.9062500000,,,
23.2759999624,181,175497.8437500000,212268.8750000000,165167.6718750000,164213.4218750000,131538.8281250000,119739.4062500000,132653.5156250000,154321.8750000000,,,
23.2799999625,181,175839.9687500000,210273.7031250000,165680.0937500000,164928.4062500000,132246.9531250000,120413.4453125000,133401.4531250000,152673.9062500000,,,
23.2839999625,181,176149.3593750000,194148.7187500000,166116.6875000000,165601.6250000000,132878.3750000000,121026.6250000000,134090.6250000000,149711.5625000000,,,
23.2879999625,181,175985.6093750000,184797.6093750000,165844.5468750000,165250.2812500000,132517.3906250000,120690.9765625000,133725.6562500000,149397.7500000000,,,
23.2919999624,181,175569.4062500000,197749.9843750000,165217.5000000000,164289.5312500000,131603.7812500000,119811.5546875000,132743.9062500000,152658.1093750000,,,
23.2959999624,182,175515.2031250000,212250.5468750000,165195.2031250000,164213.6562500000,131559.6875000000,119747.0000000000,132667.5468750000,154337.2031250000,,,
23.2999999623,182,175841.2968750000,210345.2656250000,165692.3593750000,164915.9062500000,132253.0156250000,120408.3750000000,133404.7500000000,152696.9531250000,,,
23.3039999623,182,176138.5937500000,194259.3437500000,166113.4687500000,165588.5625000000,132872.1718750000,121013.5625000000,134084.1875000000,149721.5156250000,,,
23.3079999622,182,175977.5000000000,184786.5468750000,165843.0937500000,165258.7187500000,132514.0468750000,120685.1015625000,133723.1250000000,149376.7812500000,,,
23.3119999622,182,175561.5781250000,197637.2031250000,165211.7812500000,164307.7812500000,131595.0625000000,119808.4453125000,132735.6562500000,152631.0781250000,,,
23.3159999622,182,175497.3906250000,212206.4531250000,165174.2343750000,164204.1093750000,131537.0000000000,119736.5390625000,132646.6562500000,154323.3281250000,,,
23.3199999623,182,175824.9687500000,210425.1718750000,165671.2968750000,164909.3125000000,132229.8593750000,120397.5703125000,133384.3437500000,152701.5000000000,,,
23.3239999623,182,176126.0937500000,194365.3437500000,166097.8593750000,165587.3437500000,132855.7656250000,121009.0546875000,134071.1250000000,149722.1093750000,,,
23.3279999623,182,175962.4843750000,184757.8281250000,165824.2656250000,165256.0937500000,132499.2968750000,120683.1406250000,133713.3906250000,149347.7812500000,,,
23.3319999622,182,175551.3593750000,197515.4531250000,165196.2343750000,164306.4531250000,131582.6250000000,119805.8750000000,132727.3593750000,152597.2500000000,,,
23.3359999622,182,175488.1875000000,212143.9375000000,165160.5000000000,164202.1250000000,131523.1875000000,119724.2500000000,132636.8125000000,154309.5468750000,,,
23.3399999624,182,175814.4531250000,210464.9531250000,165657.8125000000,164901.6093750000,132214.9843750000,120383.4062500000,133372.1093750000,152705.8437500000,,,
23.3439999623,182,176125.5625000000,194438.3750000000,166095.5468750000,165579.0312500000,132852.8906250000,121006.3203125000,134071.9062500000,149732.5156250000,,,
23.3479999623,182,175972.5937500000,184745.6406250000,165832.7968750000,165258.2500000000,132508.4062500000,120686.8437500000,133723.9062500000,149341.8281250000,,,
23.3519999622,182,175564.5312500000,197417.7968750000,165208.6562500000,164308.9062500000,131594.5781250000,119811.6953125000,132740.7656250000,152586.7343750000,,,
23.3559999622,182,175496.3906250000,212102.8125000000,165166.1562500000,164190.9375000000,131529.2656250000,119727.2812500000,132642.6250000000,154317.2187500000,,,
23.3599999622,182,175823.6875000000,210537.1250000000,165662.3750000000,164893.2812500000,132220.7500000000,120384.1015625000,133376.1093750000,152732.6250000000,,,
23.3639999623,182,176138.1718750000,194554.3281250000,166104.2656250000,165586.8125000000,132863.9062500000,121011.8984375000,134078.6250000000,149757.4843750000,,,
23.3679999623,182,175990.4062500000,184756.2343750000,165848.7656250000,165274.7187500000,132528.2812500000,120705.2187500000,133741.0156250000,149350.2812500000,,,
23.3719999623,182,175572.0312500000,197339.3750000000,165213.8281250000,164318.6875000000,131602.9843750000,119817.7265625000,132750.2187500000,152580.9375000000,,,
23.3759999622,182,175502.5625000000,212082.1875000000,165168.0156250000,164193.9687500000,131531.0156250000,119731.3593750000,132647.6406250000,154330.9218750000,,,
23.3799999622,182,175829.0937500000,210593.2968750000,165663.0625000000,164899.9531250000,132220.7187500000,120389.0625000000,133382.2812500000,152760.7500000000,,,
23.3839999624,182,176133.5000000000,194645.8750000000,166097.5937500000,165584.1562500000,132856.5937500000,121006.0781250000,134080.2656250000,149775.2187500000,,,
23.3879999623,182,175986.4843750000,184760.0312500000,165845.2500000000,165276.9843750000,132526.8593750000,120704.8125000000,133747.0000000000,149342.0468750000,,,
23.3919999623,182,175576.3593750000,197240.3906250000,165217.9531250000,164327.8593750000,131610.1718750000,119822.0468750000,132761.0000000000,152567.7656250000,,,
23.3959999622,182,175502.7812500000,212026.5312500000,165170.0312500000,164203.3281250000,131533.7812500000,119723.2031250000,132653.3593750000,154328.2343750000,,,
23.3999999622,182,175826.5468750000,210627.4062500000,165664.0000000000,164897.0000000000,132220.1562500000,120376.2968750000,133380.8281250000,152766.3281250000,,,
23.4039999621,182,176131.8125000000,194725.6875000000,166101.2812500000,165581.2031250000,132859.1718750000,120997.8437500000,134079.0625000000,149782.6250000000,,,
23.4079999623,182,175989.0625000000,184764.4687500000,165854.7656250000,165292.1406250000,132536.1718750000,120704.0078125000,133757.5937500000,149332.1093750000,,,
23.4119999623,182,175572.7656250000,197133.8906250000,165222.3281250000,164329.2031250000,131614.6406250000,119825.7734375000,132772.2031250000,152541.7812500000,,,
23.4159999622,182,175495.3750000000,211948.3437500000,165167.2343750000,164195.9843750000,131529.1406250000,119722.9921875000,132655.3125000000,154316.7656250000,,,
23.4199999622,182,175812.2812500000,210658.3125000000,165652.9531250000,164883.9687500000,132207.0156250000,120366.1562500000,133374.8125000000,152767.6562500000,,,
23.4239999622,183,176117.4375000000,194833.7343750000,166088.8750000000,165563.2656250000,132845.3593750000,120989.6640625000,134072.9218750000,149784.2031250000,,,
23.4279999621,183,175972.6718750000,184781.8281250000,165843.1250000000,165269.5937500000,132524.6406250000,120699.6875000000,133749.3437500000,149308.3750000000,,,
23.4319999621,183,175560.6093750000,197021.0000000000,165214.6093750000,164318.0781250000,131607.2500000000,119823.8437500000,132764.1562500000,152507.7500000000,,,
23.4359999620,183,175493.2812500000,211858.3906250000,165167.1250000000,164193.7343750000,131529.0625000000,119725.5156250000,132651.7031250000,154306.2500000000,,,
23.4399999620,183,175819.6093750000,210684.0625000000,165659.0937500000,164889.5156250000,132211.8437500000,120372.2187500000,133372.0781250000,152789.6093750000,,,
23.4439999619,183,176128.7031250000,194970.0468750000,166097.5625000000,165571.3593750000,132854.3593750000,120996.8515625000,134068.7812500000,149818.4062500000,,,
23.4479999621,183,175986.5468750000,184851.8125000000,165853.8750000000,165290.5625000000,132540.9531250000,120714.1171875000,133755.9375000000,149320.7500000000,,,
23.4519999621,183,175576.3281250000,196927.5781250000,165223.8906250000,164340.1562500000,131623.2031250000,119842.2968750000,132779.2343750000,152502.0781250000,,,
23.4559999621,183,175490.0625000000,211769.2343750000,165155.3750000000,164183.8906250000,131522.7031250000,119727.2812500000,132649.4375000000,154306.5468750000,,,
23.4599999620,183,175806.0625000000,210735.9062500000,165637.3125000000,164866.1093750000,132195.2343750000,120364.3359375000,133362.6406250000,152810.4531250000,,,
23.4639999620,183,176118.2968750000,195120.7343750000,166080.5312500000,165550.7968750000,132844.1406250000,120993.2031250000,134072.2968750000,149844.8125000000,,,
23.4679999622,183,175980.7812500000,184916.8281250000,165843.9843750000,165273.9531250000,132540.5937500000,120715.0312500000,133769.9843750000,149318.4687500000,,,
23.4719999621,183,175574.0156250000,196846.8437500000,165220.1562500000,164334.3750000000,131630.2500000000,119841.3593750000,132792.2656250000,152476.0468750000,,,
23.4759999621,183,175494.5000000000,211688.9843750000,165161.0156250000,164187.9375000000,131537.1250000000,119725.8906250000,132665.3281250000,154295.7812500000,,,
23.4799999620,183,175805.2500000000,210772.5468750000,165638.6562500000,164865.0781250000,132203.0937500000,120354.5937500000,133371.7656250000,152819.4218750000,,,
23.4839999620,183,176111.5937500000,195255.5156250000,166077.3281250000,165552.4531250000,132846.1562500000,120981.6171875000,134073.6718750000,149854.5781250000,,,
23.4879999619,183,175983.8281250000,184952.2656250000,165852.5156250000,165286.1093750000,132550.9843750000,120713.7421875000,133776.7500000000,149307.6875000000,,,
23.4919999621,183,175577.6406250000,196733.0312500000,165230.2968750000,164348.4062500000,131637.2343750000,119838.5156250000,132794.0468750000,152447.7656250000,,,
23.4959999621,183,175492.0468750000,211587.2343750000,165163.2187500000,164197.0468750000,131531.8125000000,119718.3203125000,132654.5468750000,154277.8437500000,,,
23.4999999620,183,175808.9843750000,210765.7031250000,165648.3906250000,164870.3125000000,132202.6093750000,120353.7890625000,133364.5156250000,152825.3437500000,,,
23.5039999620,183,176120.7343750000,195337.3906250000,166094.6093750000,165569.8281250000,132852.6718750000,120982.3437500000,134070.0468750000,149871.5625000000,,,
23.5079999620,183,175983.9218750000,184988.2031250000,165862.0625000000,165298.6406250000,132556.3437500000,120711.6562500000,133775.0625000000,149295.3750000000,,,
23.5119999622,183,175574.3906250000,196619.0312500000,165232.7656250000,164350.9062500000,131640.8593750000,119840.0937500000,132795.8593750000,152412.4375000000,,,
23.5159999621,183,175486.5312500000,211492.7500000000,165160.5625000000,164182.7343750000,131531.3906250000,119715.0000000000,132653.6250000000,154264.0312500000,,,
23.5199999621,183,175800.9375000000,210774.8593750000,165641.1250000000,164847.1875000000,132198.8906250000,120346.1250000000,133363.8281250000,152831.9687500000,,,
23.5239999620,183,176111.0312500000,195429.4843750000,166084.2500000000,165535.5312500000,132846.6875000000,120978.4531250000,134075.2812500000,149885.5156250000,,,
23.5279999620,183,175976.9687500000,185016.7968750000,165856.3437500000,165272.8281250000,132555.4062500000,120719.1093750000,133787.3750000000,149293.4062500000,,,
23.5319999619,183,175559.9687500000,196528.5156250000,165223.5156250000,164323.3125000000,131633.4687500000,119842.7500000000,132800.4218750000,152393.0000000000,,,
23.5359999621,183,175467.0781250000,211422.7187500000,165144.2500000000,164165.3281250000,131513.8437500000,119711.8046875000,132647.4531250000,154252.0625000000,,,
23.5399999621,183,175783.2343750000,210777.8906250000,165620.5000000000,164847.2812500000,132175.9843750000,120346.1484375000,133348.8593750000,152833.2500000000,,,
23.5439999620,183,176097.8281250000,195505.8593750000,166067.0625000000,165538.1250000000,132827.8593750000,120986.3359375000,134061.2968750000,149898.1718750000,,,
23.5479999620,183,175974.2343750000,185034.8437500000,165852.4843750000,165290.7500000000,132552.2187500000,120739.7890625000,133787.4843750000,149293.2031250000,,,
23.5519999620,184,175566.9062500000,196433.1875000000,165226.3437500000,164354.2500000000,131638.0312500000,119864.4531250000,132805.7031250000,152382.6406250000,,,
23.5559999619,184,175470.3593750000,211362.1718750000,165141.5468750000,164174.5781250000,131513.2343750000,119720.7109375000,132642.2343750000,154255.1562500000,,,
23.5599999619,184,175780.6250000000,210824.0156250000,165615.8593750000,164834.4843750000,132173.3437500000,120343.1953125000,133339.3125000000,152848.5781250000,,,
23.5639999618,184,176096.3750000000,195590.2812500000,166066.2343750000,165527.0000000000,132830.8437500000,120982.2890625000,134056.8593750000,149909.5156250000,,,
23.5679999618,184,175976.6718750000,185023.6093750000,165856.7031250000,165287.1562500000,132561.1250000000,120741.1328125000,133792.5156250000,149285.9843750000,,,
23.5719999617,184,175566.2343750000,196327.7500000000,165228.2812500000,164350.9843750000,131643.4843750000,119862.7890625000,132811.5781250000,152362.1875000000,,,
23.5759999619,184,175471.6875000000,211314.3281250000,165144.0312500000,164174.2500000000,131516.0468750000,119720.1171875000,132649.1406250000,154254.1093750000,,,
23.5799999619,184,175786.3906250000,210906.6250000000,165619.7812500000,164839.9843750000,132175.4687500000,120344.9687500000,133347.1875000000,152873.5625000000,,,
23.5839999618,184,176115.9843750000,195702.3906250000,166084.0937500000,165548.0625000000,132846.1875000000,120996.8828125000,134076.7812500000,149935.4843750000,,,
23.5879999618,184,176003.6875000000,184982.0000000000,165879.6250000000,165313.6875000000,132585.7343750000,120761.2734375000,133818.9062500000,149285.6562500000,,,
23.5919999618,184,175592.1562500000,196213.6406250000,165247.9375000000,164360.7812500000,131664.7968750000,119877.7578125000,132831.2656250000,152363.2187500000,,,
23.5959999620,184,175495.2187500000,211308.0468750000,165161.8125000000,164174.1718750000,131532.0937500000,119726.3671875000,132658.7187500000,154281.4375000000,,,
23.5999999619,184,175805.2500000000,210995.2968750000,165636.2500000000,164834.2968750000,132190.1406250000,120346.0937500000,133355.5312500000,152907.6875000000,,,
23.6039999619,184,176135.8281250000,195767.7812500000,166103.0000000000,165559.7968750000,132864.7968750000,121000.3906250000,134089.8437500000,149954.4687500000,,,
23.6079999618,184,176026.7187500000,184922.7500000000,165908.3281250000,165332.5156250000,132614.0312500000,120769.5859375000,133842.2812500000,149282.2031250000,,,
23.6119999618,184,175618.8593750000,196132.2968750000,165279.8906250000,164379.7187500000,131694.7031250000,119888.0234375000,132859.2500000000,152371.2656250000,,,
23.6159999617,184,175515.6875000000,211357.0468750000,165184.9375000000,164187.0781250000,131552.1250000000,119725.6171875000,132682.0000000000,154308.3906250000,,,
23.6199999619,184,175815.4531250000,211114.6406250000,165649.6875000000,164837.4375000000,132200.3125000000,120341.9140625000,133368.4843750000,152931.6875000000,,,
23.6239999619,184,176130.7343750000,195845.3593750000,166102.6875000000,165547.1406250000,132862.9218750000,120996.2343750000,134097.5625000000,149955.0781250000,,,
23.6279999618,184,176000.1718750000,184859.2343750000,165885.1093750000,165312.0937500000,132592.7656250000,120764.0937500000,133844.1562500000,149245.0000000000,,,
23.6319999618,184,175571.6406250000,196026.7812500000,165235.8125000000,164347.4375000000,131652.7656250000,119868.3125000000,132844.3281250000,152322.5937500000,,,
23.6359999618,184,175464.7968750000,211370.8906250000,165137.9531250000,164151.6093750000,131505.9687500000,119706.7109375000,132662.7968750000,154284.8437500000,,,
23.6399999619,184,175780.3593750000,211200.7656250000,165618.7343750000,164820.9687500000,132171.5000000000,120345.5859375000,133369.0781250000,152928.6093750000,,,
23.6439999619,184,176117.5156250000,195893.8281250000,166093.2968750000,165542.5625000000,132859.5156250000,121022.3359375000,134120.4687500000,149956.6718750000,,,
23.6479999619,184,176012.6718750000,184817.2031250000,165901.3906250000,165319.6718750000,132617.1562500000,120806.5468750000,133882.4531250000,149249.7500000000,,,
23.6519999618,184,175607.0312500000,195962.0000000000,165274.0156250000,164364.0000000000,131698.4687500000,119928.3671875000,132902.4218750000,152350.7031250000,,,
23.6559999618,184,175520.1875000000,211409.1406250000,165195.5625000000,164170.4218750000,131571.3281250000,119788.6796875000,132744.9062500000,154352.3750000000,,,
23.6599999617,184,175840.9218750000,211308.0468750000,165680.7656250000,164853.6562500000,132242.7343750000,120430.4218750000,133456.2187500000,153007.2500000000,,,
23.6639999619,184,176173.2500000000,195989.9218750000,166151.1718750000,165579.6562500000,132928.2343750000,121101.9140625000,134204.9687500000,150021.1250000000,,,
23.6679999619,184,176063.9218750000,184804.2031250000,165951.7500000000,165361.5156250000,132680.7500000000,120883.7968750000,133967.8281250000,149283.4375000000,,,
23.6719999618,184,175651.7812500000,195886.4218750000,165313.7656250000,164401.8437500000,131750.9531250000,119996.9531250000,132985.3125000000,152377.0156250000,,,
23.6759999618,184,175546.6562500000,211425.9375000000,165214.4687500000,164196.7656250000,131599.1406250000,119828.7500000000,132804.2031250000,154384.5625000000,,,
23.6799999618,185,175853.0781250000,211388.7812500000,165686.8906250000,164857.2031250000,132254.4375000000,120452.6562500000,133498.4218750000,153029.1093750000,,,
23.6839999617,185,176170.6718750000,196005.1406250000,166142.9218750000,165572.8125000000,132923.5312500000,121106.6875000000,134228.5156250000,150004.7031250000,,,
23.6879999617,185,176062.4843750000,184660.5625000000,165951.1406250000,165359.4218750000,132682.1718750000,120883.4453125000,133991.5937500000,149240.9218750000,,,
23.6919999616,185,175654.4062500000,195757.5312500000,165317.4687500000,164402.4843750000,131753.5312500000,119989.9218750000,132993.0000000000,152358.5000000000,,,
23.6959999616,185,175552.3437500000,211448.6562500000,165218.8437500000,164197.0468750000,131601.2968750000,119819.8984375000,132795.3750000000,154401.4375000000,,,
23.6999999615,185,175853.4218750000,211450.3750000000,165686.8125000000,164843.3906250000,132254.4375000000,120434.9062500000,133483.7500000000,153038.4218750000,,,
23.7039999617,185,176174.2187500000,195962.9687500000,166150.4531250000,165558.5468750000,132933.1093750000,121093.3046875000,134230.5468750000,149991.4062500000,,,
23.7079999617,185,176058.4218750000,184517.8750000000,165952.7187500000,165349.6718750000,132686.7031250000,120865.2109375000,133993.3437500000,149208.4375000000,,,
23.7119999616,185,175644.8281250000,195657.7343750000,165314.4062500000,164397.4218750000,131751.2812500000,119964.3125000000,132991.6406250000,152337.9531250000,,,
23.7159999616,185,175538.4062500000,211508.7812500000,165208.8906250000,164182.4375000000,131589.2187500000,119791.3906250000,132789.2968750000,154403.1875000000,,,
23.7199999616,185,175836.7500000000,211569.6406250000,165671.1093750000,164836.1093750000,132236.5156250000,120410.8671875000,133475.1875000000,153037.5625000000,,,
23.7239999617,185,176159.3593750000,196037.3437500000,166136.7812500000,165562.2656250000,132918.6562500000,121077.5625000000,134224.6562500000,149977.3281250000,,,
23.7279999617,185,176052.4218750000,184471.3906250000,165950.2812500000,165358.5000000000,132683.0312500000,120866.2578125000,133997.6562500000,149181.4843750000,,,
23.7319999617,185,175642.5468750000,195582.4375000000,165313.5781250000,164395.8593750000,131748.2968750000,119974.8515625000,132994.7500000000,152320.6093750000,,,
23.7359999616,185,175541.7031250000,211515.7812500000,165212.6406250000,164188.6875000000,131590.4531250000,119814.8046875000,132793.9843750000,154416.6250000000,,,
23.7399999616,185,175844.3906250000,211692.4843750000,165678.0937500000,164842.8750000000,132238.7187500000,120433.2968750000,133472.8750000000,153077.7343750000,,,
23.7439999615,185,176176.6093750000,196193.2656250000,166154.3750000000,165585.4218750000,132931.6093750000,121102.3437500000,134224.2968750000,150021.0468750000,,,
23.7479999617,185,176075.6406250000,184518.3281250000,165971.8906250000,165385.1718750000,132704.2656250000,120895.1718750000,134002.7812500000,149207.3125000000,,,
23.7519999617,185,175649.6093750000,195519.3906250000,165315.6406250000,164403.8593750000,131751.0156250000,119983.1640625000,132979.0937500000,152320.8437500000,,,
23.7559999616,185,175520.2968750000,211465.8437500000,165187.4375000000,164165.0000000000,131564.0312500000,119782.3515625000,132750.3281250000,154403.0781250000,,,
23.7599999616,185,175818.6406250000,211751.9531250000,165649.6562500000,164822.4062500000,132209.0781250000,120390.9921875000,133434.9218750000,153082.5156250000,,,
23.7639999615,185,176157.5625000000,196359.2968750000,166129.9843750000,165569.4843750000,132910.6093750000,121074.5000000000,134200.2656250000,150040.8593750000,,,
23.7679999617,185,176065.3750000000,184583.8281250000,165954.5468750000,165380.8125000000,132692.8750000000,120883.4453125000,133989.5625000000,149201.9687500000,,,
23.7719999617,185,175644.2343750000,195404.9375000000,165304.0312500000,164405.6718750000,131743.4687500000,119977.0781250000,132977.6093750000,152289.2968750000,,,
23.7759999617,185,175523.4375000000,211340.1562500000,165186.6562500000,164176.9062500000,131561.8593750000,119781.1171875000,132759.1406250000,154387.5468750000,,,
23.7799999616,185,175818.7187500000,211775.8593750000,165647.3750000000,164816.4218750000,132202.1562500000,120385.1484375000,133433.7968750000,153094.4531250000,,,
23.7839999616,185,176148.1406250000,196509.1406250000,166119.6406250000,165553.3593750000,132896.7187500000,121061.5468750000,134189.9218750000,150048.1093750000,,,
23.7879999615,185,176043.3593750000,184626.5781250000,165936.4687500000,165361.6406250000,132673.3125000000,120862.8515625000,133969.2500000000,149164.4843750000,,,
23.7919999617,185,175628.9843750000,195280.1562500000,165292.2500000000,164393.8437500000,131731.7812500000,119963.6640625000,132957.6875000000,152234.5937500000,,,
23.7959999617,185,175509.2656250000,211203.5781250000,165171.6093750000,164154.6718750000,131546.7812500000,119762.4453125000,132730.6093750000,154348.2187500000,,,
23.7999999616,185,175804.1875000000,211750.4843750000,165628.6093750000,164794.7500000000,132183.8125000000,120365.1093750000,133404.4062500000,153082.3750000000,,,
23.8039999616,185,176130.8437500000,196608.8437500000,166097.8593750000,165526.8125000000,132874.5625000000,121047.4375000000,134154.6250000000,150053.2343750000,,,
23.8079999615,186,176031.8750000000,184684.9531250000,165921.9531250000,165339.5468750000,132660.4375000000,120862.0703125000,133946.3125000000,149149.7031250000,,,
23.8119999615,186,175620.1562500000,195172.5000000000,165284.3906250000,164380.4843750000,131726.7968750000,119963.1796875000,132952.4531250000,152193.1406250000,,,
23.8159999615,186,175500.0781250000,211091.5625000000,165164.9843750000,164142.2500000000,131542.8125000000,119761.1328125000,132735.8593750000,154322.1718750000,,,
23.8199999614,186,175797.1250000000,211734.2187500000,165625.4687500000,164787.1875000000,132181.5312500000,120367.8750000000,133415.0781250000,153078.7812500000,,,
23.8239999614,186,176140.5312500000,196703.2812500000,166114.0781250000,165534.4843750000,132890.3125000000,121058.9453125000,134185.0625000000,150074.2812500000,,,
23.8279999613,186,176057.9687500000,184752.1406250000,165953.7187500000,165369.4531250000,132696.1093750000,120888.6796875000,133998.1093750000,149172.3906250000,,,
23.8319999615,186,175653.5000000000,195073.1406250000,165315.8906250000,164402.3437500000,131766.4375000000,120008.1328125000,133007.1718750000,152201.8593750000,,,
23.8359999615,186,175534.9375000000,210982.5625000000,165189.7968750000,164153.5156250000,131574.6875000000,119808.3671875000,132776.0468750000,154350.7656250000,,,
23.8399999614,186,175817.0781250000,211721.8906250000,165633.7031250000,164775.9218750000,132196.7187500000,120402.0156250000,133440.9687500000,153121.9218750000,,,
23.8439999614,186,176143.6406250000,196823.2656250000,166109.9843750000,165507.2031250000,132890.6875000000,121072.6250000000,134203.2968750000,150119.6406250000,,,
23.8479999613,186,176060.0625000000,184881.2343750000,165955.1406250000,165345.2812500000,132699.9531250000,120901.1796875000,134019.7031250000,149192.3125000000,,,
23.8519999615,186,175649.2812500000,195001.3125000000,165317.2812500000,164394.8593750000,131769.7812500000,120014.8437500000,133026.0000000000,152167.0468750000,,,
23.8559999615,186,175527.0468750000,210830.0312500000,165191.7500000000,164149.8437500000,131578.2812500000,119814.3203125000,132798.3593750000,154312.9531250000,,,
23.8599999615,186,175815.0468750000,211685.6250000000,165641.8750000000,164774.4062500000,132201.7343750000,120403.7890625000,133462.1250000000,153119.1250000000,,,
23.8639999614,186,176152.9687500000,197035.8750000000,166124.1718750000,165508.7343750000,132896.3437500000,121077.4296875000,134217.5156250000,150165.8281250000,,,
23.8679999614,186,176071.5625000000,185150.4531250000,165966.5937500000,165356.2187500000,132707.1718750000,120916.5468750000,134038.8281250000,149229.5000000000,,,
23.8719999613,186,175667.4375000000,194949.8750000000,165335.4375000000,164421.6406250000,131789.3125000000,120041.8750000000,133061.4531250000,152145.1093750000,,,
23.8759999615,186,175549.6875000000,210606.0937500000,165211.0937500000,164180.2031250000,131595.4687500000,119828.0546875000,132821.0781250000,154282.1562500000,,,
23.8799999615,186,175825.3125000000,211609.9062500000,165644.7031250000,164790.8750000000,132199.4687500000,120397.0546875000,133457.7812500000,153119.5000000000,,,
23.8839999614,186,176152.7812500000,197283.5468750000,166116.0468750000,165516.9375000000,132882.2656250000,121060.8203125000,134203.9375000000,150205.9531250000,,,
23.8879999614,186,176078.8437500000,185492.2343750000,165975.8437500000,165379.4218750000,132714.0625000000,120911.3203125000,134046.8437500000,149259.8906250000,,,
23.8919999613,186,175673.5000000000,194922.0625000000,165349.4687500000,164456.1875000000,131806.5312500000,120042.4453125000,133078.6718750000,152102.1406250000,,,
23.8959999615,186,175538.3125000000,210308.2500000000,165203.5468750000,164179.6406250000,131592.1406250000,119816.7343750000,132822.8437500000,154219.9843750000,,,
23.8999999615,186,175807.0468750000,211516.1875000000,165625.2968750000,164771.9531250000,132178.4218750000,120372.4609375000,133440.2656250000,153121.8281250000,,,
23.9039999614,186,176121.8593750000,197693.7187500000,166083.3750000000,165484.8281250000,132845.2500000000,121016.2421875000,134167.0156250000,150265.1250000000,,,
23.9079999614,186,176042.9843750000,185987.7812500000,165939.4687500000,165351.7500000000,132677.1718750000,120864.9453125000,134010.5000000000,149281.2031250000,,,
23.9119999614,186,175632.8437500000,194867.3125000000,165309.0781250000,164430.4531250000,131770.1406250000,120005.8281250000,133044.3906250000,152020.3593750000,,,
23.9159999613,186,175488.0781250000,209894.2343750000,165152.7187500000,164150.6562500000,131539.8125000000,119768.5312500000,132765.8750000000,154114.2031250000,,,
23.9199999615,186,175749.7031250000,211292.7031250000,165567.7656250000,164720.0312500000,132113.3437500000,120301.9453125000,133365.2656250000,153065.3750000000,,,
23.9239999615,186,176083.1093750000,197869.3750000000,166044.7968750000,165444.0156250000,132799.3750000000,120963.1093750000,134110.9843750000,150277.1718750000,,,
23.9279999614,186,176022.1093750000,186219.8125000000,165919.3281250000,165331.1718750000,132657.1093750000,120846.5937500000,133979.0625000000,149287.1093750000,,,
23.9319999614,186,175636.1406250000,194745.1875000000,165314.7500000000,164432.3125000000,131780.2656250000,120009.9375000000,133041.0937500000,151983.4843750000,,,
23.9359999613,187,175506.5156250000,209622.3281250000,165170.4218750000,164166.1875000000,131560.1406250000,119771.6171875000,132777.5156250000,154089.1250000000,,,
23.9399999613,187,175780.8437500000,211165.2968750000,165597.6718750000,164754.7343750000,132143.0937500000,120311.4375000000,133388.9218750000,153083.0468750000,,,
23.9439999613,187,176111.3125000000,197958.5000000000,166070.8125000000,165478.0781250000,132822.6406250000,120970.5703125000,134122.0781250000,150317.1562500000,,,
23.9479999612,187,176042.4687500000,186316.8125000000,165939.2812500000,165356.8437500000,132675.0312500000,120848.2578125000,133985.5000000000,149303.8125000000,,,
23.9519999612,187,175646.0312500000,194640.7968750000,165321.9375000000,164449.7656250000,131787.2500000000,119999.7968750000,133040.7812500000,151956.2031250000,,,
23.9559999611,187,175506.0312500000,209473.9218750000,165163.8750000000,164161.9687500000,131552.2656250000,119750.8828125000,132758.6562500000,154065.0937500000,,,
23.9599999613,187,175782.0312500000,211112.0937500000,165589.5468750000,164741.8593750000,132131.5156250000,120298.1093750000,133361.7031250000,153090.7968750000,,,
23.9639999613,187,176122.8750000000,198005.0937500000,166075.2656250000,165471.1562500000,132821.6093750000,120966.1406250000,134106.5781250000,150346.7187500000,,,
23.9679999612,187,176061.9062500000,186344.2500000000,165954.7031250000,165367.9218750000,132684.1562500000,120848.0468750000,133978.2031250000,149321.2187500000,,,
23.9719999612,187,175666.6875000000,194537.7500000000,165340.6875000000,164465.5468750000,131798.7500000000,120006.9843750000,133031.1250000000,151954.7031250000,,,
23.9759999611,187,175525.1250000000,209384.4218750000,165180.8281250000,164178.5937500000,131558.0312500000,119755.8984375000,132743.9843750000,154075.2500000000,,,
23.9799999613,187,175780.7968750000,211132.1562500000,165588.2031250000,164736.6875000000,132116.2812500000,120277.7265625000,133329.5937500000,153101.0156250000,,,
23.9839999613,187,176102.1250000000,198085.6718750000,166054.6250000000,165460.7500000000,132787.6875000000,120931.7265625000,134057.7343750000,150339.0468750000,,,
23.9879999612,187,176030.9843750000,186329.6250000000,165925.4687500000,165354.8281250000,132647.4375000000,120815.8593750000,133928.5156250000,149280.5312500000,,,
23.9919999612,187,175629.7031250000,194425.6562500000,165304.5937500000,164452.6875000000,131760.0156250000,119977.0468750000,132986.1875000000,151900.8125000000,,,
23.9959999612,187,175482.6406250000,209343.8125000000,165136.5468750000,164161.0781250000,131513.7187500000,119718.8906250000,132698.3906250000,154040.1093750000,,,
23.9999999611,187,175748.0937500000,211185.8750000000,165551.1875000000,164730.3593750000,132082.6718750000,120249.8281250000,133296.4218750000,153088.4218750000,,,
24.0039999613,187,176087.3906250000,198137.7812500000,166037.0156250000,165458.1406250000,132776.3437500000,120917.9140625000,134044.2656250000,150336.3281250000,,,
24.0079999613,187,176046.5937500000,186258.7343750000,165942.5312500000,165369.3437500000,132671.7656250000,120827.1796875000,133948.4375000000,149278.6562500000,,,
24.0119999612,187,175656.3125000000,194328.7500000000,165331.4062500000,164453.7343750000,131793.6250000000,119991.3437500000,133011.8906250000,151908.1562500000,,,
24.0159999612,187,175499.9375000000,209426.0468750000,165150.7656250000,164148.4218750000,131529.8125000000,119719.9843750000,132704.4218750000,154072.5156250000,,,
24.0199999611,187,175762.5781250000,211360.7500000000,165563.2031250000,164726.2500000000,132093.7500000000,120248.0312500000,133294.0000000000,153123.7187500000,,,
24.0239999613,187,176102.9218750000,198187.4062500000,166050.1875000000,165464.6406250000,132789.5156250000,120925.3750000000,134046.5312500000,150342.1562500000,,,
24.0279999613,187,176046.2812500000,186066.0937500000,165937.6718750000,165373.9843750000,132667.9218750000,120829.0000000000,133938.0312500000,149234.2656250000,,,
24.0319999612,187,175639.1406250000,194201.4531250000,165307.5937500000,164456.0000000000,131766.4531250000,119976.2734375000,132982.4375000000,151878.2031250000,,,
24.0359999612,187,175492.0781250000,209575.8593750000,165140.3125000000,164158.4218750000,131512.7968750000,119713.7890625000,132685.6250000000,154096.3906250000,,,
24.0399999612,187,175762.2031250000,211564.1406250000,165563.6093750000,164734.0312500000,132091.9218750000,120258.5234375000,133289.9531250000,153150.5625000000,,,
24.0439999611,187,176102.9218750000,198110.2968750000,166054.6718750000,165475.0468750000,132797.9062500000,120942.6484375000,134050.8750000000,150314.0468750000,,,
24.0479999613,187,176048.4218750000,185729.1406250000,165946.1250000000,165394.3437500000,132680.2656250000,120843.1640625000,133946.2031250000,149178.2656250000,,,
24.0519999613,187,175642.7187500000,194044.4062500000,165316.7968750000,164480.6718750000,131770.8593750000,119975.1953125000,132975.8906250000,151874.6406250000,,,
24.0559999612,187,175493.6406250000,209756.3593750000,165147.3125000000,164167.8125000000,131511.9687500000,119700.9453125000,132670.2812500000,154136.7500000000,,,
24.0599999612,187,175769.9531250000,211752.6718750000,165577.0468750000,164755.3750000000,132099.2343750000,120250.7656250000,133287.6718750000,153170.4843750000,,,
24.0639999611,188,176125.3437500000,198002.0156250000,166081.2500000000,165523.7343750000,132821.8593750000,120951.4453125000,134070.9843750000,150287.2968750000,,,
24.0679999611,188,176075.4843750000,185383.8750000000,165975.3281250000,165436.5000000000,132707.2500000000,120858.9062500000,133970.1093750000,149134.5625000000,,,
24.0719999610,188,175673.6406250000,193906.7656250000,165349.6718750000,164501.2656250000,131795.7812500000,119996.1171875000,133001.1406250000,151895.5781250000,,,
24.0759999610,188,175524.5312500000,210006.9375000000,165180.1406250000,164196.6250000000,131535.6093750000,119726.6640625000,132696.9218750000,154217.5781250000,,,
24.0799999610,188,175794.8125000000,212012.9687500000,165605.7968750000,164783.1718750000,132126.0156250000,120278.7421875000,133313.5625000000,153221.0468750000,,,
24.0839999609,188,176128.8281250000,197936.1406250000,166089.1875000000,165527.4843750000,132834.7812500000,120962.7343750000,134080.5156250000,150255.7656250000,,,
24.0879999611,188,176062.0000000000,185077.1718750000,165962.0000000000,165423.2187500000,132699.9218750000,120852.5000000000,133960.0000000000,149070.1093750000,,,
24.0919999611,188,175649.5468750000,193767.3125000000,165321.0312500000,164472.2187500000,131771.0156250000,119971.8203125000,132973.3750000000,151877.0468750000,,,
24.0959999610,188,175501.7656250000,210112.4531250000,165152.2968750000,164158.5625000000,131511.2187500000,119697.1640625000,132670.9531250000,154233.7187500000,,,
24.0999999610,188,175764.9687500000,212228.3906250000,165571.3125000000,164736.4531250000,132093.3906250000,120246.3203125000,133285.7656250000,153239.2968750000,,,
24.1039999609,188,176117.1875000000,198117.6875000000,166076.5781250000,165507.1562500000,132824.9062500000,120962.0390625000,134081.0781250000,150268.7187500000,,,
24.1079999611,188,176056.8125000000,184985.2812500000,165961.9531250000,165418.5312500000,132703.2968750000,120860.5156250000,133976.5000000000,149043.3750000000,,,
24.1119999611,188,175644.7812500000,193677.7500000000,165322.3750000000,164461.3593750000,131773.1406250000,119970.6406250000,132986.3281250000,151866.1562500000,,,
24.1159999610,188,175524.5625000000,210199.2031250000,165180.1875000000,164172.8906250000,131537.2343750000,119728.6796875000,132709.7968750000,154281.2500000000,,,
24.1199999610,188,175810.0781250000,212369.6875000000,165621.7656250000,164782.4687500000,132143.5781250000,120300.0703125000,133349.5468750000,153308.6562500000,,,
24.1239999610,188,176152.5468750000,198178.5000000000,166120.9687500000,165538.8750000000,132871.7500000000,121005.5468750000,134142.2031250000,150313.6406250000,,,
24.1279999609,188,176093.2500000000,184958.9375000000,166007.2500000000,165447.4687500000,132756.2968750000,120916.5468750000,134047.2968750000,149079.8750000000,,,
24.1319999611,188,175684.6093750000,193624.8906250000,165368.7812500000,164497.5468750000,131828.5468750000,120038.1484375000,133068.3281250000,151912.3125000000,,,
24.1359999611,188,175533.7031250000,210228.8593750000,165193.2031250000,164172.7187500000,131558.0468750000,119764.4609375000,132761.6875000000,154321.4062500000,,,
24.1399999610,188,175805.3593750000,212408.4843750000,165618.8593750000,164756.5312500000,132148.0312500000,120327.4765625000,133389.3906250000,153332.2343750000,,,
24.1439999610,188,176156.8593750000,198176.2187500000,166121.9375000000,165535.0468750000,132881.4843750000,121044.1953125000,134192.0625000000,150337.5468750000,,,
24.1479999609,188,176097.5312500000,184972.8281250000,166006.0625000000,165450.3437500000,132762.6250000000,120948.7343750000,134091.3750000000,149101.0156250000,,,
24.1519999611,188,175695.8437500000,193550.9687500000,165371.3281250000,164498.1875000000,131837.8125000000,120069.3203125000,133104.4843750000,151920.6093750000,,,
24.1559999611,188,175529.7656250000,210171.1875000000,165177.3750000000,164166.0468750000,131546.1093750000,119768.1328125000,132766.4375000000,154323.2812500000,,,
24.1599999610,188,175786.7968750000,212395.1562500000,165592.3437500000,164731.7500000000,132127.4531250000,120319.3828125000,133388.0468750000,153323.4375000000,,,
24.1639999610,188,176146.8593750000,198218.4375000000,166108.7187500000,165499.7968750000,132873.4843750000,121042.4218750000,134199.5468750000,150339.2031250000,,,
24.1679999609,188,176101.8281250000,185025.4531250000,166011.2500000000,165430.3281250000,132773.2031250000,120960.2109375000,134111.6562500000,149105.3125000000,,,
24.1719999609,188,175691.1718750000,193469.6093750000,165372.1093750000,164486.5156250000,131844.1093750000,120082.7578125000,133118.4062500000,151895.0937500000,,,
24.1759999611,188,175529.2500000000,210084.6875000000,165184.7031250000,164153.0312500000,131558.0468750000,119795.4140625000,132787.5468750000,154317.8281250000,,,
24.1799999611,188,175788.1406250000,212412.3437500000,165596.4218750000,164731.9375000000,132134.7500000000,120338.6953125000,133395.3125000000,153349.1718750000,,,
24.1839999610,188,176136.2187500000,198361.7500000000,166096.3750000000,165496.8750000000,132863.3281250000,121042.0468750000,134189.8906250000,150367.7656250000,,,
24.1879999610,188,176095.7343750000,185134.9218750000,166005.2343750000,165432.8750000000,132769.2031250000,120968.4765625000,134112.1875000000,149107.1250000000,,,
24.1919999609,189,175695.6875000000,193383.4687500000,165377.7656250000,164502.0781250000,131850.5937500000,120093.5625000000,133131.7031250000,151863.9375000000,,,
24.1959999609,189,175529.2500000000,209938.5156250000,165181.5000000000,164156.0625000000,131552.6875000000,119782.4531250000,132785.1093750000,154285.9375000000,,,
24.1999999608,189,175777.8125000000,212380.1093750000,165582.1718750000,164717.5937500000,132113.7187500000,120306.6640625000,133369.0468750000,153336.5781250000,,,
24.2039999608,189,176113.7656250000,198487.6718750000,166072.0000000000,165478.0468750000,132830.4687500000,120999.9921875000,134142.5781250000,150364.6250000000,,,
24.2079999608,189,176074.3906250000,185246.6250000000,165982.7343750000,165423.4687500000,132740.0156250000,120932.5312500000,134070.5781250000,149090.7500000000,,,
24.2119999607,189,175674.4218750000,193272.8125000000,165355.1250000000,164496.7656250000,131824.0937500000,120062.5312500000,133095.7968750000,151812.2812500000,,,
24.2159999609,189,175513.3437500000,209741.5000000000,165163.5312500000,164154.5937500000,131530.5312500000,119762.0703125000,132749.7343750000,154249.4687500000,,,
24.2199999609,189,175764.2656250000,212324.9062500000,165567.4218750000,164709.8906250000,132094.7812500000,120289.2578125000,133339.4375000000,153339.1718750000,,,
24.2239999608,189,176112.8281250000,198659.6093750000,166070.9843750000,165479.2343750000,132826.1718750000,120994.6250000000,134130.6093750000,150404.7031250000,,,
24.2279999608,189,176076.3125000000,185401.6406250000,165986.2500000000,165437.7656250000,132745.4687500000,120930.4921875000,134062.2968750000,149108.7968750000,,,
24.2319999607,189,175674.5156250000,193193.4218750000,165357.5312500000,164510.0156250000,131831.5625000000,120062.3437500000,133090.0781250000,151787.3281250000,,,
24.2359999609,189,175509.2500000000,209541.2812500000,165158.5937500000,164151.1875000000,131527.6562500000,119753.7578125000,132737.6093750000,154220.5468750000,,,
24.2399999609,189,175761.7968750000,212256.7812500000,165560.1562500000,164703.1093750000,132082.7968750000,120274.1328125000,133314.8125000000,153352.2656250000,,,
24.2439999608,189,176111.0781250000,198911.4375000000,166061.7812500000,165474.3750000000,132804.8750000000,120972.3671875000,134091.9062500000,150487.8593750000,,,
24.2479999608,189,176088.3906250000,185791.7031250000,165995.7187500000,165444.6875000000,132741.3125000000,120927.1171875000,134037.3750000000,149227.8281250000,,,
24.2519999607,189,175685.3593750000,193213.4375000000,165370.0156250000,164517.0937500000,131836.8125000000,120067.9765625000,133075.2656250000,151830.7812500000,,,
24.2559999607,189,175500.4218750000,209239.5312500000,165151.4375000000,164144.9062500000,131516.3750000000,119739.2968750000,132710.7343750000,154212.9843750000,,,
24.2599999609,189,175741.3437500000,212090.5000000000,165535.9062500000,164687.7656250000,132052.4375000000,120244.0078125000,133270.8593750000,153394.1875000000,,,
24.2639999609,189,176093.1562500000,199180.4687500000,166037.8281250000,165450.6875000000,132773.6093750000,120943.0234375000,134046.3593750000,150603.9375000000,,,
24.2679999608,189,176065.3281250000,186240.1718750000,165970.2343750000,165424.2968750000,132714.0000000000,120898.7656250000,134003.2031250000,149314.4687500000,,,
24.2719999608,189,175670.1718750000,193242.5625000000,165356.8437500000,164517.0468750000,131828.2656250000,120060.5703125000,133064.7031250000,151814.0156250000,,,
24.2759999607,189,175489.4218750000,208868.2656250000,165137.7656250000,164150.7812500000,131505.7500000000,119730.9296875000,132693.0312500000,154156.8750000000,,,
24.2799999609,189,175725.1875000000,211821.7968750000,165516.9687500000,164683.2343750000,132028.9687500000,120217.1328125000,133238.5625000000,153381.6406250000,,,
24.2839999609,189,176072.3281250000,199550.5312500000,166016.0781250000,165431.7500000000,132739.2968750000,120898.7656250000,134005.4843750000,150685.0781250000,,,
24.2879999608,189,176049.1250000000,187083.5156250000,165955.6250000000,165404.3125000000,132690.6718750000,120863.7890625000,133970.2968750000,149416.5312500000,,,
24.2919999608,189,175661.0312500000,193460.5000000000,165353.4687500000,164520.5781250000,131831.2343750000,120048.9609375000,133052.6875000000,151778.9375000000,,,
24.2959999607,189,175477.0625000000,208214.0937500000,165130.0000000000,164154.2656250000,131506.2343750000,119717.8671875000,132679.0312500000,154032.2031250000,,,
24.2999999607,189,175710.2812500000,211246.9218750000,165498.7500000000,164657.4218750000,132011.7500000000,120191.3046875000,133205.5781250000,153327.5312500000,,,
24.3039999609,189,176051.8750000000,199679.0312500000,165988.7500000000,165389.7031250000,132705.3437500000,120861.5625000000,133956.0000000000,150730.5937500000,,,
24.3079999608,189,176048.5312500000,187447.7656250000,165951.9218750000,165395.1718750000,132681.7656250000,120853.6250000000,133950.7968750000,149465.7187500000,,,
24.3119999608,189,175678.8437500000,193381.2812500000,165368.2343750000,164549.6093750000,131844.0312500000,120062.1796875000,133064.2968750000,151761.9531250000,,,
24.3159999608,189,175496.3125000000,207963.2031250000,165141.7812500000,164172.0625000000,131511.7812500000,119728.1406250000,132686.5156250000,154019.4843750000,,,
24.3199999607,190,175725.0000000000,211111.5000000000,165508.9687500000,164662.4687500000,132011.6406250000,120191.3046875000,133206.1093750000,153341.1562500000,,,
24.3239999607,190,176069.4218750000,199623.4531250000,166004.2968750000,165400.6718750000,132711.2343750000,120861.3437500000,133957.6562500000,150751.5625000000,,,
24.3279999606,190,176051.4218750000,187324.7812500000,165953.5000000000,165397.4687500000,132678.2812500000,120839.8593750000,133940.3906250000,149453.2500000000,,,
24.3319999606,190,175662.4531250000,193154.8593750000,165351.8750000000,164537.9687500000,131826.1718750000,120035.7890625000,133038.3437500000,151721.0468750000,,,
24.3359999605,190,175482.6093750000,207826.6718750000,165129.8750000000,164168.0000000000,131498.0781250000,119701.6171875000,132663.5000000000,154002.4843750000,,,
24.3399999605,190,175725.8593750000,211116.1875000000,165511.1406250000,164689.2187500000,132012.0625000000,120174.5937500000,133196.0468750000,153356.5781250000,,,
24.3439999607,190,176077.0937500000,199667.5000000000,166016.3906250000,165428.9375000000,132723.1250000000,120856.9218750000,133962.9687500000,150773.2656250000,,,
24.3479999606,190,176062.6718750000,187241.6093750000,165972.3281250000,165419.5468750000,132700.3437500000,120849.3593750000,133960.0781250000,149451.8281250000,,,
24.3519999606,190,175678.7812500000,193008.8125000000,165370.8437500000,164561.0312500000,131849.5781250000,120050.1953125000,133058.2656250000,151714.8750000000,,,
24.3559999606,190,175490.3281250000,207799.2343750000,165136.6250000000,164176.7968750000,131507.3281250000,119704.8046875000,132669.8281250000,154017.3125000000,,,
24.3599999605,190,175718.1875000000,211191.7812500000,165502.9062500000,164684.3281250000,132003.9687500000,120165.1250000000,133184.5156250000,153376.7031250000,,,
24.3639999607,190,176054.2968750000,199773.6875000000,165989.1718750000,165414.4843750000,132696.6250000000,120833.6953125000,133931.8593750000,150783.8906250000,,,
24.3679999607,190,176035.6250000000,187268.1093750000,165942.7500000000,165401.9062500000,132674.7656250000,120831.3906250000,133933.0625000000,149442.0000000000,,,
24.3719999606,190,175649.2031250000,192927.9375000000,165340.8750000000,164542.5468750000,131826.2187500000,120034.9296875000,133039.3281250000,151683.3125000000,,,
24.3759999606,190,175459.8437500000,207737.3281250000,165104.6250000000,164150.1875000000,131481.6562500000,119681.7890625000,132647.1562500000,153991.3281250000,,,
24.3799999605,190,175690.6718750000,211222.7343750000,165473.5156250000,164639.5312500000,131980.6562500000,120143.7734375000,133163.2812500000,153372.4375000000,,,
24.3839999605,190,176031.3125000000,199882.3437500000,165968.2500000000,165368.8281250000,132680.0000000000,120822.1640625000,133919.0156250000,150793.1875000000,,,
24.3879999607,190,176023.7187500000,187354.2500000000,165931.6406250000,165385.5937500000,132666.0000000000,120826.3437500000,133923.2187500000,149438.4843750000,,,
24.3919999606,190,175654.9687500000,192876.2812500000,165348.2031250000,164545.8437500000,131835.5312500000,120041.1796875000,133044.2031250000,151661.9843750000,,,
24.3959999606,190,175478.9375000000,207699.1875000000,165123.2187500000,164159.1562500000,131500.1093750000,119700.3281250000,132660.8125000000,154000.9531250000,,,
24.3999999606,190,175702.2500000000,211312.7968750000,165483.1718750000,164638.0625000000,131988.3906250000,120150.7265625000,133165.6093750000,153401.4218750000,,,
24.4039999605,190,176051.2656250000,199849.5781250000,165986.6562500000,165387.2812500000,132700.4843750000,120836.3203125000,133930.4375000000,150790.7031250000,,,
24.4079999607,190,176054.8125000000,186923.2031250000,165960.6093750000,165428.1093750000,132702.2812500000,120857.2421875000,133952.4062500000,149386.1406250000,,,
24.4119999607,190,175675.3593750000,192562.8125000000,165362.8281250000,164567.9218750000,131851.8906250000,120057.2187500000,133052.8281250000,151661.7500000000,,,
24.4159999606,190,175479.9218750000,208049.6250000000,165118.1250000000,164147.2187500000,131488.7968750000,119689.7343750000,132639.4375000000,154086.2187500000,,,
24.4199999606,190,175708.4062500000,211811.9531250000,165487.0625000000,164626.1562500000,131990.2656250000,120155.0937500000,133160.3750000000,153462.4218750000,,,
24.4239999605,190,176067.9687500000,199798.1250000000,166003.6562500000,165393.9062500000,132723.8750000000,120859.9531250000,133949.2968750000,150746.5781250000,,,
24.4279999605,190,176065.1093750000,186380.3125000000,165972.1718750000,165427.5468750000,132720.2343750000,120868.5078125000,133964.5000000000,149290.8125000000,,,
24.4319999607,190,175675.6718750000,192343.6250000000,165361.7968750000,164544.9843750000,131845.9062500000,120040.8593750000,133039.1406250000,151653.3593750000,,,
24.4359999606,190,175478.0781250000,208417.9375000000,165117.9375000000,164125.4687500000,131480.4062500000,119670.1484375000,132624.2343750000,154158.3281250000,,,
24.4399999606,190,175712.2656250000,212225.7343750000,165493.6562500000,164634.8125000000,131996.1718750000,120153.6718750000,133160.2500000000,153514.1875000000,,,
24.4439999606,190,176076.9687500000,199768.1093750000,166015.0625000000,165420.5156250000,132743.7031250000,120880.3906250000,133965.4687500000,150724.0156250000,,,
24.4479999605,191,176069.6875000000,185929.0937500000,165979.5937500000,165446.2968750000,132736.8593750000,120889.4062500000,133981.4218750000,149224.4531250000,,,
24.4519999605,191,175668.0625000000,192148.0937500000,165356.3593750000,164545.6093750000,131838.0781250000,120038.4453125000,133030.7500000000,151655.5468750000,,,
24.4559999604,191,175473.5468750000,208746.2500000000,165113.8125000000,164127.8281250000,131468.9218750000,119665.2734375000,132609.1093750000,154235.3593750000,,,
24.4599999604,191,175710.2500000000,212593.3593750000,165497.0625000000,164650.6718750000,131995.4375000000,120156.9453125000,133159.0312500000,153561.0156250000,,,
24.4639999603,191,176072.6406250000,199740.8125000000,166018.5468750000,165448.2031250000,132746.8125000000,120884.2812500000,133974.6093750000,150685.6875000000,,,
24.4679999603,191,176061.3281250000,185557.7343750000,165978.2031250000,165458.1250000000,132734.6093750000,120888.4609375000,133984.6718750000,149147.2343750000,,,
24.4719999605,191,175653.6875000000,191976.0781250000,165346.1718750000,164524.0625000000,131821.6875000000,120024.8203125000,133019.5625000000,151635.8437500000,,,
24.4759999604,191,175457.1093750000,208944.6250000000,165097.6875000000,164094.8125000000,131446.0468750000,119647.8906250000,132595.6718750000,154267.1406250000,,,
24.4799999604,191,175700.6250000000,212832.4062500000,165484.3750000000,164631.7656250000,131980.5000000000,120145.5703125000,133151.4687500000,153582.3437500000,,,
24.4839999604,191,176074.3281250000,199768.7500000000,166019.0312500000,165439.6406250000,132747.2031250000,120883.6640625000,133974.9062500000,150670.8906250000,,,
24.4879999603,191,176077.6093750000,185370.8750000000,165993.8437500000,165466.3750000000,132750.9687500000,120897.1015625000,133996.8281250000,149117.4531250000,,,
24.4919999605,191,175668.6718750000,191871.6875000000,165356.7343750000,164527.9375000000,131833.5937500000,120025.4375000000,133023.4531250000,151639.7343750000,,,
24.4959999605,191,175470.3593750000,209085.2812500000,165108.4687500000,164103.9843750000,131455.5625000000,119645.4765625000,132593.3906250000,154309.4062500000,,,
24.4999999604,191,175713.7968750000,213025.3281250000,165498.5937500000,164635.4531250000,131993.4218750000,120153.4843750000,133155.6250000000,153616.8593750000,,,
24.5039999604,191,176081.1718750000,199830.2343750000,166026.4843750000,165441.0312500000,132756.9218750000,120898.8203125000,133983.2187500000,150675.4218750000,,,
24.5079999603,191,176082.3750000000,185303.8906250000,165999.0625000000,165483.3906250000,132758.7656250000,120919.5000000000,134009.4375000000,149108.1562500000,,,
24.5119999603,191,175668.1718750000,191771.7187500000,165356.9531250000,164549.0937500000,131833.9687500000,120043.1093750000,133032.4687500000,151630.0468750000,,,
24.5159999605,191,175452.2812500000,209109.8437500000,165089.2656250000,164095.9062500000,131435.5312500000,119640.2421875000,132582.0625000000,154308.1562500000,,,
24.5199999604,191,175695.3906250000,213130.2656250000,165478.0468750000,164622.6406250000,131972.1250000000,120143.7734375000,133144.0156250000,153619.9531250000,,,
24.5239999604,191,176072.1875000000,199921.9375000000,166019.0000000000,165443.3125000000,132748.9531250000,120892.6484375000,133983.4062500000,150672.6093750000,,,
24.5279999604,191,176076.8750000000,185300.7343750000,165997.0000000000,165483.5781250000,132755.2031250000,120911.2890625000,134012.0625000000,149083.0781250000,,,
24.5319999603,191,175663.9218750000,191677.4375000000,165356.1406250000,164528.5000000000,131831.5625000000,120033.7812500000,133034.1718750000,151595.0156250000,,,
24.5359999605,191,175454.0156250000,209047.4375000000,165090.4218750000,164085.2031250000,131433.8437500000,119634.4765625000,132585.8437500000,154295.4687500000,,,
24.5399999605,191,175684.7968750000,213147.8281250000,165466.8593750000,164605.9062500000,131958.2968750000,120129.5312500000,133135.9687500000,153617.5000000000,,,
24.5439999604,191,176051.7968750000,200042.2031250000,165999.5000000000,165403.1562500000,132727.5468750000,120880.4140625000,133970.5625000000,150677.4843750000,,,
24.5479999604,191,176064.6250000000,185396.8593750000,165987.5312500000,165458.7968750000,132748.8750000000,120919.7109375000,134015.4375000000,149077.7343750000,,,
24.5519999603,191,175669.9375000000,191608.5312500000,165363.9531250000,164547.4531250000,131844.1875000000,120065.5859375000,133061.0000000000,151570.0625000000,,,
24.5559999603,191,175460.8593750000,208910.5000000000,165097.7968750000,164085.6093750000,131445.9375000000,119671.9453125000,132618.5156250000,154276.0156250000,,,
24.5599999605,191,175690.2968750000,213112.7968750000,165472.6875000000,164595.2031250000,131967.9687500000,120160.6718750000,133171.2968750000,153628.6718750000,,,
24.5639999604,191,176063.9218750000,200200.0000000000,166009.7656250000,165406.3281250000,132740.6406250000,120909.4140625000,134013.1562500000,150724.3906250000,,,
24.5679999604,191,176073.2812500000,185597.1093750000,165996.2812500000,165454.5781250000,132760.5937500000,120947.0937500000,134065.7500000000,149113.5625000000,,,
24.5719999603,191,175685.2500000000,191579.0625000000,165383.5000000000,164551.1093750000,131870.0937500000,120105.3437500000,133132.2187500000,151564.0312500000,,,
24.5759999603,192,175483.5156250000,208731.6875000000,165122.5000000000,164102.3125000000,131478.3906250000,119712.7187500000,132691.5468750000,154272.8750000000,,,
24.5799999603,192,175713.3593750000,213012.9218750000,165496.0156250000,164605.0781250000,131996.5468750000,120196.2109375000,133234.4375000000,153655.6562500000,,,
24.5839999602,192,176078.3750000000,200359.6406250000,166024.0156250000,165412.2343750000,132757.1406250000,120938.2500000000,134059.6718750000,150785.4375000000,,,
24.5879999602,192,176085.4062500000,185869.2187500000,166010.6093750000,165467.6406250000,132782.4062500000,120986.0156250000,134120.7656250000,149167.7968750000,,,
24.5919999601,192,175699.0937500000,191540.7812500000,165398.4375000000,164569.2968750000,131899.5468750000,120149.9687500000,133194.8750000000,151552.5312500000,,,
24.5959999601,192,175497.2343750000,208415.3125000000,165134.6250000000,164121.3906250000,131500.9687500000,119746.8125000000,132749.2812500000,154234.9062500000,,,
24.5999999603,192,175723.8750000000,212799.6875000000,165501.2187500000,164623.0156250000,132007.5156250000,120219.2812500000,133282.7656250000,153659.0781250000,,,
24.6039999602,192,176089.1406250000,200551.0000000000,166029.2656250000,165416.6875000000,132762.7968750000,120946.0000000000,134101.7812500000,150852.5468750000,,,
24.6079999602,192,176110.8437500000,186336.2500000000,166032.7031250000,165481.7500000000,132801.3437500000,120996.7187500000,134164.8593750000,149253.2656250000,,,
24.6119999602,192,175734.7968750000,191609.6875000000,165434.4062500000,164602.3281250000,131939.1093750000,120179.2890625000,133254.2031250000,151544.7187500000,,,
24.6159999601,192,175532.0781250000,208005.5468750000,165170.4531250000,164150.6250000000,131541.6562500000,119775.5625000000,132808.6093750000,154177.9843750000,,,
24.6199999603,192,175748.4375000000,212482.0468750000,165524.9375000000,164628.8906250000,132030.9062500000,120224.6718750000,133319.3593750000,153653.7500000000,,,
24.6239999603,192,176105.0156250000,200861.2187500000,166041.5781250000,165405.5156250000,132768.5937500000,120933.5000000000,134112.4531250000,150951.3125000000,,,
24.6279999602,192,176130.8750000000,187190.3437500000,166049.8750000000,165489.8281250000,132815.0625000000,120991.4062500000,134177.8750000000,149392.0312500000,,,
24.6319999602,192,175753.0000000000,191968.1718750000,165456.2656250000,164634.9531250000,131969.8281250000,120199.4609375000,133284.1093750000,151554.7343750000,,,
24.6359999601,192,175519.6718750000,207406.8281250000,165160.9062500000,164156.4218750000,131544.6718750000,119777.7343750000,132805.8125000000,154056.2968750000,,,
24.6399999601,192,175724.3906250000,211874.4531250000,165500.4531250000,164609.5000000000,132007.1093750000,120200.3671875000,133281.7500000000,153585.7968750000,,,
24.6439999603,192,176074.5468750000,201013.8593750000,166009.1250000000,165368.2343750000,132727.0937500000,120894.3125000000,134053.5000000000,151001.2500000000,,,
24.6479999602,192,176085.6562500000,187680.5156250000,166007.2187500000,165442.0000000000,132766.6875000000,120949.7812500000,134115.4062500000,149421.5156250000,,,
24.6519999602,192,175702.7343750000,191876.6718750000,165411.5312500000,164595.1406250000,131928.7812500000,120160.1093750000,133231.4531250000,151455.8281250000,,,
24.6559999601,192,175476.4218750000,206971.4218750000,165117.0468750000,164127.1562500000,131504.7812500000,119737.8203125000,132755.1250000000,153943.3437500000,,,
24.6599999601,192,175679.7187500000,211545.2968750000,165451.8437500000,164576.2343750000,131956.7343750000,120158.4218750000,133220.3281250000,153516.9531250000,,,
24.6639999603,192,176033.6093750000,200909.8750000000,165967.9062500000,165337.0156250000,132678.7656250000,120855.8515625000,133996.3125000000,150970.2500000000,,,
24.6679999602,192,176070.3906250000,187551.5937500000,165994.7968750000,165441.9687500000,132750.4843750000,120937.0156250000,134092.3125000000,149392.4843750000,,,
24.6719999602,192,175702.2343750000,191556.6562500000,165409.5156250000,164613.1406250000,131926.0000000000,120155.7890625000,133217.3281250000,151405.7343750000,,,
24.6759999602,192,175481.6406250000,206671.5000000000,165117.3750000000,164136.2812500000,131501.8593750000,119731.9765625000,132738.9531250000,153913.3281250000,,,
24.6799999601,192,175683.9843750000,211382.1875000000,165450.9843750000,164572.0000000000,131953.3281250000,120150.7500000000,133207.9062500000,153512.8281250000,,,
24.6839999601,192,176042.7343750000,200780.3750000000,165972.2500000000,165332.9687500000,132682.1718750000,120855.1484375000,133993.4218750000,150971.9375000000,,,
24.6879999603,192,176082.9218750000,187345.5625000000,166003.7343750000,165445.8125000000,132758.0781250000,120939.5312500000,134094.9687500000,149377.2031250000,,,
24.6919999602,192,175714.3750000000,191407.6875000000,165417.3437500000,164616.2500000000,131933.5000000000,120165.3984375000,133227.7031250000,151398.0000000000,,,
24.6959999602,192,175497.3906250000,206782.2968750000,165129.2812500000,164146.6250000000,131512.9843750000,119750.1328125000,132757.2187500000,153948.5781250000,,,
24.6999999601,192,175702.3593750000,211649.6875000000,165467.1406250000,164586.3750000000,131969.0937500000,120173.2031250000,133230.0937500000,153566.9218750000,,,
24.7039999601,193,176061.2968750000,201003.5937500000,165990.5156250000,165344.5000000000,132700.9218750000,120877.3359375000,134016.6250000000,151008.7656250000,,,
24.7079999601,193,176094.4218750000,187438.9843750000,166015.1875000000,165446.6406250000,132774.7812500000,120960.8281250000,134114.9218750000,149385.9687500000,,,
24.7119999600,193,175729.0468750000,191441.9687500000,165431.7343750000,164620.5000000000,131955.0000000000,120189.4843750000,133253.0468750000,151406.3750000000,,,
24.7159999600,193,175507.7968750000,206941.6562500000,165135.6718750000,164147.6250000000,131525.1718750000,119765.1562500000,132774.0781250000,153983.7968750000,,,
24.7199999599,193,175711.2656250000,211895.3437500000,165471.7187500000,164591.9218750000,131979.1562500000,120184.7343750000,133247.5468750000,153610.5625000000,,,
24.7239999599,193,176069.6875000000,201217.7656250000,165996.9218750000,165362.6093750000,132714.1093750000,120890.0234375000,134039.8125000000,151039.2656250000,,,
24.7279999601,193,176096.8125000000,187507.8593750000,166017.4218750000,165465.9218750000,132784.1406250000,120976.7890625000,134139.2031250000,149382.1406250000,,,
24.7319999600,193,175711.4218750000,191423.3593750000,165417.2500000000,164612.0937500000,131945.6250000000,120188.7812500000,133255.5468750000,151373.8593750000,,,
24.7359999600,193,175484.0312500000,206987.4062500000,165118.6406250000,164112.7500000000,131509.7500000000,119755.6640625000,132764.0781250000,153961.2656250000,,,
24.7399999599,193,175682.3281250000,212014.7031250000,165450.5312500000,164545.7656250000,131958.0156250000,120172.1796875000,133233.8906250000,153598.3593750000,,,
24.7439999599,193,176035.6562500000,201361.1875000000,165970.6093750000,165304.2656250000,132689.0000000000,120877.2265625000,134028.0937500000,151019.8125000000,,,
24.7479999601,193,176077.4375000000,187544.5937500000,166007.6718750000,165424.4062500000,132776.6875000000,120973.2187500000,134138.3125000000,149344.6093750000,,,
24.7519999600,193,175716.7656250000,191357.9062500000,165427.1875000000,164602.7343750000,131961.3750000000,120207.2109375000,133274.0781250000,151345.0000000000,,,
24.7559999600,193,175493.4531250000,206981.8906250000,165128.2968750000,164126.0312500000,131524.8750000000,119771.7500000000,132786.5781250000,153958.3906250000,,,
24.7599999600,193,175691.8281250000,212120.8906250000,165459.8906250000,164558.5312500000,131969.8281250000,120177.4609375000,133246.8750000000,153610.3750000000,,,
24.7639999599,193,176052.6093750000,201487.7500000000,165986.4375000000,165312.1250000000,132704.5312500000,120886.2421875000,134029.8437500000,151027.5468750000,,,
24.7679999599,193,176100.1562500000,187526.3750000000,166028.3593750000,165441.8437500000,132798.5468750000,120991.7578125000,134146.6250000000,149320.4687500000,,,
24.7719999601,193,175734.8437500000,191223.3125000000,165447.5468750000,164629.1562500000,131981.2812500000,120214.9609375000,133284.5625000000,151299.0625000000,,,
24.7759999600,193,175515.8906250000,207105.8125000000,165148.3593750000,164152.7187500000,131538.8750000000,119771.0859375000,132787.5781250000,153973.9531250000,,,
24.7799999600,193,175708.2656250000,212441.8750000000,165472.4218750000,164574.6875000000,131975.8906250000,120173.8984375000,133238.5312500000,153644.0312500000,,,
24.7839999599,193,176072.7187500000,201501.6250000000,166005.4062500000,165346.0625000000,132723.3906250000,120895.7890625000,134039.7656250000,150984.8593750000,,,
24.7879999599,193,176115.5625000000,187046.7187500000,166043.4531250000,165474.8906250000,132815.9843750000,121000.8750000000,134157.1718750000,149201.8125000000,,,
24.7919999601,193,175741.7656250000,190923.1562500000,165451.3125000000,164632.4531250000,131977.7031250000,120208.8984375000,133270.2656250000,151256.1406250000,,,
24.7959999600,193,175523.2656250000,207389.6406250000,165155.8125000000,164142.5781250000,131533.0781250000,119765.5546875000,132767.2500000000,154034.9375000000,,,
24.7999999600,193,175733.8593750000,212845.7031250000,165500.5312500000,164582.8906250000,131996.8281250000,120184.8125000000,133239.0781250000,153698.0781250000,,,
24.8039999600,193,176107.8593750000,201560.3593750000,166042.2500000000,165386.0468750000,132761.8281250000,120919.8437500000,134056.3906250000,150963.4375000000,,,
24.8079999599,193,176149.5937500000,186740.8125000000,166079.0781250000,165519.6562500000,132855.4375000000,121024.5859375000,134173.0468750000,149132.5781250000,,,
24.8119999599,193,175766.9531250000,190735.2968750000,165477.4062500000,164666.0937500000,131998.9062500000,120214.6640625000,133265.2500000000,151235.7343750000,,,
24.8159999601,193,175516.8593750000,207610.7656250000,165148.2187500000,164138.9843750000,131516.0781250000,119735.1171875000,132724.5156250000,154058.8593750000,,,
24.8199999600,193,175704.9062500000,213129.7031250000,165471.1250000000,164561.1562500000,131962.7187500000,120143.7500000000,133186.2656250000,153682.7968750000,,,
24.8239999600,193,176064.1406250000,201553.3906250000,166001.0781250000,165347.4531250000,132721.5937500000,120875.4843750000,134005.4531250000,150868.4531250000,,,
24.8279999599,193,176100.5625000000,186402.7187500000,166034.1562500000,165474.9687500000,132812.2187500000,120978.6171875000,134121.4687500000,148989.8593750000,,,
24.8319999599,194,175710.8906250000,190495.1718750000,165421.7968750000,164600.9687500000,131939.8125000000,120151.2578125000,133197.5312500000,151136.8437500000,,,
24.8359999598,194,175469.7656250000,207724.8281250000,165099.1406250000,164085.0781250000,131459.6406250000,119671.3046875000,132657.9218750000,154028.0781250000,,,
24.8399999598,194,175670.4531250000,213345.8593750000,165433.4375000000,164537.5625000000,131920.3437500000,120095.3593750000,133131.4062500000,153659.9375000000,,,
24.8439999598,194,176051.3125000000,201617.6093750000,165985.9531250000,165360.6718750000,132705.2031250000,120856.0625000000,133978.2656250000,150823.9062500000,,,
24.8479999597,194,176090.6875000000,186205.8125000000,166023.9375000000,165499.7812500000,132802.1875000000,120961.8515625000,134100.8125000000,148914.6875000000,,,
24.8519999597,194,175705.3906250000,190316.4687500000,165416.7812500000,164626.4687500000,131932.7031250000,120134.9218750000,133180.5781250000,151098.3437500000,,,
24.8559999599,194,175472.6875000000,207761.6250000000,165101.4687500000,164103.2343750000,131457.0625000000,119662.6953125000,132650.1718750000,154047.9531250000,,,
24.8599999598,194,175669.2343750000,213459.6875000000,165430.7656250000,164544.5000000000,131913.5000000000,120088.5781250000,133122.4531250000,153682.7343750000,,,
24.8639999598,194,176056.3125000000,201655.1875000000,165986.7343750000,165359.3593750000,132705.3125000000,120859.3125000000,133973.8593750000,150827.1250000000,,,
24.8679999597,194,176127.3125000000,186110.1406250000,166056.2343750000,165531.5000000000,132836.0781250000,120998.7265625000,134131.0468750000,148921.8125000000,,,
24.8719999597,194,175747.7187500000,190208.8281250000,165453.9062500000,164655.5312500000,131969.8750000000,120172.0703125000,133211.7656250000,151124.8281250000,,,
24.8759999599,194,175489.7500000000,207818.7656250000,165113.1875000000,164102.3750000000,131467.7968750000,119670.0156250000,132648.8750000000,154091.0312500000,,,
24.8799999598,194,175692.3125000000,213605.2812500000,165451.1718750000,164549.5468750000,131935.4375000000,120105.5546875000,133133.2343750000,153732.9531250000,,,
24.8839999598,194,176080.7968750000,201742.4375000000,166012.8281250000,165378.1093750000,132733.9843750000,120875.9687500000,133993.0937500000,150857.9218750000,,,
24.8879999598,194,176133.1875000000,186105.0156250000,166063.2500000000,165530.3750000000,132846.4531250000,120996.9843750000,134132.4375000000,148917.6406250000,,,
24.8919999597,194,175736.6406250000,190124.5156250000,165442.3281250000,164642.1406250000,131961.4218750000,120160.3281250000,133197.1562500000,151097.9531250000,,,
24.8959999597,194,175476.8750000000,207794.2500000000,165098.8906250000,164083.0625000000,131451.6250000000,119657.6484375000,132627.6875000000,154078.2500000000,,,
24.8999999599,194,175678.3593750000,213647.5781250000,165433.3593750000,164529.9687500000,131913.3125000000,120087.1796875000,133106.8906250000,153727.8593750000,,,
24.9039999598,194,176064.4062500000,201806.5625000000,165991.0156250000,165356.1718750000,132708.3750000000,120855.3125000000,133963.4531250000,150848.5625000000,,,
24.9079999598,194,176124.3593750000,186124.8593750000,166052.4375000000,165518.7656250000,132832.8281250000,120986.8984375000,134113.6562500000,148900.2500000000,,,
24.9119999597,194,175734.9062500000,190027.1562500000,165442.0468750000,164651.1562500000,131956.8750000000,120154.4218750000,133189.5000000000,151065.8125000000,,,
24.9159999597,194,175470.4062500000,207692.0781250000,165092.6093750000,164092.2656250000,131438.7812500000,119641.0468750000,132616.3750000000,154051.5156250000,,,
24.9199999599,194,175657.4687500000,213628.1562500000,165413.4687500000,164527.0937500000,131886.4687500000,120058.9375000000,133082.1562500000,153710.4218750000,,,
24.9239999598,194,176036.5468750000,201888.3437500000,165963.9843750000,165359.9062500000,132676.9843750000,120822.3515625000,133933.8750000000,150839.0625000000,,,
24.9279999598,194,176089.3281250000,186221.3125000000,166016.8750000000,165531.5937500000,132794.8750000000,120949.2968750000,134081.5625000000,148874.7968750000,,,
24.9319999598,194,175704.9687500000,189959.1093750000,165412.8750000000,164663.0937500000,131926.1562500000,120126.8515625000,133166.1406250000,151009.4843750000,,,
24.9359999597,194,175446.5156250000,207531.2031250000,165069.2500000000,164093.1250000000,131413.6718750000,119623.9375000000,132596.9843750000,154002.6250000000,,,
24.9399999597,194,175634.2968750000,213557.9687500000,165390.9062500000,164532.9218750000,131861.7031250000,120040.1093750000,133060.9687500000,153692.2343750000,,,
24.9439999599,194,176018.8437500000,202030.3750000000,165946.7187500000,165371.4531250000,132656.3906250000,120806.5781250000,133916.8437500000,150858.2656250000,,,
24.9479999598,194,176080.8750000000,186433.9062500000,166013.4531250000,165537.4843750000,132790.4531250000,120948.8125000000,134079.5468750000,148895.0000000000,,,
24.9519999598,194,175700.5625000000,189940.3906250000,165416.0312500000,164669.2343750000,131931.6093750000,120136.4765625000,133170.5937500000,150984.5781250000,,,
24.9559999597,194,175447.0781250000,207306.5156250000,165073.9687500000,164107.2812500000,131420.2343750000,119629.4921875000,132600.3593750000,153963.2968750000,,,
24.9599999597,195,175629.4843750000,213418.0312500000,165387.3125000000,164530.7187500000,131857.2187500000,120030.2343750000,133052.0625000000,153683.8593750000,,,
24.9639999596,195,176006.9062500000,202256.9687500000,165935.0156250000,165344.6562500000,132641.3125000000,120785.4687500000,133895.1406250000,150905.1562500000,,,
24.9679999596,195,176083.4531250000,186787.4218750000,166016.0468750000,165528.5000000000,132792.1875000000,120943.9843750000,134072.4843750000,148938.7656250000,,,
24.9719999596,195,175718.8906250000,189973.8906250000,165432.8593750000,164674.8125000000,131952.2031250000,120153.6484375000,133186.6562500000,150965.1562500000,,,
24.9759999595,195,175469.9218750000,206974.2968750000,165094.3906250000,164113.4218750000,131443.9843750000,119652.5000000000,132620.5000000000,153913.5468750000,,,
24.9799999595,195,175655.0468750000,213161.7187500000,165406.3750000000,164523.8593750000,131872.1875000000,120045.7968750000,133062.5000000000,153683.8906250000,,,
24.9839999597,195,176027.5312500000,202495.0937500000,165946.3906250000,165332.2656250000,132641.0468750000,120785.3593750000,133889.7968750000,150988.5625000000,,,
24.9879999596,195,176103.5625000000,187329.2343750000,166031.9531250000,165526.2500000000,132797.1562500000,120949.8906250000,134071.0156250000,149034.2343750000,,,
24.9919999596,195,175744.0781250000,190119.8906250000,165459.9218750000,164698.1093750000,131978.9218750000,120178.5078125000,133207.4531250000,150962.9218750000,,,
24.9959999595,195,175483.4375000000,206557.8906250000,165106.5156250000,164130.7031250000,131460.2812500000,119669.5625000000,132633.0781250000,153837.2031250000,,,
24.9999999595,195,175651.4062500000,212764.8593750000,165399.2500000000,164525.7656250000,131863.6875000000,120041.5000000000,133048.4218750000,153648.2968750000,,,
25.0039999597,195,176023.9375000000,202656.0781250000,165939.8125000000,165323.3125000000,132624.4218750000,120775.3281250000,133866.9218750000,151054.7968750000,,,
25.0079999596,195,176096.8125000000,188157.3593750000,166021.2812500000,165517.7968750000,132776.4531250000,120939.0234375000,134047.2031250000,149161.6406250000,,,
25.0119999596,195,175734.3593750000,190577.3906250000,165454.9531250000,164718.8437500000,131976.3125000000,120185.0000000000,133204.9843750000,150962.2343750000,,,
25.0159999595,195,175457.2968750000,205996.2500000000,165086.8281250000,164141.1250000000,131448.1406250000,119666.1562500000,132620.5312500000,153695.6875000000,,,
25.0199999595,195,175611.6718750000,212014.4843750000,165359.2343750000,164502.8750000000,131825.5781250000,120008.8593750000,133007.4062500000,153535.9687500000,,,
25.0239999595,195,175972.5468750000,202524.1875000000,165886.7343750000,165270.5312500000,132564.9531250000,120714.1171875000,133800.7812500000,151049.9843750000,,,
25.0279999597,195,176049.8125000000,188540.8906250000,165980.0000000000,165457.4843750000,132728.2187500000,120880.8203125000,133996.3750000000,149193.9218750000,,,
25.0319999596,195,175705.0156250000,190503.0156250000,165430.1406250000,164677.8593750000,131955.8750000000,120155.2265625000,133185.8593750000,150898.4218750000,,,
25.0359999596,195,175438.9687500000,205438.7812500000,165070.5156250000,164118.9218750000,131438.2343750000,119646.3593750000,132612.9375000000,153591.2812500000,,,
25.0399999595,195,175591.2343750000,211482.0156250000,165342.4375000000,164482.7031250000,131811.3906250000,119986.8671875000,132993.3593750000,153468.7187500000,,,
25.0439999595,195,175957.9218750000,202329.4062500000,165875.3906250000,165246.7031250000,132551.0625000000,120696.0156250000,133785.0625000000,151040.4687500000,,,
25.0479999597,195,176058.4218750000,188556.0000000000,165987.8906250000,165458.3281250000,132734.0937500000,120886.7734375000,133995.9062500000,149209.2656250000,,,
25.0519999596,195,175725.1875000000,190359.0781250000,165448.9687500000,164697.7656250000,131977.7343750000,120180.7890625000,133203.0781250000,150887.1718750000,,,
25.0559999596,195,175469.5000000000,205218.4687500000,165095.3281250000,164138.4687500000,131466.1093750000,119680.9375000000,132638.6406250000,153594.0625000000,,,
25.0599999595,195,175633.4843750000,211403.7500000000,165375.4843750000,164505.4843750000,131844.4062500000,120028.3593750000,133025.1406250000,153510.2187500000,,,
25.0639999595,195,175989.2500000000,202373.9375000000,165897.8750000000,165268.8437500000,132571.2031250000,120729.8906250000,133806.5000000000,151088.2656250000,,,
25.0679999595,195,176064.3593750000,188509.7187500000,165989.5156250000,165466.6718750000,132736.8906250000,120901.7968750000,134004.9218750000,149211.0156250000,,,
25.0719999596,195,175718.0000000000,190166.6093750000,165436.4687500000,164700.6093750000,131969.8593750000,120183.2578125000,133201.1718750000,150855.3125000000,,,
25.0759999596,195,175456.2187500000,205120.2968750000,165075.8281250000,164135.5468750000,131449.9375000000,119675.6796875000,132626.2968750000,153582.0468750000,,,
25.0799999596,195,175609.5937500000,211472.7343750000,165348.0468750000,164488.6093750000,131817.8437500000,120011.2500000000,133003.7343750000,153515.0937500000,,,
25.0839999595,195,175970.4531250000,202532.6406250000,165877.8125000000,165258.6718750000,132550.8750000000,120712.4843750000,133794.0781250000,151097.7812500000,,,
25.0879999595,196,176053.8906250000,188579.9531250000,165977.9062500000,165466.5937500000,132725.2968750000,120895.1953125000,134000.6406250000,149200.9218750000,,,
25.0919999594,196,175711.4062500000,190181.1406250000,165431.6406250000,164707.5000000000,131962.0468750000,120176.9531250000,133199.3437500000,150833.6093750000,,,
25.0959999594,196,175450.7187500000,205236.3906250000,165070.6250000000,164135.4687500000,131439.4375000000,119666.9062500000,132623.0781250000,153582.5000000000,,,
25.0999999593,196,175600.9218750000,211720.0312500000,165338.2500000000,164476.8281250000,131800.9843750000,120001.0859375000,132993.0312500000,153540.5625000000,,,
25.1039999593,196,175956.5312500000,202891.4062500000,165864.7968750000,165237.4843750000,132530.1718750000,120702.6171875000,133775.1093750000,151133.4843750000,,,
25.1079999593,196,176041.5625000000,188771.9062500000,165970.9531250000,165461.0781250000,132715.2031250000,120891.2031250000,133992.0156250000,149190.1406250000,,,
25.1119999595,196,175709.7187500000,190227.3125000000,165434.9531250000,164701.9531250000,131965.2187500000,120183.4453125000,133203.9062500000,150815.4375000000,,,
25.1159999594,196,175459.8437500000,205285.6093750000,165084.9218750000,164141.5312500000,131452.7812500000,119678.7578125000,132635.3593750000,153590.6093750000,,,
25.1199999594,196,175612.3281250000,211828.1250000000,165352.7031250000,164488.8281250000,131813.3906250000,120009.1328125000,133002.8750000000,153564.1562500000,,,
25.1239999593,196,175958.2187500000,203028.2500000000,165867.5000000000,165229.6250000000,132532.4375000000,120697.2500000000,133775.5156250000,151148.6406250000,,,
25.1279999593,196,176037.9375000000,188923.2656250000,165969.9687500000,165450.6406250000,132716.1562500000,120885.0546875000,133992.5625000000,149199.9843750000,,,
25.1319999595,196,175703.3906250000,190258.4687500000,165433.7343750000,164702.3593750000,131968.4375000000,120185.5625000000,133210.6718750000,150799.9531250000,,,
25.1359999594,196,175447.2812500000,205262.9687500000,165074.1093750000,164131.8437500000,131444.8593750000,119673.3203125000,132632.4062500000,153571.2187500000,,,
25.1399999594,196,175599.7500000000,211858.6562500000,165341.8281250000,164477.0468750000,131804.8750000000,120001.9140625000,132999.4687500000,153561.6093750000,,,
25.1439999593,196,175969.1406250000,203081.0937500000,165879.9062500000,165253.0156250000,132548.1875000000,120714.2578125000,133794.9375000000,151170.4687500000,,,
25.1479999593,196,176057.9687500000,188924.0781250000,165991.1250000000,165487.8437500000,132739.6250000000,120911.9062500000,134019.0625000000,149216.3750000000,,,
25.1519999593,196,175713.7968750000,190042.9531250000,165445.7500000000,164725.2031250000,131984.0937500000,120203.2421875000,133229.8750000000,150773.1250000000,,,
25.1559999594,196,175429.0781250000,205176.9218750000,165055.6250000000,164104.2500000000,131425.6093750000,119656.0937500000,132617.2343750000,153559.1718750000,,,
25.1599999594,196,175578.7343750000,211997.3750000000,165317.6875000000,164441.7500000000,131779.6093750000,119979.8125000000,132979.7343750000,153573.7812500000,,,
25.1639999594,196,175951.7343750000,203003.7656250000,165861.5000000000,165230.0468750000,132535.0156250000,120703.8203125000,133791.9843750000,151127.4218750000,,,
25.1679999593,196,176055.9843750000,188387.5468750000,165990.0312500000,165480.1093750000,132748.6562500000,120920.7890625000,134038.5937500000,149122.0156250000,,,
25.1719999593,196,175719.5781250000,189653.0781250000,165450.0000000000,164717.9375000000,131989.7500000000,120211.7968750000,133246.3437500000,150748.0781250000,,,
25.1759999595,196,175445.2812500000,205459.3593750000,165069.6250000000,164118.2031250000,131433.2812500000,119664.8125000000,132632.8125000000,153649.4062500000,,,
25.1799999594,196,175598.0312500000,212499.5156250000,165338.8437500000,164454.8906250000,131799.5625000000,119998.2656250000,133007.5156250000,153662.3593750000,,,
25.1839999594,196,175973.7187500000,203212.4375000000,165885.4843750000,165242.6250000000,132566.0781250000,120737.9375000000,133830.1562500000,151147.3281250000,,,
25.1879999593,196,176090.1093750000,188170.1875000000,166026.4843750000,165508.8750000000,132794.5468750000,120968.5546875000,134089.7031250000,149094.2500000000,,,
25.1919999593,196,175750.0781250000,189481.0312500000,165481.5156250000,164731.7500000000,132024.4687500000,120245.0859375000,133281.5312500000,150762.7031250000,,,
25.1959999593,196,175465.4687500000,205699.6875000000,165090.9062500000,164099.1562500000,131452.9687500000,119685.2265625000,132654.8906250000,153726.6406250000,,,
25.1999999594,196,175614.2812500000,212888.4062500000,165356.2812500000,164450.8906250000,131819.4062500000,120021.1953125000,133031.7968750000,153736.1718750000,,,
25.2039999594,196,175984.2656250000,203306.7187500000,165897.0156250000,165254.9687500000,132585.4687500000,120758.9140625000,133855.9531250000,151151.2968750000,,,
25.2079999594,196,176075.7500000000,187794.8125000000,166012.5625000000,165508.2500000000,132789.0468750000,120967.0000000000,134093.7343750000,149013.4375000000,,,
25.2119999593,196,175695.2031250000,189159.0156250000,165427.9218750000,164680.5000000000,131969.4687500000,120191.4375000000,133234.9375000000,150684.3750000000,,,
25.2159999593,197,175386.3437500000,205901.3125000000,165012.0625000000,164017.1250000000,131365.8125000000,119600.6250000000,132572.6718750000,153708.0000000000,,,
25.2199999592,197,175544.8593750000,213203.7500000000,165291.0000000000,164393.1718750000,131744.7343750000,119944.7578125000,132957.1406250000,153703.6875000000,,,
25.2239999592,197,175923.1875000000,203229.9062500000,165842.5937500000,165214.0625000000,132525.3125000000,120697.2265625000,133794.5781250000,151047.3281250000,,,
25.2279999591,197,176028.4687500000,187357.8281250000,165973.4843750000,165462.8750000000,132746.0781250000,120925.6093750000,134053.9218750000,148888.3437500000,,,
25.2319999591,197,175685.2187500000,188834.2187500000,165420.3593750000,164678.4843750000,131956.0156250000,120181.7031250000,133225.9843750000,150646.9531250000,,,
25.2359999591,197,175419.5312500000,205953.2031250000,165044.6093750000,164074.4531250000,131389.9843750000,119624.4218750000,132597.5625000000,153778.4687500000,,,
25.2399999592,197,175614.7968750000,213393.9218750000,165360.1718750000,164468.1406250000,131811.8125000000,120006.6875000000,133024.0468750000,153812.1875000000,,,
25.2439999592,197,176028.8125000000,203300.9531250000,165953.6562500000,165313.5781250000,132637.4531250000,120795.0703125000,133912.0156250000,151149.7656250000,,,
25.2479999592,197,176156.1406250000,187295.2500000000,166103.4062500000,165592.3437500000,132877.5937500000,121037.0078125000,134187.2656250000,148989.1718750000,,,
25.2519999591,197,175816.5468750000,188785.1875000000,165549.2031250000,164812.2656250000,132085.9375000000,120296.6328125000,133354.9375000000,150767.6093750000,,,
25.2559999591,197,175534.9375000000,206091.1562500000,165154.5156250000,164182.9375000000,131501.0625000000,119724.2500000000,132710.5937500000,153922.3750000000,,,
25.2599999593,197,175678.1718750000,213636.6093750000,165415.7656250000,164536.9218750000,131867.7968750000,120056.5781250000,133084.7656250000,153919.3125000000,,,
25.2639999592,197,176053.4687500000,203532.0312500000,165965.6718750000,165346.8593750000,132651.1562500000,120815.5390625000,133931.3750000000,151212.3437500000,,,
25.2679999592,197,176146.0000000000,187362.6562500000,166082.4375000000,165587.6718750000,132860.1562500000,121029.0625000000,134176.2968750000,148986.0781250000,,,
25.2719999591,197,175766.4218750000,188717.5156250000,165493.7968750000,164760.4531250000,132031.6250000000,120241.0312500000,133306.7656250000,150702.9062500000,,,
25.2759999591,197,175450.1093750000,206070.1562500000,165065.7968750000,164092.0468750000,131408.7656250000,119626.5156250000,132621.8750000000,153836.6718750000,,,
25.2799999590,197,175603.6562500000,213681.6406250000,165337.5312500000,164450.0468750000,131786.3593750000,119971.8437500000,133004.7031250000,153848.5468750000,,,
25.2839999592,197,176002.3906250000,203620.5468750000,165911.7656250000,165294.6718750000,132594.9687500000,120746.3359375000,133872.7968750000,151159.4843750000,,,
25.2879999592,197,176112.6406250000,187361.0625000000,166049.2500000000,165558.6718750000,132826.9531250000,120978.8515625000,134141.5000000000,148925.5937500000,,,
25.2919999592,197,175750.9375000000,188596.2812500000,165476.6562500000,164739.7500000000,132014.9687500000,120218.5546875000,133288.9843750000,150645.6406250000,,,
25.2959999591,197,175452.3281250000,205954.3281250000,165064.1875000000,164083.1093750000,131404.7656250000,119622.5390625000,132618.0625000000,153814.0625000000,,,
25.2999999591,197,175594.6250000000,213676.2187500000,165325.8906250000,164427.5937500000,131768.6093750000,119960.4218750000,132990.7500000000,153849.6875000000,,,
25.3039999593,197,175986.1718750000,203754.9218750000,165897.1406250000,165260.9843750000,132573.7812500000,120737.6718750000,133856.6718750000,151177.9062500000,,,
25.3079999592,197,176105.0937500000,187468.9218750000,166046.2968750000,165547.7812500000,132821.4218750000,120990.0156250000,134140.8906250000,148933.8593750000,,,
25.3119999592,197,175757.4843750000,188565.8437500000,165488.5625000000,164762.3750000000,132026.5468750000,120242.2656250000,133306.1562500000,150639.9843750000,,,
25.3159999591,197,175464.0781250000,205886.0781250000,165078.2187500000,164103.8437500000,131418.7968750000,119646.2031250000,132634.6093750000,153819.8750000000,,,
25.3199999591,197,175607.0937500000,213708.3281250000,165337.0000000000,164440.4687500000,131779.9218750000,119973.8593750000,133004.2187500000,153877.0937500000,,,
25.3239999590,197,175983.4062500000,203945.0937500000,165892.2656250000,165263.9062500000,132569.0781250000,120729.0078125000,133854.4843750000,151207.4687500000,,,
25.3279999592,197,176095.7656250000,187612.1250000000,166039.4062500000,165553.5468750000,132813.6406250000,120979.0390625000,134137.6718750000,148928.7343750000,,,
25.3319999592,197,175747.8593750000,188524.1250000000,165481.7500000000,164772.0625000000,132019.3125000000,120234.4062500000,133305.5625000000,150597.7187500000,,,
25.3359999591,197,175450.4218750000,205751.1875000000,165064.1875000000,164094.7812500000,131404.6093750000,119638.6328125000,132631.3125000000,153771.8125000000,,,
25.3399999591,197,175591.3281250000,213609.6562500000,165320.9531250000,164427.1093750000,131763.6406250000,119971.4140625000,133000.3593750000,153847.9062500000,,,
25.3439999591,198,175969.1875000000,203932.8906250000,165876.9218750000,165250.8437500000,132554.4687500000,120734.9062500000,133852.2187500000,151204.6250000000,,,
25.3479999590,198,176084.0937500000,187709.8906250000,166024.5000000000,165534.5156250000,132803.9062500000,120991.1093750000,134143.2187500000,148941.4218750000,,,
25.3519999590,198,175752.1718750000,188481.7031250000,165484.7031250000,164766.0781250000,132030.5156250000,120267.3437500000,133335.2812500000,150584.0156250000,,,
25.3559999589,198,175477.6718750000,205582.0468750000,165090.4218750000,164116.1093750000,131436.9218750000,119688.4687500000,132680.6093750000,153768.9218750000,,,
25.3599999589,198,175619.4375000000,213508.2343750000,165346.5937500000,164451.1718750000,131792.4843750000,120015.9140625000,133043.8906250000,153876.6562500000,,,
25.3639999588,198,175990.3281250000,204000.6875000000,165894.5156250000,165258.5312500000,132571.4375000000,120764.2812500000,133886.3906250000,151255.7656250000,,,
25.3679999590,198,176112.3125000000,187912.2343750000,166051.5312500000,165553.9062500000,132827.7343750000,121021.2343750000,134184.4375000000,149002.7343750000,,,
25.3719999590,198,175785.7343750000,188514.0937500000,165519.4375000000,164796.3437500000,132064.6093750000,120306.8281250000,133384.6875000000,150607.2031250000,,,
25.3759999590,198,175495.5156250000,205427.2187500000,165107.1250000000,164135.6562500000,131454.5781250000,119709.6640625000,132708.9687500000,153760.1718750000,,,
25.3799999589,198,175630.6718750000,213411.0625000000,165358.7968750000,164465.7500000000,131805.5937500000,120030.0234375000,133066.5781250000,153888.7031250000,,,
25.3839999589,198,176004.1093750000,204118.0937500000,165914.5312500000,165270.7187500000,132591.9687500000,120787.9375000000,133921.1250000000,151308.9375000000,,,
25.3879999591,198,176115.0000000000,188216.2656250000,166061.7187500000,165546.1718750000,132840.5000000000,121044.1406250000,134215.3750000000,149064.3437500000,,,
25.3919999590,198,175773.2031250000,188613.3125000000,165514.3125000000,164777.1562500000,132071.8281250000,120327.1328125000,133414.1718750000,150597.3593750000,,,
25.3959999590,198,175476.9531250000,205152.8125000000,165096.5312500000,164113.0468750000,131457.7968750000,119725.4843750000,132741.3281250000,153692.5625000000,,,
25.3999999589,198,175604.9531250000,213075.6250000000,165336.2656250000,164423.6718750000,131792.6875000000,120026.1328125000,133080.9375000000,153837.2031250000,,,
25.4039999589,198,175977.5781250000,204262.9062500000,165883.6875000000,165224.1718750000,132562.6250000000,120765.0859375000,133904.6406250000,151352.7031250000,,,
25.4079999588,198,176108.4531250000,188953.6875000000,166051.3125000000,165533.1718750000,132827.5625000000,121034.7812500000,134207.7500000000,149179.1562500000,,,
25.4119999590,198,175792.5156250000,189063.7968750000,165536.0937500000,164804.4375000000,132100.3125000000,120357.8671875000,133450.6718750000,150626.2031250000,,,
25.4159999590,198,175516.1875000000,204704.6093750000,165138.9687500000,164160.8125000000,131513.9375000000,119786.5078125000,132810.1562500000,153619.6250000000,,,
25.4199999589,198,175645.2656250000,212481.5625000000,165379.7812500000,164459.4218750000,131839.5156250000,120071.3593750000,133138.6562500000,153815.9843750000,,,
25.4239999589,198,176000.2968750000,204431.2343750000,165909.2343750000,165222.9218750000,132576.6718750000,120776.1640625000,133924.9375000000,151460.3125000000,,,
25.4279999589,198,176116.6093750000,189753.3281250000,166063.7031250000,165515.4062500000,132829.2656250000,121042.6640625000,134215.8750000000,149320.5312500000,,,
25.4319999591,198,175800.8281250000,189438.7343750000,165549.7968750000,164808.5781250000,132117.4843750000,120381.9296875000,133477.0156250000,150641.1718750000,,,
25.4359999590,198,175502.9687500000,204336.3906250000,165125.3593750000,164163.3593750000,131508.5312500000,119779.9062500000,132811.7656250000,153520.1718750000,,,
25.4399999590,198,175593.3593750000,212032.3750000000,165316.9843750000,164422.5937500000,131779.3125000000,120010.2031250000,133084.3593750000,153713.4218750000,,,
25.4439999589,198,175935.7187500000,204454.7968750000,165826.3281250000,165159.7812500000,132490.5468750000,120692.5000000000,133842.2187500000,151424.6093750000,,,
25.4479999589,198,176055.2656250000,189886.5625000000,165990.6250000000,165455.9218750000,132757.0468750000,120964.1015625000,134141.0937500000,149255.8125000000,,,
25.4519999588,198,175747.4531250000,189306.5312500000,165489.7656250000,164762.3281250000,132060.2343750000,120311.0625000000,133409.0937500000,150529.7187500000,,,
25.4559999590,198,175464.8281250000,203905.5468750000,165081.7500000000,164125.1718750000,131465.5625000000,119731.4140625000,132754.2343750000,153401.9375000000,,,
25.4599999590,198,175589.5781250000,211691.4375000000,165310.2812500000,164401.7656250000,131766.7343750000,120001.5625000000,133057.1406250000,153675.3125000000,,,
25.4639999589,198,175951.0000000000,204567.6875000000,165842.5625000000,165155.6406250000,132496.8593750000,120702.5625000000,133836.2343750000,151482.1718750000,,,
25.4679999589,198,176088.6093750000,190111.9375000000,166031.5312500000,165484.8906250000,132794.6562500000,120998.6796875000,134170.1250000000,149308.7031250000,,,
25.4719999589,199,175788.2187500000,189338.6093750000,165540.8125000000,164802.4843750000,132112.2968750000,120357.5468750000,133459.5000000000,150551.5468750000,,,
25.4759999588,199,175500.6406250000,203807.0625000000,165123.7343750000,164149.1718750000,131510.6093750000,119773.4140625000,132798.7812500000,153424.5000000000,,,
25.4799999588,199,175612.3281250000,211668.5312500000,165332.2968750000,164419.0000000000,131793.7968750000,120032.3046875000,133080.5000000000,153714.5468750000,,,
25.4839999587,199,175961.4062500000,204600.6250000000,165849.5625000000,165167.9375000000,132510.0468750000,120714.8984375000,133846.2187500000,151509.9687500000,,,
25.4879999587,199,176097.0468750000,190109.3437500000,166036.7500000000,165494.7656250000,132805.9843750000,121002.7031250000,134181.2031250000,149317.7343750000,,,
25.4919999586,199,175792.0312500000,189231.9062500000,165541.5156250000,164807.5468750000,132119.0937500000,120358.2421875000,133464.7031250000,150540.9843750000,,,
25.4959999588,199,175499.4531250000,203776.7343750000,165119.0937500000,164153.3593750000,131508.6406250000,119763.0625000000,132791.3906250000,153430.7187500000,,,
25.4999999588,199,175610.3125000000,211699.5468750000,165329.2343750000,164425.1250000000,131790.7343750000,120014.3046875000,133071.9218750000,153720.9843750000,,,
25.5039999587,199,175968.7343750000,204361.8281250000,165859.6718750000,165185.5781250000,132519.8593750000,120711.5156250000,133852.4687500000,151474.9843750000,,,
25.5079999587,199,176106.5937500000,189935.0468750000,166044.6718750000,165502.2968750000,132807.2656250000,121002.7500000000,134182.1093750000,149322.2187500000,,,
25.5119999587,199,175800.0781250000,189057.1406250000,165550.7343750000,164825.8125000000,132124.3750000000,120371.5781250000,133474.6562500000,150536.2187500000,,,
25.5159999589,199,175504.8125000000,203705.1718750000,165125.8281250000,164170.4218750000,131509.6718750000,119773.3593750000,132797.8281250000,153442.4687500000,,,
25.5199999588,199,175612.3750000000,211777.8906250000,165332.8125000000,164417.5625000000,131790.1406250000,120022.0546875000,133073.4218750000,153749.6875000000,,,
25.5239999588,199,175961.4687500000,204201.7187500000,165853.6406250000,165176.1875000000,132519.2500000000,120725.7109375000,133858.1562500000,151452.5312500000,,,
25.5279999587,199,176099.7031250000,189397.2187500000,166037.1093750000,165506.7187500000,132808.1250000000,121013.6171875000,134187.6093750000,149256.7500000000,,,
25.5319999587,199,175777.6875000000,188471.1093750000,165524.9843750000,164804.1718750000,132103.6093750000,120347.9453125000,133451.6093750000,150470.1718750000,,,
25.5359999586,199,175453.9687500000,203848.5312500000,165066.7343750000,164098.5937500000,131446.8281250000,119707.1953125000,132735.2812500000,153467.2812500000,,,
25.5399999588,199,175558.8125000000,212357.4687500000,165275.7500000000,164350.2031250000,131728.8750000000,119959.4843750000,133020.1718750000,153787.6875000000,,,
25.5439999588,199,175925.0937500000,204443.9843750000,165820.5937500000,165130.1718750000,132485.4062500000,120682.6875000000,133834.2343750000,151402.2656250000,,,
25.5479999587,199,176064.8125000000,189134.3593750000,166005.7187500000,165465.8125000000,132777.4062500000,120977.1640625000,134166.4218750000,149139.5312500000,,,
25.5519999587,199,175746.1406250000,188266.0156250000,165497.5156250000,164768.1562500000,132072.4687500000,120317.0468750000,133430.5625000000,150403.9062500000,,,
25.5559999587,199,175443.6875000000,204092.5000000000,165059.6250000000,164083.3281250000,131433.6562500000,119697.8593750000,132728.5625000000,153498.4375000000,,,
25.5599999588,199,175563.9062500000,212779.2656250000,165283.1406250000,164358.3593750000,131733.4375000000,119969.2421875000,133028.5468750000,153843.8281250000,,,
25.5639999588,199,175943.5156250000,204814.3125000000,165840.8437500000,165168.2812500000,132506.3750000000,120708.3281250000,133853.4531250000,151450.4375000000,,,
25.5679999588,199,176086.0781250000,189118.5312500000,166030.5312500000,165509.0312500000,132807.6875000000,121008.0937500000,134192.7812500000,149116.4687500000,,,
25.5719999587,199,175758.7656250000,188092.3281250000,165508.2500000000,164794.1093750000,132084.8906250000,120330.0000000000,133436.8906250000,150376.7500000000,,,
25.5759999587,199,175439.9062500000,204164.7968750000,165053.5937500000,164081.7968750000,131421.8281250000,119683.7500000000,132710.0937500000,153517.0312500000,,,
25.5799999586,199,175561.6875000000,213006.1875000000,165279.4531250000,164355.6250000000,131724.7500000000,119955.0546875000,133013.3437500000,153878.7031250000,,,
25.5839999588,199,175951.2656250000,204959.0468750000,165848.1406250000,165177.7968750000,132512.8906250000,120707.8437500000,133859.2500000000,151463.1875000000,,,
25.5879999588,199,176108.6406250000,188956.0781250000,166060.6562500000,165530.2968750000,132840.8750000000,121034.6718750000,134231.4687500000,149089.4843750000,,,
25.5919999587,199,175782.9687500000,187849.6093750000,165543.4218750000,164816.2968750000,132119.1718750000,120362.1328125000,133480.1718750000,150363.0000000000,,,
25.5959999587,199,175470.1406250000,204074.7500000000,165092.0312500000,164114.7968750000,131454.7656250000,119718.8906250000,132751.9531250000,153550.2968750000,,,
25.5999999586,200,175597.1093750000,213002.9062500000,165320.4375000000,164398.2656250000,131759.7343750000,119990.8125000000,133054.2656250000,153927.3593750000,,,
25.6039999586,200,175961.8125000000,204943.4687500000,165860.0781250000,165183.1406250000,132522.0937500000,120723.8593750000,133876.4687500000,151481.3750000000,,,
25.6079999586,200,176097.1875000000,188851.5781250000,166043.4843750000,165527.1093750000,132826.4218750000,121032.4687500000,134224.5937500000,149067.3593750000,,,
25.6119999585,200,175789.5312500000,187672.3906250000,165542.0000000000,164833.7343750000,132119.1718750000,120369.6718750000,133479.4062500000,150348.2500000000,,,
25.6159999585,200,175488.8281250000,204036.6875000000,165105.2500000000,164122.1093750000,131466.3281250000,119733.0781250000,132760.6406250000,153582.1562500000,,,
25.6199999584,200,175616.6093750000,213116.5781250000,165337.1250000000,164397.8750000000,131778.2656250000,120013.6875000000,133079.3281250000,153980.6562500000,,,
25.6239999586,200,176005.1875000000,205040.6718750000,165903.3437500000,165211.3906250000,132568.8437500000,120769.3750000000,133925.3750000000,151540.3750000000,,,
25.6279999586,200,176172.2031250000,188840.5000000000,166118.7187500000,165590.0000000000,132903.0781250000,121103.6562500000,134294.2031250000,149130.4062500000,,,
25.6319999585,200,175866.6718750000,187611.0312500000,165619.9062500000,164897.0781250000,132197.5156250000,120440.3984375000,133556.3750000000,150407.2812500000,,,
25.6359999585,200,175550.7968750000,204159.3437500000,165163.9843750000,164169.4218750000,131522.5156250000,119778.7812500000,132818.0468750000,153659.0312500000,,,
25.6399999585,200,175650.1093750000,213375.4218750000,165366.3593750000,164420.9843750000,131801.5468750000,120026.0234375000,133092.7343750000,154039.8750000000,,,
25.6439999586,200,176014.9687500000,205200.9062500000,165911.1718750000,165224.5312500000,132572.0937500000,120771.9218750000,133922.3437500000,151549.7187500000,,,
25.6479999586,200,176165.7187500000,188803.0000000000,166112.8750000000,165599.3593750000,132894.2187500000,121101.4843750000,134292.1562500000,149094.4687500000,,,
25.6519999586,200,175836.3593750000,187484.5781250000,165588.5312500000,164881.5468750000,132162.7343750000,120423.3984375000,133531.6718750000,150351.3750000000,,,
25.6559999585,200,175503.4218750000,204183.7500000000,165113.5937500000,164138.2343750000,131465.8593750000,119746.1093750000,132768.9062500000,153622.8437500000,,,
25.6599999585,200,175613.7500000000,213518.3281250000,165327.3125000000,164401.3906250000,131758.4375000000,120004.6796875000,133055.5781250000,154028.6562500000,,,
25.6639999584,200,176005.3437500000,205311.4843750000,165900.9062500000,165221.8437500000,132560.7187500000,120770.6640625000,133911.7500000000,151549.7187500000,,,
25.6679999586,200,176157.3437500000,188764.5937500000,166111.3750000000,165582.4375000000,132892.9843750000,121096.0703125000,134285.3437500000,149068.4218750000,,,
25.6719999586,200,175827.5937500000,187354.5312500000,165588.7187500000,164860.0937500000,132164.6875000000,120404.8593750000,133522.1562500000,150314.6093750000,,,
25.6759999585,200,175478.7187500000,204161.0000000000,165092.4062500000,164102.5937500000,131446.3125000000,119707.7031250000,132732.9375000000,153604.0468750000,,,
25.6799999585,200,175576.2500000000,213586.8750000000,165290.0000000000,164369.0937500000,131722.4375000000,119957.2031250000,133004.6250000000,154012.0000000000,,,
25.6839999584,200,175958.1875000000,205397.1250000000,165851.3593750000,165193.4375000000,132513.0468750000,120716.2656250000,133851.0468750000,151522.5937500000,,,
25.6879999586,200,176115.9843750000,188763.2812500000,166063.7343750000,165571.7968750000,132849.7500000000,121047.2812500000,134230.3125000000,149025.1093750000,,,
25.6919999586,200,175798.5468750000,187252.4687500000,165551.4375000000,164852.0781250000,132130.4843750000,120371.4921875000,133480.7656250000,150264.0468750000,,,
25.6959999586,200,175472.9843750000,204063.3281250000,165080.7812500000,164107.1250000000,131431.0468750000,119693.5390625000,132717.2968750000,153581.3281250000,,,
25.6999999585,200,175585.5312500000,213565.6718750000,165297.9062500000,164369.0312500000,131723.1406250000,119955.7500000000,133006.3906250000,154020.3750000000,,,
25.7039999585,200,175985.4687500000,205446.0781250000,165879.9218750000,165201.1875000000,132535.9843750000,120736.1406250000,133875.4218750000,151557.5781250000,,,
25.7079999584,200,176150.6875000000,188842.9062500000,166100.2656250000,165581.9375000000,132886.1406250000,121080.2187500000,134268.0156250000,149066.6562500000,,,
25.7119999586,200,175849.5625000000,187206.0312500000,165607.2031250000,164889.8750000000,132189.6250000000,120422.7265625000,133539.9062500000,150292.3125000000,,,
25.7159999586,200,175529.3906250000,203924.7031250000,165141.3281250000,164153.9531250000,131496.4218750000,119746.2734375000,132779.3750000000,153610.3750000000,,,
25.7199999585,200,175635.0625000000,213485.9218750000,165347.7187500000,164400.2343750000,131779.3281250000,119999.7109375000,133061.5625000000,154064.3593750000,,,
25.7239999585,200,176015.2656250000,205543.0937500000,165905.4843750000,165213.4531250000,132567.6406250000,120760.4140625000,133910.2500000000,151612.9531250000,,,
25.7279999584,201,176177.6562500000,189072.7187500000,166122.6093750000,165604.9218750000,132911.8125000000,121112.0000000000,134304.3437500000,149126.3125000000,,,
25.7319999584,201,175866.7812500000,187290.8437500000,165622.4375000000,164915.0312500000,132206.5312500000,120456.1171875000,133571.4218750000,150300.6093750000,,,
25.7359999584,201,175534.9375000000,203770.3750000000,165145.1406250000,164156.8750000000,131500.2812500000,119773.7890625000,132802.0312500000,153574.8125000000,,,
25.7399999583,201,175637.4531250000,213331.3437500000,165346.4375000000,164398.8593750000,131777.2500000000,120021.7890625000,133079.2343750000,154048.1875000000,,,
25.7439999583,201,176020.6406250000,205689.0156250000,165909.6250000000,165199.8750000000,132569.2500000000,120774.5546875000,133927.7031250000,151661.5625000000,,,
25.7479999582,201,176193.3437500000,189500.2968750000,166141.9843750000,165607.0156250000,132930.1562500000,121129.1640625000,134331.2343750000,149209.0625000000,,,
25.7519999584,201,175878.9531250000,187526.9687500000,165640.4375000000,164916.6093750000,132234.1093750000,120492.4921875000,133610.8281250000,150319.0937500000,,,
25.7559999584,201,175543.2031250000,203523.9062500000,165156.6718750000,164159.9375000000,131528.2500000000,119814.9921875000,132845.6250000000,153522.4531250000,,,
25.7599999583,201,175633.3281250000,212989.2656250000,165341.2031250000,164390.4375000000,131782.5468750000,120036.2734375000,133095.6250000000,154011.7187500000,,,
25.7639999583,201,176009.6718750000,205782.1093750000,165892.9843750000,165190.5468750000,132552.0000000000,120770.9843750000,133922.2031250000,151708.5000000000,,,
25.7679999582,201,176176.8437500000,190128.5000000000,166120.7343750000,165586.2812500000,132904.2812500000,121117.6562500000,134317.6718750000,149305.5625000000,,,
25.7719999584,201,175877.6718750000,187925.4531250000,165640.1875000000,164927.4531250000,132235.8437500000,120494.7421875000,133618.6562500000,150331.9062500000,,,
25.7759999584,201,175548.4375000000,203195.8437500000,165164.9218750000,164196.1093750000,131540.5937500000,119825.9609375000,132860.3750000000,153438.5000000000,,,
25.7799999584,201,175636.6562500000,212488.9531250000,165344.5625000000,164421.8750000000,131785.6093750000,120043.8671875000,133100.1875000000,153962.3906250000,,,
25.7839999583,201,175996.2343750000,205854.8437500000,165876.3281250000,165191.1875000000,132525.9218750000,120753.0937500000,133886.2968750000,151762.3906250000,,,
25.7879999583,201,176146.1406250000,191185.3906250000,166087.3437500000,165556.3906250000,132856.4843750000,121084.0000000000,134256.1718750000,149453.8125000000,,,
25.7919999582,201,175860.7812500000,189141.6250000000,165631.0156250000,164926.0468750000,132222.6250000000,120494.2343750000,133601.2812500000,150429.4843750000,,,
25.7959999584,201,175546.2656250000,202942.3437500000,165175.2343750000,164231.0312500000,131562.6718750000,119851.4687500000,132885.0000000000,153319.7031250000,,,
25.7999999584,201,175607.5937500000,211432.7500000000,165320.5468750000,164413.4843750000,131766.9218750000,120024.0156250000,133079.8281250000,153792.0625000000,,,
25.8039999583,201,175927.0312500000,205518.1562500000,165803.2343750000,165120.1093750000,132444.5000000000,120668.2812500000,133800.2500000000,151714.1093750000,,,
25.8079999583,201,176060.6875000000,191764.6718750000,165997.8906250000,165466.0937500000,132756.5468750000,120976.3046875000,134148.3125000000,149472.8437500000,,,
25.8119999582,201,175770.2968750000,189334.2656250000,165540.5468750000,164854.0625000000,132133.1718750000,120397.3281250000,133498.0625000000,150325.0156250000,,,
25.8159999584,201,175440.8437500000,202612.6562500000,165066.8125000000,164123.5625000000,131456.3437500000,119743.0546875000,132757.1406250000,153148.2500000000,,,
25.8199999584,201,175507.4531250000,211121.4218750000,165218.3593750000,164293.8750000000,131663.8125000000,119918.9765625000,132957.2812500000,153656.2187500000,,,
25.8239999583,201,175850.0000000000,205337.2656250000,165728.1875000000,165019.6406250000,132367.3750000000,120583.0703125000,133707.8437500000,151622.1562500000,,,
25.8279999583,201,176030.8281250000,191556.9375000000,165971.3593750000,165419.2343750000,132730.9843750000,120939.8828125000,134110.0156250000,149411.0312500000,,,
25.8319999583,201,175782.7500000000,189001.4218750000,165554.2187500000,164851.0625000000,132150.8750000000,120402.2343750000,133504.9375000000,150287.4375000000,,,
25.8359999582,201,175484.3750000000,202392.5156250000,165106.8125000000,164164.6562500000,131498.3750000000,119769.9062500000,132787.9843750000,153172.0781250000,,,
25.8399999584,201,175561.0156250000,211156.6718750000,165265.3750000000,164350.0468750000,131710.6406250000,119949.7187500000,132990.9218750000,153728.6562500000,,,
25.8439999584,201,175914.1562500000,205430.6562500000,165786.2343750000,165088.4062500000,132423.7343750000,120632.1796875000,133749.9531250000,151698.3125000000,,,
25.8479999583,201,176095.3125000000,191377.2968750000,166032.9531250000,165492.4843750000,132792.8593750000,120994.7031250000,134156.7343750000,149438.3906250000,,,
25.8519999583,201,175839.5000000000,188583.7500000000,165608.0781250000,164919.9687500000,132205.4843750000,120443.0312500000,133541.3281250000,150284.2187500000,,,
25.8559999582,202,175519.6562500000,202177.4375000000,165135.3125000000,164204.3750000000,131525.1718750000,119782.6171875000,132794.2031250000,153200.0000000000,,,
25.8599999582,202,175577.0000000000,211212.1562500000,165275.0312500000,164366.9218750000,131717.5156250000,119944.1953125000,132979.3281250000,153774.3125000000,,,
25.8639999582,202,175912.8125000000,205547.4687500000,165784.7343750000,165090.8750000000,132417.9218750000,120607.5312500000,133730.6406250000,151723.5937500000,,,
25.8679999581,202,176079.5625000000,191374.4843750000,166023.7500000000,165498.5625000000,132776.8437500000,120959.8125000000,134131.6875000000,149420.0937500000,,,
25.8719999581,202,175816.6562500000,188456.6406250000,165590.4375000000,164911.7031250000,132181.5781250000,120410.3906250000,133513.7812500000,150235.1875000000,,,
25.8759999580,202,175488.8125000000,202064.4843750000,165103.5937500000,164188.7187500000,131487.9062500000,119746.1953125000,132759.6875000000,153151.3906250000,,,
25.8799999582,202,175536.5000000000,211198.3281250000,165232.2812500000,164338.2500000000,131668.4843750000,119898.5390625000,132930.1093750000,153741.4062500000,,,
25.8839999582,202,175873.0937500000,205638.1250000000,165739.2500000000,165057.0781250000,132367.7812500000,120566.0859375000,133678.5781250000,151711.0781250000,,,
25.8879999581,202,176047.9687500000,191473.9687500000,165984.0156250000,165453.6718750000,132737.8281250000,120932.8828125000,134090.6718750000,149406.5000000000,,,
25.8919999581,202,175785.2968750000,188351.7500000000,165554.6562500000,164871.8125000000,132152.5312500000,120389.3046875000,133482.7187500000,150180.8437500000,,,
25.8959999580,202,175456.4375000000,201979.0000000000,165070.7031250000,164134.2656250000,131459.1250000000,119719.7734375000,132729.2343750000,153114.1093750000,,,
25.8999999582,202,175520.1093750000,211390.2812500000,165216.7812500000,164300.5000000000,131652.2500000000,119880.9218750000,132912.7031250000,153763.9062500000,,,
25.9039999582,202,175878.1875000000,205738.8750000000,165750.4218750000,165050.6875000000,132379.9687500000,120571.2656250000,133688.4218750000,151719.2031250000,,,
25.9079999581,202,176067.2031250000,190922.9062500000,166010.1406250000,165474.9687500000,132770.6562500000,120954.7187500000,134123.0781250000,149328.6250000000,,,
25.9119999581,202,175795.3906250000,187581.2812500000,165566.4218750000,164881.1562500000,132167.3125000000,120394.5390625000,133498.9062500000,150102.0468750000,,,
25.9159999581,202,175461.3437500000,202098.4687500000,165071.4843750000,164128.7968750000,131450.3906250000,119700.7812500000,132720.7656250000,153182.1093750000,,,
25.9199999580,202,175533.0625000000,212147.3593750000,165226.2187500000,164310.8593750000,131653.1406250000,119878.5625000000,132917.4218750000,153891.8906250000,,,
25.9239999582,202,175901.2500000000,206098.0468750000,165771.8906250000,165096.2656250000,132403.8906250000,120600.2578125000,133720.0937500000,151753.0312500000,,,
25.9279999582,202,176115.1562500000,190378.0937500000,166058.7812500000,165571.8125000000,132825.9843750000,121019.7031250000,134186.3750000000,149256.7187500000,,,
25.9319999581,202,175861.8437500000,187006.3437500000,165631.8750000000,164992.5625000000,132227.9375000000,120462.1562500000,133562.3281250000,150102.2343750000,,,
25.9359999581,202,175526.0312500000,202488.0625000000,165133.3125000000,164209.3906250000,131498.3750000000,119754.6171875000,132762.8750000000,153343.6875000000,,,
25.9399999580,202,175626.4531250000,212954.9531250000,165319.9375000000,164408.9531250000,131741.0312500000,119965.1406250000,132993.4843750000,154082.9218750000,,,
25.9439999582,202,175986.1718750000,206456.7031250000,165857.7500000000,165201.9375000000,132495.3750000000,120685.7187500000,133799.1718750000,151829.8750000000,,,
25.9479999582,202,176159.0156250000,190030.3281250000,166104.7500000000,165646.3906250000,132882.7187500000,121067.5312500000,134233.3437500000,149202.5312500000,,,
25.9519999581,202,175858.7343750000,186615.6875000000,165627.0468750000,165006.8125000000,132225.3593750000,120452.3125000000,133554.2812500000,150048.0312500000,,,
25.9559999581,202,175492.5000000000,202720.0781250000,165096.5000000000,164186.9687500000,131450.7656250000,119706.7890625000,132716.5312500000,153374.0781250000,,,
25.9599999581,202,175559.1406250000,213421.4375000000,165250.3906250000,164359.5937500000,131661.9062500000,119890.3046875000,132920.7812500000,154083.5625000000,,,
25.9639999580,202,175933.9218750000,206634.7031250000,165805.8750000000,165165.9687500000,132439.4843750000,120637.6796875000,133753.1250000000,151770.3437500000,,,
25.9679999582,202,176116.6562500000,189810.7812500000,166062.3125000000,165606.2656250000,132840.4687500000,121033.2265625000,134203.4062500000,149097.4687500000,,,
25.9719999582,202,175824.0625000000,186339.8125000000,165591.6875000000,164963.5468750000,132188.9375000000,120421.7578125000,133527.2031250000,149973.1406250000,,,
25.9759999581,202,175475.4531250000,202687.6093750000,165076.0937500000,164160.6875000000,131429.0312500000,119681.6875000000,132697.3437500000,153369.7812500000,,,
25.9799999581,202,175539.5781250000,213526.8281250000,165228.8750000000,164325.8750000000,131640.8593750000,119860.3750000000,132899.0000000000,154091.9843750000,,,
25.9839999580,203,175904.6875000000,206724.8281250000,165776.6406250000,165111.4687500000,132413.0937500000,120597.6093750000,133725.4843750000,151753.3437500000,,,
25.9879999580,203,176096.3593750000,189739.5781250000,166044.3437500000,165564.7656250000,132825.5000000000,121003.8828125000,134185.8437500000,149054.1562500000,,,
25.9919999579,203,175811.7187500000,186159.7031250000,165580.6250000000,164941.3906250000,132179.2187500000,120403.9218750000,133512.1718750000,149933.7343750000,,,
25.9959999579,203,175464.2031250000,202640.3281250000,165067.8906250000,164138.9531250000,131418.5000000000,119669.8046875000,132682.1406250000,153367.9531250000,,,
25.9999999579,203,175568.1406250000,213625.3437500000,165260.2812500000,164352.6406250000,131669.2031250000,119888.6718750000,132922.9687500000,154141.6093750000,,,
26.0039999578,203,175959.2656250000,206846.9218750000,165832.7968750000,165174.9843750000,132466.4062500000,120651.0078125000,133774.0625000000,151820.5156250000,,,
26.0079999580,203,176181.7031250000,189815.8750000000,166130.2343750000,165665.2187500000,132910.2656250000,121088.8515625000,134264.3750000000,149133.0625000000,,,
26.0119999580,203,175904.6875000000,186151.0781250000,165675.1875000000,165037.9218750000,132275.5625000000,120492.1718750000,133602.4843750000,150003.9062500000,,,
26.0159999579,203,175553.1250000000,202652.7968750000,165152.4062500000,164219.0781250000,131503.5156250000,119740.2109375000,132757.9375000000,153441.6562500000,,,
26.0199999579,203,175617.1250000000,213722.4062500000,165301.7812500000,164382.9843750000,131708.2343750000,119917.3437500000,132953.7656250000,154198.4218750000,,,
26.0239999578,203,175962.3437500000,206989.1250000000,165830.1093750000,165164.3593750000,132460.3437500000,120639.7187500000,133759.2656250000,151845.2968750000,,,
26.0279999580,203,176133.1875000000,189940.4218750000,166079.1562500000,165607.9531250000,132855.6250000000,121034.5390625000,134201.5312500000,149107.5000000000,,,
26.0319999580,203,175835.6718750000,186122.2656250000,165605.3750000000,164964.0312500000,132203.9218750000,120426.3437500000,133525.9062500000,149927.5312500000,,,
26.0359999579,203,175468.6093750000,202519.3125000000,165066.1093750000,164127.3906250000,131413.3437500000,119662.1015625000,132666.0000000000,153349.8281250000,,,
26.0399999579,203,175526.4843750000,213646.1250000000,165210.7656250000,164290.9375000000,131610.8906250000,119833.9843750000,132856.3281250000,154121.8906250000,,,
26.0439999579,203,175900.5781250000,207055.8906250000,165768.2656250000,165109.7343750000,132393.3125000000,120582.5078125000,133695.3750000000,151814.8750000000,,,
26.0479999578,203,176108.7968750000,190075.6875000000,166055.0156250000,165590.4375000000,132831.2968750000,121011.1250000000,134182.0000000000,149102.7812500000,,,
26.0519999580,203,175836.6875000000,186134.7343750000,165608.6250000000,164972.5312500000,132209.8281250000,120430.7968750000,133534.7031250000,149913.2187500000,,,
26.0559999580,203,175462.5937500000,202377.0156250000,165063.6250000000,164129.8593750000,131412.7343750000,119660.7109375000,132667.5156250000,153320.4843750000,,,
26.0599999579,203,175513.9062500000,213539.3750000000,165200.4687500000,164279.0468750000,131602.5468750000,119823.7578125000,132845.8906250000,154113.6093750000,,,
26.0639999579,203,175887.3593750000,207137.8593750000,165756.1718750000,165083.6250000000,132382.7187500000,120571.9375000000,133680.3281250000,151840.7343750000,,,
26.0679999578,203,176102.0625000000,190252.5937500000,166050.2656250000,165569.1406250000,132828.7500000000,121009.9921875000,134172.5312500000,149133.0156250000,,,
26.0719999580,203,175821.0781250000,186137.9218750000,165594.8593750000,164953.7656250000,132197.4062500000,120419.9062500000,133515.2031250000,149891.5468750000,,,
26.0759999580,203,175452.0312500000,202187.4687500000,165052.3906250000,164118.7031250000,131402.0312500000,119652.9609375000,132653.2500000000,153277.6250000000,,,
26.0799999579,203,175506.9375000000,213367.6406250000,165187.3281250000,164275.5937500000,131589.2500000000,119816.2500000000,132829.4687500000,154092.5781250000,,,
26.0839999579,203,175872.7031250000,207113.4218750000,165732.2656250000,165054.8750000000,132359.5000000000,120551.7968750000,133651.7031250000,151839.0937500000,,,
26.0879999578,203,176081.5781250000,190314.7187500000,166020.8281250000,165543.7656250000,132802.1718750000,120982.7187500000,134143.5468750000,149124.1875000000,,,
26.0919999578,203,175816.1406250000,186064.3281250000,165585.0625000000,164944.2343750000,132194.5156250000,120416.2890625000,133512.0156250000,149858.4375000000,,,
26.0959999580,203,175468.5000000000,201958.4843750000,165064.2343750000,164127.0468750000,131420.5937500000,119671.2500000000,132670.5000000000,153249.0468750000,,,
26.0999999580,203,175533.6562500000,213208.0468750000,165210.5781250000,164293.5312500000,131614.8593750000,119836.1015625000,132853.3437500000,154101.4375000000,,,
26.1039999579,203,175897.6250000000,207211.7812500000,165756.5156250000,165075.4531250000,132380.8750000000,120568.5859375000,133672.1406250000,151894.9375000000,,,
26.1079999579,203,176108.2656250000,190501.5000000000,166051.6406250000,165563.6406250000,132831.9375000000,121015.4687500000,134171.8593750000,149179.8125000000,,,
26.1119999578,204,175853.6406250000,186083.0468750000,165629.0781250000,164991.3593750000,132240.7031250000,120467.2500000000,133558.9531250000,149885.9687500000,,,
26.1159999578,204,175510.1875000000,201822.0937500000,165111.8281250000,164180.4531250000,131468.4375000000,119725.4843750000,132719.3750000000,153266.5156250000,,,
26.1199999577,204,175570.7968750000,213129.5156250000,165251.7500000000,164330.9531250000,131654.8593750000,119883.6015625000,132892.8593750000,154141.9062500000,,,
26.1239999577,204,175937.4531250000,207316.5781250000,165799.9218750000,165111.9218750000,132419.5312500000,120608.8437500000,133706.7500000000,151963.9843750000,,,
26.1279999577,204,176152.8906250000,190749.0156250000,166099.4375000000,165607.2812500000,132873.8437500000,121052.3203125000,134207.1093750000,149255.0312500000,,,
26.1319999576,204,175889.9843750000,186217.1875000000,165667.3593750000,165034.8437500000,132277.1250000000,120491.7109375000,133589.9062500000,149914.0937500000,,,
26.1359999578,204,175537.5156250000,201737.6093750000,165139.0468750000,164210.5468750000,131498.2187500000,119739.0000000000,132746.2500000000,153256.7968750000,,,
26.1399999578,204,175587.2968750000,213027.2343750000,165266.1093750000,164335.2656250000,131669.7187500000,119886.5546875000,132904.4375000000,154139.4375000000,,,
26.1439999577,204,175948.6406250000,207343.0000000000,165806.3750000000,165112.8593750000,132424.5625000000,120614.9296875000,133708.2968750000,151995.6875000000,,,
26.1479999577,204,176159.1250000000,191025.7656250000,166101.3750000000,165607.5000000000,132874.1562500000,121061.6015625000,134206.9218750000,149327.9531250000,,,
26.1519999576,204,175904.7343750000,186419.6406250000,165683.8750000000,165041.8437500000,132297.8281250000,120527.0390625000,133612.8437500000,149958.9531250000,,,
26.1559999578,204,175549.7656250000,201612.0312500000,165153.0937500000,164221.3593750000,131517.3125000000,119773.3359375000,132766.7343750000,153243.0156250000,,,
26.1599999578,204,175587.8125000000,212830.1718750000,165268.6562500000,164345.8281250000,131672.9375000000,119897.6562500000,132910.2343750000,154123.0781250000,,,
26.1639999577,204,175954.5781250000,207386.3125000000,165813.1718750000,165128.1562500000,132428.3437500000,120618.3906250000,133716.5312500000,152030.9218750000,,,
26.1679999577,204,176178.0000000000,191420.5468750000,166119.2343750000,165626.3281250000,132887.7343750000,121071.7421875000,134222.6875000000,149411.7031250000,,,
26.1719999576,204,175919.3593750000,186700.6093750000,165697.2187500000,165058.8281250000,132312.4843750000,120533.1015625000,133628.6406250000,149979.5937500000,,,
26.1759999576,204,175551.4062500000,201406.2500000000,165152.8593750000,164227.3125000000,131521.5468750000,119770.4921875000,132773.2812500000,153183.6093750000,,,
26.1799999578,204,175584.5937500000,212481.2187500000,165262.2656250000,164342.0781250000,131667.8125000000,119890.4140625000,132904.5781250000,154080.5156250000,,,
26.1839999577,204,175935.8437500000,207423.8125000000,165790.6562500000,165094.0937500000,132401.2343750000,120590.6015625000,133685.4531250000,152059.4375000000,,,
26.1879999577,204,176147.8281250000,191986.5468750000,166089.1718750000,165586.1718750000,132849.2968750000,121027.4531250000,134178.8906250000,149481.4843750000,,,
26.1919999577,204,175901.5468750000,187200.7343750000,165684.2031250000,165041.6562500000,132296.7812500000,120513.3593750000,133607.6406250000,149999.2343750000,,,
26.1959999576,204,175535.3906250000,201134.2656250000,165140.7812500000,164221.9687500000,131514.7031250000,119759.7343750000,132762.4687500000,153087.2343750000,,,
26.1999999578,204,175543.1250000000,211734.1406250000,165217.4687500000,164304.3437500000,131626.8750000000,119845.0312500000,132859.8906250000,153940.8750000000,,,
26.2039999578,204,175861.2343750000,207162.5000000000,165704.4062500000,165003.7343750000,132310.0625000000,120492.9218750000,133589.7968750000,151997.5312500000,,,
26.2079999577,204,176047.5937500000,192578.3750000000,165976.5937500000,165455.8906250000,132730.6406250000,120905.0390625000,134055.7812500000,149488.2187500000,,,
26.2119999577,204,175790.0156250000,187704.1562500000,165573.1093750000,164931.1250000000,132188.4843750000,120399.3359375000,133500.1093750000,149915.5000000000,,,
26.2159999576,204,175435.8281250000,200883.2343750000,165048.4375000000,164143.3750000000,131427.8593750000,119667.9531250000,132679.0000000000,152905.1406250000,,,
26.2199999576,204,175473.5937500000,211381.5937500000,165151.5156250000,164243.5625000000,131560.5468750000,119776.7187500000,132795.3593750000,153822.6093750000,,,
26.2239999578,204,175838.1718750000,207206.1406250000,165683.7812500000,164974.2031250000,132284.7968750000,120464.4609375000,133564.2656250000,152007.4843750000,,,
26.2279999577,204,176079.1875000000,192658.7343750000,166017.0625000000,165499.4062500000,132771.9062500000,120937.4453125000,134096.6093750000,149525.6875000000,,,
26.2319999577,204,175856.0000000000,187600.5312500000,165645.7187500000,165000.3750000000,132266.0000000000,120471.6484375000,133575.6093750000,149955.7031250000,,,
26.2359999577,204,175501.1250000000,200737.0625000000,165115.9843750000,164196.7812500000,131500.3906250000,119741.7109375000,132751.0156250000,152956.2968750000,,,
26.2399999576,205,175510.0781250000,211324.9218750000,165187.3750000000,164269.5312500000,131598.9218750000,119815.5781250000,132836.7187500000,153872.3437500000,,,
26.2439999576,205,175853.5312500000,207209.5312500000,165697.5937500000,164995.7656250000,132298.7500000000,120478.6796875000,133577.7031250000,152036.1093750000,,,
26.2479999575,205,176090.2343750000,192700.4375000000,166026.0312500000,165515.5468750000,132780.6250000000,120947.6328125000,134103.2812500000,149547.0156250000,,,
26.2519999575,205,175876.5937500000,187543.0000000000,165669.6875000000,165030.7187500000,132290.8906250000,120496.0859375000,133598.1093750000,149952.2656250000,,,
26.2559999574,205,175544.4687500000,200622.5000000000,165165.2500000000,164247.7968750000,131550.6718750000,119788.5468750000,132797.6875000000,152967.9375000000,,,
26.2599999574,205,175579.5468750000,211323.4218750000,165262.7500000000,164337.0625000000,131674.0312500000,119888.0234375000,132905.3593750000,153938.3750000000,,,
26.2639999576,205,175918.7656250000,207294.5000000000,165767.7031250000,165052.7812500000,132368.0000000000,120545.7890625000,133644.2812500000,152117.4531250000,,,
26.2679999575,205,176123.6250000000,192775.6718750000,166063.1718750000,165539.0625000000,132815.5781250000,120980.4375000000,134140.0000000000,149591.4531250000,,,
26.2719999575,205,175888.5312500000,187515.6406250000,165681.7968750000,165040.2656250000,132301.7968750000,120505.6562500000,133612.2187500000,149950.4218750000,,,
26.2759999575,205,175530.8437500000,200542.2187500000,165147.7656250000,164233.9531250000,131531.1562500000,119767.9687500000,132780.8906250000,152935.7187500000,,,
26.2799999574,205,175541.8906250000,211270.6093750000,165218.3125000000,164298.3281250000,131628.4062500000,119839.6171875000,132859.7343750000,153893.0000000000,,,
26.2839999576,205,175879.9531250000,207190.5312500000,165721.7343750000,165009.9843750000,132324.3906250000,120499.0859375000,133597.2812500000,152060.0625000000,,,
26.2879999576,205,176093.9687500000,192762.2343750000,166026.5625000000,165494.9218750000,132779.6093750000,120945.8906250000,134100.2031250000,149566.1406250000,,,
26.2919999575,205,175860.9062500000,187481.6406250000,165654.2187500000,165003.8593750000,132277.3593750000,120479.7265625000,133583.4375000000,149909.6718750000,,,
26.2959999575,205,175512.4843750000,200401.7500000000,165131.3281250000,164208.0781250000,131519.7187500000,119751.9296875000,132765.7187500000,152888.1562500000,,,
26.2999999574,205,175536.0625000000,211156.7656250000,165213.2656250000,164283.3437500000,131627.1250000000,119831.9453125000,132858.6562500000,153871.2187500000,,,
26.3039999574,205,175862.6562500000,207170.8437500000,165707.3281250000,164988.2187500000,132309.6875000000,120477.8984375000,133587.2031250000,152047.0000000000,,,
26.3079999576,205,176070.8437500000,192882.1562500000,166005.0781250000,165478.3125000000,132755.9062500000,120915.6875000000,134079.7656250000,149557.5312500000,,,
26.3119999575,205,175842.5937500000,187536.4843750000,165635.6250000000,165000.7812500000,132261.1093750000,120464.9453125000,133573.4687500000,149875.6718750000,,,
26.3159999575,205,175483.7031250000,200215.2656250000,165099.6406250000,164199.0312500000,131491.7968750000,119732.7031250000,132747.0156250000,152816.6875000000,,,
26.3199999575,205,175493.4687500000,210904.9062500000,165166.5156250000,164251.7500000000,131579.9687500000,119804.0468750000,132818.4687500000,153806.9218750000,,,
26.3239999574,205,175824.8125000000,207148.8750000000,165661.0312500000,164954.7812500000,132260.2031250000,120455.6875000000,133541.7812500000,152039.8906250000,,,
26.3279999576,205,176041.7187500000,193155.5000000000,165969.5156250000,165447.3906250000,132716.8437500000,120901.7656250000,134045.6718750000,149587.5156250000,,,
26.3319999576,205,175828.8593750000,187763.0781250000,165618.4687500000,164997.0781250000,132245.1250000000,120468.0000000000,133560.7968750000,149881.4843750000,,,
26.3359999575,205,175486.5312500000,200039.6875000000,165102.4843750000,164231.7343750000,131500.7343750000,119752.2265625000,132756.9218750000,152775.1875000000,,,
26.3399999575,205,175494.8437500000,210529.3750000000,165168.1250000000,164284.9687500000,131585.2031250000,119810.8593750000,132822.2812500000,153766.8281250000,,,
26.3439999574,205,175819.6562500000,207070.4062500000,165659.2656250000,164949.2500000000,132255.2968750000,120441.1250000000,133530.6093750000,152055.8125000000,,,
26.3479999574,205,176053.4375000000,193374.7656250000,165987.7031250000,165456.0312500000,132733.8281250000,120904.5546875000,134053.0625000000,149637.8125000000,,,
26.3519999576,205,175847.2031250000,187832.9218750000,165644.8593750000,165003.2656250000,132278.5468750000,120484.9531250000,133586.9218750000,149896.4843750000,,,
26.3559999575,205,175507.3750000000,200105.1093750000,165124.2656250000,164219.0000000000,131528.1250000000,119763.8437500000,132779.1562500000,152803.7500000000,,,
26.3599999575,205,175526.7343750000,210969.1250000000,165198.1875000000,164274.4375000000,131615.1562500000,119825.4531250000,132846.9375000000,153861.4843750000,,,
26.3639999575,205,175859.7812500000,207562.9843750000,165696.6562500000,164971.0625000000,132293.5156250000,120469.7734375000,133566.8593750000,152148.4375000000,,,
26.3679999574,206,176091.9843750000,192884.4062500000,166032.4375000000,165507.6562500000,132790.3125000000,120955.8984375000,134114.7031250000,149568.7343750000,,,
26.3719999574,206,175866.2812500000,186706.4218750000,165664.5937500000,165038.9218750000,132303.8906250000,120509.3046875000,133616.2500000000,149771.2656250000,,,
26.3759999573,206,175502.3437500000,199947.6250000000,165114.2031250000,164203.7343750000,131505.9687500000,119747.7500000000,132755.7968750000,152844.8750000000,,,
26.3799999573,206,175530.2187500000,211716.5156250000,165202.6875000000,164265.8593750000,131604.7968750000,119824.1093750000,132837.7343750000,153994.6250000000,,,
26.3839999572,206,175919.9687500000,207907.4687500000,165768.2343750000,165039.2343750000,132363.8906250000,120543.9609375000,133643.7343750000,152201.1718750000,,,
26.3879999572,206,176191.2031250000,192238.2187500000,166137.6093750000,165630.4531250000,132904.1406250000,121070.5625000000,134234.0937500000,149515.5781250000,,,
26.3919999574,206,175949.6562500000,185949.8750000000,165747.5312500000,165128.3437500000,132386.5000000000,120592.5625000000,133704.1406250000,149757.3281250000,,,
26.3959999573,206,175539.0937500000,200158.9375000000,165152.0312500000,164229.7031250000,131528.1250000000,119766.2578125000,132782.8281250000,152968.9687500000,,,
26.3999999573,206,175548.0781250000,212392.3281250000,165225.4687500000,164283.4218750000,131618.5156250000,119831.1875000000,132851.2031250000,154117.9531250000,,,
26.4039999573,206,175904.6875000000,208095.4062500000,165759.2812500000,165022.2343750000,132359.2812500000,120535.5390625000,133637.3593750000,152176.5937500000,,,
26.4079999572,206,176133.2656250000,191915.8593750000,166081.8906250000,165556.1875000000,132852.9218750000,121025.5546875000,134185.3593750000,149393.1875000000,,,
26.4119999574,206,175896.4531250000,185623.3125000000,165696.3593750000,165075.1562500000,132332.8281250000,120548.3359375000,133653.8437500000,149665.7500000000,,,
26.4159999574,206,175520.1875000000,200148.1562500000,165131.2343750000,164207.4375000000,131501.1093750000,119753.8359375000,132753.9687500000,152971.7187500000,,,
26.4199999573,206,175533.0625000000,212559.5625000000,165205.5625000000,164260.1875000000,131595.6093750000,119824.6171875000,132831.1406250000,154139.8125000000,,,
26.4239999573,206,175873.0937500000,208196.0625000000,165719.6875000000,165004.7187500000,132320.1406250000,120516.2578125000,133599.7187500000,152154.3125000000,,,
26.4279999572,206,176107.9062500000,191838.9375000000,166053.8906250000,165551.2968750000,132826.2031250000,121011.9296875000,134154.2187500000,149345.5000000000,,,
26.4319999572,206,175886.3906250000,185457.4218750000,165689.3750000000,165064.5625000000,132328.1718750000,120547.4218750000,133642.6406250000,149635.5781250000,,,
26.4359999574,206,175525.8750000000,200193.2500000000,165137.7656250000,164197.2343750000,131507.5468750000,119757.9687500000,132755.3906250000,153004.7343750000,,,
26.4399999573,206,175548.2656250000,212821.7031250000,165221.5781250000,164261.5312500000,131611.6718750000,119835.5625000000,132839.7968750000,154210.0937500000,,,
26.4439999573,206,175896.1250000000,208484.2656250000,165746.5625000000,165020.7343750000,132349.2187500000,120537.3906250000,133624.2656250000,152226.3593750000,,,
26.4479999573,206,176141.8750000000,191928.2500000000,166092.9531250000,165588.9531250000,132871.4218750000,121048.4843750000,134196.4062500000,149383.2656250000,,,
26.4519999572,206,175914.8437500000,185381.4062500000,165720.3125000000,165105.9687500000,132363.8437500000,120579.6328125000,133674.8593750000,149649.2656250000,,,
26.4559999574,206,175546.5000000000,200207.2187500000,165159.1406250000,164239.0625000000,131528.5468750000,119779.6406250000,132772.7968750000,153038.6562500000,,,
26.4599999574,206,175566.2187500000,212969.5937500000,165239.7968750000,164289.3281250000,131626.6562500000,119855.3593750000,132852.2500000000,154259.6875000000,,,
26.4639999573,206,175911.3125000000,208679.8906250000,165759.9531250000,165041.9687500000,132360.7812500000,120556.8125000000,133634.3437500000,152273.6406250000,,,
26.4679999573,206,176148.2343750000,192000.1093750000,166095.7343750000,165604.2500000000,132877.5625000000,121065.0312500000,134205.1562500000,149395.9531250000,,,
26.4719999572,206,175903.3437500000,185276.5937500000,165702.2500000000,165094.3593750000,132350.2968750000,120575.0781250000,133664.7343750000,149622.1718750000,,,
26.4759999572,206,175508.5468750000,200108.2656250000,165111.7968750000,164196.9531250000,131482.3125000000,119740.5078125000,132730.1718750000,153002.4531250000,,,
26.4799999574,206,175528.6875000000,212971.0156250000,165194.1718750000,164263.8125000000,131580.4218750000,119810.5078125000,132807.5312500000,154240.6406250000,,,
26.4839999573,206,175879.7656250000,208771.1875000000,165724.2500000000,165008.6562500000,132320.6875000000,120513.3828125000,133592.0781250000,152267.8437500000,,,
26.4879999573,206,176121.5625000000,192119.1250000000,166070.3593750000,165571.0156250000,132845.3750000000,121025.3906250000,134168.1093750000,149382.1093750000,,,
26.4919999572,206,175898.1718750000,185293.7500000000,165703.5468750000,165092.8281250000,132345.3593750000,120562.3046875000,133651.4687500000,149598.5312500000,,,
26.4959999572,207,175516.6250000000,199992.4843750000,165127.4375000000,164205.1875000000,131492.6406250000,119739.4843750000,132729.1562500000,152972.6562500000,,,
26.4999999572,207,175520.4062500000,212850.5937500000,165189.1718750000,164236.1562500000,131571.8593750000,119790.1250000000,132788.1093750000,154208.6406250000,,,
26.5039999571,207,175863.1875000000,208788.1875000000,165704.7187500000,164985.4062500000,132301.3125000000,120487.7421875000,133566.8437500000,152263.0781250000,,,
26.5079999571,207,176104.0000000000,192332.4843750000,166045.8125000000,165559.5156250000,132825.0937500000,121006.5625000000,134146.6562500000,149405.5781250000,,,
26.5119999570,207,175886.6562500000,185446.5937500000,165686.4062500000,165094.7656250000,132337.5781250000,120558.5234375000,133649.1093750000,149592.5625000000,,,
26.5159999570,207,175507.5000000000,199786.3281250000,165113.4062500000,164210.7812500000,131490.7031250000,119749.4375000000,132738.9687500000,152910.2656250000,,,
26.5199999572,207,175511.3125000000,212501.3906250000,165174.1093750000,164241.2343750000,131565.7031250000,119796.0781250000,132792.5156250000,154152.9531250000,,,
26.5239999571,207,175858.3906250000,208707.5156250000,165696.4062500000,164977.4375000000,132294.7968750000,120481.2812500000,133563.2500000000,152271.7031250000,,,
26.5279999571,207,176116.3437500000,192753.4062500000,166058.1875000000,165550.1406250000,132832.6406250000,121002.5390625000,134149.4375000000,149491.8750000000,,,
26.5319999570,207,175920.1562500000,185873.8437500000,165724.8437500000,165108.0468750000,132374.2500000000,120583.5234375000,133679.8125000000,149645.5312500000,,,
26.5359999570,207,175556.9375000000,199567.8593750000,165170.1093750000,164251.0156250000,131550.5468750000,119797.8515625000,132791.3906250000,152863.9687500000,,,
26.5399999572,207,175559.5625000000,211962.5937500000,165229.2500000000,164278.0781250000,131619.9062500000,119838.9140625000,132840.8437500000,154109.6718750000,,,
26.5439999572,207,175892.1562500000,208556.0781250000,165732.0781250000,164999.1875000000,132321.0937500000,120504.7734375000,133587.0625000000,152321.8906250000,,,
26.5479999571,207,176129.8593750000,193591.2500000000,166071.3750000000,165547.9218750000,132828.0781250000,121001.9765625000,134145.3906250000,149670.9843750000,,,
26.5519999571,207,175929.6250000000,186988.1406250000,165742.9218750000,165122.8125000000,132383.5312500000,120594.2265625000,133693.6250000000,149778.2500000000,,,
26.5559999570,207,175562.9687500000,199319.0625000000,165191.8593750000,164288.7343750000,131580.0781250000,119826.9296875000,132834.0937500000,152745.7343750000,,,
26.5599999570,207,175540.0156250000,210854.6718750000,165212.8281250000,164285.6250000000,131610.3750000000,119837.3906250000,132845.0781250000,153931.4062500000,,,
26.5639999572,207,175859.0000000000,208063.9687500000,165691.8437500000,164972.7187500000,132273.9531250000,120465.4296875000,133549.7343750000,152310.3593750000,,,
26.5679999571,207,176095.8750000000,194187.0468750000,166028.7031250000,165519.8593750000,132774.9375000000,120954.0468750000,134099.2343750000,149796.0625000000,,,
26.5719999571,207,175896.5000000000,187516.0781250000,165709.6562500000,165111.6406250000,132353.7343750000,120569.8984375000,133673.2187500000,149803.7500000000,,,
26.5759999570,207,175532.5468750000,199027.1250000000,165161.7656250000,164290.4531250000,131564.5937500000,119817.1640625000,132828.1875000000,152636.4843750000,,,
26.5799999570,207,175507.3750000000,210226.2812500000,165177.9375000000,164272.8750000000,131584.6093750000,119812.2031250000,132825.6406250000,153824.1406250000,,,
26.5839999572,207,175820.8437500000,207732.2656250000,165649.3125000000,164929.8593750000,132230.0000000000,120423.1250000000,133509.7656250000,152271.9531250000,,,
26.5879999571,207,176064.3750000000,194339.4218750000,165997.6718750000,165476.7031250000,132737.0781250000,120917.6484375000,134068.5937500000,149809.8125000000,,,
26.5919999571,207,175875.5000000000,187715.4375000000,165693.6406250000,165084.1093750000,132336.2187500000,120553.7500000000,133668.9531250000,149796.8125000000,,,
26.5959999571,207,175507.9062500000,198756.9218750000,165138.7187500000,164263.0625000000,131546.2031250000,119803.0546875000,132824.8593750000,152562.2656250000,,,
26.5999999570,207,175478.9843750000,209755.5625000000,165146.6562500000,164240.2031250000,131555.4843750000,119789.0000000000,132812.4375000000,153744.4062500000,,,
26.6039999570,207,175796.5625000000,207421.7656250000,165623.3750000000,164902.3437500000,132203.3125000000,120400.4375000000,133501.3125000000,152225.6562500000,,,
26.6079999572,207,176039.5468750000,194039.6875000000,165974.2031250000,165446.5625000000,132714.9687500000,120896.9375000000,134060.3906250000,149754.5312500000,,,
26.6119999571,207,175857.8281250000,187165.3281250000,165674.3593750000,165074.3281250000,132322.9843750000,120541.3593750000,133662.8125000000,149708.2968750000,,,
26.6159999571,207,175496.8750000000,198349.5937500000,165122.8125000000,164253.7031250000,131533.4531250000,119790.0468750000,132815.2812500000,152518.2343750000,,,
26.6199999570,207,175469.2500000000,209784.3125000000,165132.8281250000,164222.1875000000,131542.4687500000,119777.8437500000,132796.1093750000,153768.4843750000,,,
26.6239999570,208,175794.4375000000,207511.6250000000,165620.6875000000,164897.9375000000,132205.2656250000,120402.7968750000,133496.2656250000,152247.7500000000,,,
26.6279999570,208,176057.3281250000,193804.0000000000,165993.7656250000,165473.3281250000,132740.3125000000,120921.5859375000,134081.0781250000,149740.6718750000,,,
26.6319999569,208,175876.9218750000,186759.4531250000,165693.8906250000,165096.6718750000,132345.7656250000,120560.7812500000,133682.1406250000,149683.4375000000,,,
26.6359999569,208,175511.4375000000,198338.7968750000,165134.5468750000,164257.7187500000,131543.2968750000,119797.2578125000,132824.2500000000,152552.1562500000,,,
26.6399999568,208,175477.8593750000,210282.9687500000,165141.6406250000,164219.9375000000,131544.4843750000,119779.9843750000,132804.0781250000,153855.5781250000,,,
26.6439999568,208,175792.8593750000,208021.9687500000,165623.6093750000,164893.0000000000,132202.0781250000,120403.8984375000,133499.9218750000,152304.7500000000,,,
26.6479999570,208,176053.9531250000,193783.1718750000,165994.5937500000,165475.1562500000,132742.5625000000,120928.1640625000,134089.5156250000,149713.5312500000,,,
26.6519999569,208,175881.3281250000,186419.4843750000,165699.4062500000,165099.8593750000,132354.7187500000,120573.9453125000,133697.1718750000,149643.7031250000,,,
26.6559999569,208,175503.6406250000,198516.8593750000,165125.1718750000,164245.4687500000,131529.5625000000,119783.9296875000,132811.1250000000,152603.7968750000,,,
26.6599999568,208,175475.4218750000,210927.5000000000,165140.2812500000,164215.6875000000,131539.4687500000,119768.3750000000,132791.7812500000,153954.6093750000,,,
26.6639999568,208,175798.2187500000,208582.3906250000,165631.3437500000,164906.2343750000,132211.5468750000,120400.0625000000,133503.0625000000,152370.0312500000,,,
26.6679999570,208,176055.4843750000,193932.7031250000,165998.9687500000,165488.6406250000,132753.2968750000,120929.5000000000,134094.8125000000,149706.3593750000,,,
26.6719999569,208,175865.8437500000,186317.9375000000,165685.8437500000,165094.2500000000,132345.2812500000,120560.0312500000,133680.6406250000,149595.4531250000,,,
26.6759999569,208,175484.9218750000,198637.5625000000,165105.1718750000,164223.9531250000,131508.9062500000,119761.0234375000,132782.9843750000,152601.2968750000,,,
26.6799999569,208,175465.5312500000,211297.2343750000,165127.0625000000,164197.6406250000,131524.1562500000,119751.7421875000,132772.4687500000,153992.5937500000,,,
26.6839999568,208,175789.2656250000,208888.9843750000,165618.2500000000,164885.9531250000,132198.6250000000,120392.0703125000,133485.5625000000,152387.2031250000,,,
26.6879999568,208,176049.3125000000,193880.1250000000,165991.0468750000,165479.5468750000,132749.4843750000,120930.4687500000,134087.2968750000,149662.7187500000,,,
26.6919999570,208,175862.2968750000,186047.6406250000,165682.4375000000,165086.2343750000,132346.3281250000,120560.1875000000,133681.6093750000,149539.1250000000,,,
26.6959999569,208,175483.3593750000,198683.4843750000,165102.9375000000,164200.1093750000,131504.0000000000,119754.1875000000,132779.4843750000,152623.3750000000,,,
26.6999999569,208,175461.2343750000,211661.6718750000,165121.5781250000,164170.7343750000,131514.5937500000,119740.4531250000,132760.5937500000,154046.0937500000,,,
26.7039999568,208,175803.7812500000,209165.9531250000,165632.1718750000,164890.7812500000,132213.5625000000,120400.6484375000,133497.2656250000,152406.7031250000,,,
26.7079999568,208,176069.5625000000,193805.1562500000,166010.9843750000,165493.2031250000,132773.8906250000,120946.8281250000,134109.5000000000,149622.9531250000,,,
26.7119999570,208,175872.4375000000,185831.8281250000,165691.0468750000,165084.5625000000,132355.8437500000,120564.0234375000,133686.1406250000,149494.7968750000,,,
26.7159999569,208,175496.0468750000,198753.8593750000,165113.0781250000,164199.8437500000,131510.7656250000,119752.4453125000,132777.6562500000,152647.5156250000,,,
26.7199999569,208,175477.6406250000,211983.4843750000,165137.4687500000,164176.2656250000,131528.1250000000,119747.4765625000,132767.5156250000,154103.8125000000,,,
26.7239999569,208,175799.9687500000,209376.8906250000,165631.8750000000,164883.2656250000,132214.8437500000,120401.3203125000,133496.4843750000,152410.1875000000,,,
26.7279999568,208,176065.7031250000,193706.9062500000,166011.5468750000,165493.5781250000,132778.9375000000,120950.8281250000,134114.7031250000,149570.8906250000,,,
26.7319999568,208,175880.4375000000,185573.7187500000,165704.1093750000,165111.0468750000,132370.9218750000,120575.6640625000,133702.6406250000,149450.6718750000,,,
26.7359999570,208,175488.5937500000,198710.7812500000,165109.5468750000,164206.6250000000,131503.0468750000,119742.3593750000,132774.8593750000,152652.6093750000,,,
26.7399999569,208,175450.8593750000,212157.6875000000,165113.1562500000,164158.0312500000,131501.1875000000,119719.4218750000,132746.0781250000,154119.6250000000,,,
26.7439999569,208,175775.2968750000,209488.3906250000,165608.0000000000,164870.2812500000,132192.7968750000,120379.6484375000,133482.2187500000,152400.1093750000,,,
26.7479999568,208,176068.9375000000,193606.8125000000,166015.1875000000,165517.6093750000,132786.3437500000,120961.1015625000,134133.1562500000,149547.4687500000,,,
26.7519999568,209,175904.3593750000,185365.8281250000,165727.7968750000,165154.2343750000,132398.8750000000,120611.0703125000,133743.7812500000,149442.8437500000,,,
26.7559999567,209,175528.6406250000,198640.1875000000,165147.6875000000,164251.8281250000,131544.4062500000,119797.9843750000,132829.8281250000,152698.8281250000,,,
26.7599999567,209,175511.9531250000,212248.5937500000,165170.8593750000,164211.8125000000,131563.0625000000,119793.1562500000,132825.4687500000,154204.2343750000,,,
26.7639999567,209,175843.9062500000,209637.1406250000,165672.6250000000,164915.2656250000,132263.7187500000,120463.5468750000,133571.9687500000,152492.3437500000,,,
26.7679999566,209,176111.6718750000,193637.2812500000,166055.4218750000,165534.2343750000,132836.9218750000,121024.6640625000,134204.7031250000,149590.3593750000,,,
26.7719999566,209,175931.2031250000,185229.6718750000,165754.4843750000,165159.8125000000,132435.6406250000,120651.3593750000,133800.0781250000,149443.7187500000,,,
26.7759999568,209,175550.4687500000,198552.3750000000,165169.1875000000,164247.2968750000,131572.7968750000,119828.6953125000,132875.8281250000,152716.6562500000,,,
26.7799999567,209,175527.8125000000,212307.7968750000,165188.0000000000,164208.5312500000,131586.7031250000,119835.3515625000,132880.2187500000,154247.5781250000,,,
26.7839999567,209,175882.6093750000,209799.5781250000,165713.1250000000,164941.4218750000,132311.9687500000,120534.6562500000,133658.7343750000,152568.5000000000,,,
26.7879999566,209,176175.1562500000,193764.4375000000,166121.7812500000,165586.7031250000,132912.8437500000,121121.0156250000,134315.9062500000,149671.3906250000,,,
26.7919999566,209,175997.0312500000,185230.9375000000,165825.0468750000,165206.3906250000,132516.6250000000,120756.5546875000,133915.1718750000,149508.3437500000,,,
26.7959999568,209,175591.0000000000,198525.6250000000,165213.3906250000,164270.2187500000,131623.7656250000,119906.0781250000,132963.5312500000,152763.2968750000,,,
26.7999999567,209,175572.2968750000,212360.4375000000,165233.5937500000,164236.0468750000,131633.7656250000,119891.8125000000,132947.6250000000,154306.5937500000,,,
26.8039999567,209,175904.9531250000,209914.2968750000,165735.0937500000,164945.9218750000,132332.5156250000,120552.3281250000,133682.2031250000,152607.8750000000,,,
26.8079999567,209,176175.7187500000,193860.2812500000,166122.3906250000,165565.9687500000,132913.6093750000,121118.8906250000,134316.8125000000,149673.6093750000,,,
26.8119999566,209,176005.4218750000,185206.7656250000,165832.3906250000,165201.5625000000,132527.0312500000,120760.9218750000,133921.8281250000,149489.8281250000,,,
26.8159999566,209,175613.1562500000,198440.6875000000,165234.0000000000,164292.2968750000,131645.8437500000,119912.9453125000,132973.9375000000,152759.3593750000,,,
26.8199999568,209,175554.5937500000,212337.1093750000,165213.6718750000,164220.5156250000,131612.9531250000,119856.6953125000,132917.9062500000,154291.0156250000,,,
26.8239999567,209,175874.8593750000,209955.7343750000,165705.3593750000,164928.3593750000,132298.6093750000,120501.3671875000,133645.0000000000,152585.9531250000,,,
26.8279999567,209,176154.5000000000,193929.6718750000,166102.7031250000,165570.6718750000,132886.9531250000,121078.3125000000,134282.4531250000,149654.4843750000,,,
26.8319999566,209,175964.1406250000,185170.6406250000,165794.6875000000,165183.0312500000,132483.7343750000,120712.8046875000,133874.7343750000,149432.7031250000,,,
26.8359999566,209,175556.7968750000,198312.4531250000,165181.3906250000,164250.7187500000,131585.4687500000,119849.7812500000,132908.8593750000,152683.9375000000,,,
26.8399999568,209,175521.5000000000,212256.9687500000,165183.0312500000,164188.0625000000,131571.1406250000,119807.4296875000,132859.0312500000,154248.6562500000,,,
26.8439999567,209,175864.9375000000,209949.2500000000,165695.7656250000,164918.6250000000,132281.0156250000,120474.9218750000,133608.3906250000,152573.4531250000,,,
26.8479999567,209,176156.6562500000,193966.3906250000,166106.8125000000,165575.1250000000,132887.2812500000,121063.4531250000,134270.4843750000,149652.7187500000,,,
26.8519999566,209,175970.1093750000,185136.2343750000,165803.1093750000,165197.4062500000,132489.2812500000,120696.0937500000,133862.1718750000,149410.8906250000,,,
26.8559999566,209,175563.5625000000,198178.3593750000,165189.4375000000,164265.6406250000,131586.0000000000,119827.0078125000,132887.0000000000,152651.6250000000,,,
26.8599999566,209,175516.7812500000,212163.2187500000,165179.3281250000,164198.2343750000,131558.9687500000,119773.8203125000,132831.1093750000,154225.8281250000,,,
26.8639999568,209,175843.4687500000,209993.5468750000,165670.1718750000,164898.3125000000,132249.5000000000,120432.9218750000,133559.6250000000,152566.5625000000,,,
26.8679999567,209,176129.2031250000,194073.5156250000,166073.2343750000,165542.6406250000,132850.7968750000,121021.8203125000,134214.5156250000,149641.0312500000,,,
26.8719999567,209,175963.2968750000,185105.0937500000,165793.6406250000,165203.8437500000,132476.3125000000,120678.4453125000,133835.3593750000,149385.5468750000,,,
26.8759999566,209,175566.8125000000,198010.2968750000,165188.6093750000,164282.2343750000,131582.0000000000,119825.7734375000,132874.9687500000,152623.8906250000,,,
26.8799999566,210,175519.2812500000,212022.8593750000,165175.1250000000,164209.5468750000,131549.3281250000,119774.0078125000,132812.8906250000,154219.2812500000,,,
26.8839999565,210,175844.6875000000,209972.1250000000,165666.0781250000,164912.5000000000,132237.4531250000,120426.8593750000,133539.1250000000,152583.7343750000,,,
26.8879999565,210,176130.7343750000,194158.5937500000,166070.8125000000,165563.3125000000,132840.0156250000,121009.7812500000,134193.4062500000,149665.4843750000,,,
26.8919999565,210,175961.6875000000,185126.2500000000,165791.4687500000,165220.7656250000,132469.4687500000,120669.1953125000,133817.8593750000,149381.6093750000,,,
26.8959999564,210,175553.9531250000,197874.5468750000,165178.9531250000,164278.7343750000,131570.6562500000,119808.9843750000,132852.9218750000,152587.9687500000,,,
26.8999999564,210,175501.4687500000,211903.2031250000,165157.8281250000,164198.5000000000,131531.6875000000,119746.1406250000,132781.2187500000,154197.3281250000,,,
26.9039999566,210,175835.2968750000,209956.8593750000,165655.6406250000,164901.4531250000,132224.8437500000,120404.0000000000,133511.7656250000,152587.7500000000,,,
26.9079999565,210,176131.3281250000,194274.5937500000,166070.3281250000,165556.8750000000,132834.9218750000,120998.4609375000,134175.4062500000,149693.0000000000,,,
26.9119999565,210,175954.3906250000,185205.3281250000,165780.7343750000,165210.6562500000,132459.1406250000,120654.7109375000,133794.9062500000,149380.3437500000,,,
26.9159999564,210,175538.7187500000,197766.5625000000,165159.5156250000,164259.9531250000,131552.6093750000,119789.8593750000,132826.3125000000,152547.5937500000,,,
26.9199999564,210,175484.9218750000,211784.1406250000,165139.2656250000,164168.6250000000,131512.0312500000,119729.3750000000,132760.1406250000,154169.4843750000,,,
26.9239999566,210,175820.6718750000,209991.0312500000,165641.8281250000,164886.3750000000,132206.7187500000,120386.4921875000,133492.9687500000,152594.1406250000,,,
26.9279999565,210,176111.3750000000,194480.7812500000,166052.3437500000,165534.7500000000,132812.7343750000,120976.6562500000,134151.8593750000,149711.3593750000,,,
26.9319999565,210,175949.5781250000,185365.7187500000,165779.7968750000,165204.0156250000,132455.4375000000,120649.8828125000,133789.7343750000,149380.6406250000,,,
26.9359999564,210,175553.5312500000,197690.1718750000,165171.8750000000,164284.7343750000,131565.5312500000,119800.6406250000,132833.2812500000,152526.1406250000,,,
26.9399999564,210,175495.0781250000,211656.5156250000,165144.2812500000,164185.0156250000,131513.1718750000,119726.2890625000,132749.8593750000,154155.9843750000,,,
26.9439999564,210,175815.7187500000,210033.0625000000,165632.0937500000,164873.1875000000,132191.1406250000,120367.2343750000,133466.2812500000,152607.9531250000,,,
26.9479999566,210,176101.3437500000,194759.0937500000,166039.2500000000,165518.9218750000,132794.8750000000,120957.1328125000,134122.6406250000,149750.2500000000,,,
26.9519999565,210,175945.1250000000,185575.0625000000,165778.6718750000,165193.6875000000,132453.7968750000,120644.0625000000,133779.9375000000,149384.4687500000,,,
26.9559999565,210,175544.6718750000,197576.5312500000,165172.9531250000,164276.5781250000,131569.0781250000,119796.6406250000,132832.7500000000,152469.8750000000,,,
26.9599999564,210,175488.1406250000,211427.4687500000,165142.2031250000,164177.8750000000,131514.9218750000,119723.1796875000,132746.1093750000,154109.9375000000,,,
26.9639999564,210,175807.3125000000,209993.9218750000,165623.9843750000,164859.3906250000,132181.4531250000,120356.0468750000,133448.1562500000,152611.5937500000,,,
26.9679999566,210,176091.1718750000,194995.2500000000,166029.6718750000,165508.1718750000,132780.1250000000,120940.6093750000,134101.0781250000,149786.7500000000,,,
26.9719999565,210,175923.4531250000,185787.5312500000,165757.4843750000,165186.7031250000,132432.7812500000,120627.0859375000,133755.5937500000,149386.0468750000,,,
26.9759999565,210,175521.9843750000,197425.8437500000,165150.1562500000,164277.2500000000,131549.6093750000,119784.0625000000,132810.3437500000,152412.0625000000,,,
26.9799999564,210,175453.0000000000,211142.4843750000,165106.3750000000,164174.1406250000,131479.0312500000,119695.7421875000,132707.1718750000,154050.2031250000,,,
26.9839999564,210,175760.2968750000,209912.9062500000,165575.9843750000,164844.1875000000,132129.9531250000,120310.0703125000,133394.1093750000,152587.0312500000,,,
26.9879999564,210,176050.8125000000,195226.2968750000,165989.8437500000,165495.0000000000,132738.9218750000,120897.7187500000,134055.6250000000,149798.6250000000,,,
26.9919999565,210,175909.3750000000,185987.1093750000,165746.7031250000,165203.6562500000,132427.7031250000,120618.2343750000,133746.1250000000,149381.1250000000,,,
26.9959999565,210,175526.8906250000,197290.0781250000,165157.7656250000,164312.3125000000,131566.6875000000,119798.0390625000,132825.3906250000,152374.2031250000,,,
26.9999999565,210,175467.5312500000,210878.3125000000,165122.3906250000,164201.2656250000,131500.3906250000,119712.7421875000,132726.7656250000,154029.1250000000,,,
27.0039999564,210,175770.1093750000,209842.4687500000,165584.2968750000,164849.3437500000,132139.1250000000,120315.0859375000,133400.6562500000,152607.8125000000,,,
27.0079999564,211,176055.5312500000,195450.6875000000,165990.7343750000,165484.3593750000,132736.2968750000,120897.1796875000,134052.0312500000,149850.0468750000,,,
27.0119999563,211,175914.4531250000,186222.8281250000,165751.7187500000,165202.4531250000,132430.2187500000,120622.2812500000,133749.5468750000,149410.1093750000,,,
27.0159999563,211,175535.7500000000,197191.5625000000,165170.6406250000,164328.4062500000,131581.7031250000,119812.3046875000,132844.2187500000,152346.7812500000,,,
27.0199999562,211,175479.4687500000,210647.8281250000,165135.3437500000,164222.9843750000,131514.0625000000,119725.0859375000,132744.2343750000,154008.0312500000,,,
27.0239999562,211,175774.0000000000,209781.4375000000,165588.8750000000,164845.7187500000,132141.9375000000,120319.1953125000,133405.9843750000,152623.7031250000,,,
27.0279999562,211,176048.1875000000,195665.0312500000,165986.3281250000,165461.4687500000,132728.7500000000,120892.2968750000,134047.4375000000,149888.8593750000,,,
27.0319999564,211,175902.6250000000,186436.0312500000,165745.7343750000,165181.0000000000,132425.6718750000,120622.4687500000,133747.6718750000,149416.7968750000,,,
27.0359999563,211,175523.5468750000,197118.9531250000,165161.3281250000,164301.6406250000,131578.8125000000,119816.4921875000,132841.7031250000,152305.9375000000,,,
27.0399999563,211,175466.3593750000,210465.7500000000,165121.7187500000,164182.7031250000,131506.1250000000,119723.5000000000,132735.5468750000,153970.1875000000,,,
27.0439999562,211,175778.0781250000,209702.5937500000,165590.4687500000,164832.2500000000,132144.2187500000,120323.5937500000,133405.9531250000,152626.0312500000,,,
27.0479999562,211,176067.8125000000,195717.4062500000,166003.6562500000,165481.0468750000,132743.9062500000,120903.0859375000,134057.8437500000,149920.2500000000,,,
27.0519999564,211,175925.0625000000,186405.6875000000,165765.8281250000,165200.5000000000,132445.9375000000,120635.3750000000,133762.4843750000,149420.3906250000,,,
27.0559999563,211,175531.6406250000,196987.5937500000,165165.1406250000,164299.7031250000,131582.6718750000,119814.3203125000,132841.3281250000,152283.4843750000,,,
27.0599999563,211,175463.7343750000,210469.2968750000,165114.2343750000,164159.3750000000,131494.5937500000,119708.3984375000,132720.1250000000,153968.0781250000,,,
27.0639999562,211,175764.1093750000,209794.8750000000,165573.6718750000,164806.2968750000,132123.5468750000,120300.9531250000,133382.2968750000,152625.7343750000,,,
27.0679999562,211,176048.5000000000,195588.4843750000,165982.5781250000,165454.2812500000,132724.6718750000,120886.3203125000,134035.3906250000,149870.7031250000,,,
27.0719999562,211,175916.0000000000,186004.3593750000,165756.2500000000,165188.8593750000,132440.3125000000,120632.3671875000,133754.0781250000,149350.1093750000,,,
27.0759999563,211,175519.4843750000,196835.2187500000,165150.8750000000,164282.6718750000,131565.9843750000,119799.1640625000,132820.1875000000,152277.2812500000,,,
27.0799999563,211,175437.0625000000,210749.1250000000,165088.8125000000,164136.5625000000,131464.6875000000,119677.8203125000,132686.5625000000,154008.8437500000,,,
27.0839999563,211,175744.5625000000,210071.0625000000,165557.7187500000,164796.0468750000,132108.8750000000,120287.1953125000,133368.1406250000,152640.5468750000,,,
27.0879999562,211,176046.5937500000,195419.4687500000,165985.6562500000,165460.7500000000,132736.2656250000,120899.8125000000,134049.6875000000,149821.9375000000,,,
27.0919999562,211,175913.3437500000,185567.0937500000,165756.1875000000,165199.5000000000,132447.6406250000,120642.1562500000,133764.2500000000,149288.3437500000,,,
27.0959999564,211,175515.1718750000,196818.6250000000,165146.0781250000,164286.9687500000,131559.1250000000,119797.4218750000,132817.4531250000,152310.5468750000,,,
27.0999999563,211,175444.5000000000,211144.2968750000,165093.7187500000,164144.4843750000,131465.5156250000,119685.1718750000,132688.3593750000,154097.8906250000,,,
27.1039999563,211,175760.3593750000,210471.2500000000,165569.1406250000,164816.9687500000,132117.2656250000,120301.7578125000,133372.8281250000,152709.6875000000,,,
27.1079999562,211,176069.9843750000,195447.0468750000,166009.6562500000,165512.6562500000,132761.3125000000,120925.0781250000,134070.8593750000,149815.6875000000,,,
27.1119999562,211,175923.8125000000,185285.2500000000,165768.4062500000,165220.9375000000,132459.6718750000,120653.5000000000,133772.1562500000,149240.5937500000,,,
27.1159999561,211,175517.7812500000,196798.5312500000,165149.2968750000,164275.3281250000,131558.2343750000,119794.6875000000,132810.7031250000,152324.0937500000,,,
27.1199999563,211,175445.8906250000,211432.8281250000,165093.5625000000,164132.0625000000,131464.2031250000,119683.8593750000,132683.3437500000,154150.4687500000,,,
27.1239999563,211,175750.7968750000,210680.5156250000,165559.7812500000,164797.2031250000,132113.3750000000,120300.3359375000,133368.9531250000,152715.1875000000,,,
27.1279999563,211,176055.5000000000,195301.2656250000,165994.1093750000,165487.1093750000,132753.0000000000,120926.3359375000,134064.2812500000,149751.0000000000,,,
27.1319999562,211,175922.1250000000,184966.6093750000,165765.5312500000,165225.9218750000,132459.7812500000,120661.5468750000,133771.9218750000,149179.5468750000,,,
27.1359999562,212,175516.0781250000,196695.1562500000,165145.3437500000,164286.0156250000,131549.3906250000,119792.8125000000,132798.6875000000,152321.0937500000,,,
27.1399999561,212,175449.8281250000,211511.1406250000,165098.2812500000,164135.9843750000,131461.5468750000,119687.2656250000,132677.6875000000,154170.6406250000,,,
27.1439999561,212,175762.2500000000,210686.3437500000,165573.9687500000,164803.0156250000,132123.2968750000,120307.0703125000,133377.2656250000,152712.2812500000,,,
27.1479999560,212,176059.3593750000,195229.2968750000,166002.3750000000,165484.4843750000,132758.1875000000,120918.9843750000,134068.6562500000,149730.0000000000,,,
27.1519999560,212,175917.3906250000,184855.5937500000,165768.2656250000,165213.0781250000,132461.4218750000,120643.4687500000,133772.0781250000,149145.0781250000,,,
27.1559999560,212,175520.4218750000,196525.5312500000,165157.9218750000,164282.2656250000,131563.0625000000,119782.0781250000,132809.0312500000,152297.5625000000,,,
27.1599999561,212,175446.3437500000,211423.9531250000,165099.7968750000,164125.5468750000,131464.4375000000,119669.3984375000,132679.2968750000,154167.3125000000,,,
27.1639999561,212,175778.7812500000,210649.4375000000,165593.1093750000,164810.9531250000,132145.0781250000,120320.0781250000,133400.4687500000,152730.7187500000,,,
27.1679999561,212,176098.6406250000,195244.7812500000,166040.9062500000,165510.1250000000,132799.2500000000,120961.1562500000,134113.2656250000,149778.6718750000,,,
27.1719999560,212,175954.2500000000,184853.3125000000,165803.4843750000,165242.9843750000,132499.7500000000,120689.5234375000,133816.7968750000,149183.2812500000,,,
27.1759999560,212,175543.0468750000,196424.3906250000,165178.2656250000,164301.2031250000,131586.1875000000,119817.9375000000,132840.8125000000,152309.9375000000,,,
27.1799999562,212,175462.1718750000,211356.5937500000,165110.7500000000,164144.1093750000,131476.0312500000,119689.2500000000,132695.4375000000,154189.4843750000,,,
27.1839999561,212,175767.0312500000,210716.4062500000,165578.7968750000,164797.6562500000,132128.9531250000,120306.8828125000,133385.8906250000,152758.5312500000,,,
27.1879999561,212,176074.4375000000,195406.9531250000,166016.6093750000,165492.0312500000,132773.8750000000,120933.1250000000,134087.3750000000,149799.4687500000,,,
27.1919999560,212,175950.4375000000,184932.3281250000,165802.2812500000,165245.7968750000,132498.9375000000,120683.8125000000,133818.4531250000,149194.2187500000,,,
27.1959999560,212,175540.7656250000,196347.1718750000,165177.0000000000,164305.1250000000,131584.1718750000,119810.6484375000,132842.7500000000,152298.1093750000,,,
27.1999999559,212,175437.3593750000,211286.4375000000,165085.9687500000,164115.0312500000,131449.2812500000,119657.4921875000,132671.9687500000,154171.1406250000,,,
27.2039999561,212,175754.6093750000,210788.1875000000,165565.8906250000,164781.2343750000,132113.9062500000,120285.9609375000,133374.1718750000,152773.5781250000,,,
27.2079999561,212,176082.5468750000,195612.8281250000,166025.5937500000,165494.5937500000,132781.6250000000,120936.7968750000,134101.3750000000,149841.6250000000,,,
27.2119999561,212,175957.6562500000,185060.8281250000,165809.1718750000,165253.9843750000,132507.7656250000,120693.4375000000,133834.2812500000,149206.9843750000,,,
27.2159999560,212,175539.9062500000,196295.4531250000,165176.0625000000,164300.8281250000,131584.7656250000,119813.9140625000,132853.0468750000,152278.1718750000,,,
27.2199999560,212,175435.9687500000,211233.0000000000,165084.4062500000,164113.0468750000,131445.3750000000,119661.4843750000,132681.2343750000,154167.9843750000,,,
27.2239999562,212,175739.6250000000,210866.2031250000,165549.1562500000,164771.0156250000,132092.3437500000,120275.3125000000,133364.2031250000,152785.2500000000,,,
27.2279999561,212,176064.8593750000,195766.5312500000,166007.0312500000,165487.3593750000,132758.9531250000,120923.4140625000,134088.7187500000,149843.7968750000,,,
27.2319999561,212,175941.9375000000,185091.7031250000,165793.4531250000,165252.0781250000,132488.4843750000,120685.2343750000,133824.9687500000,149175.7343750000,,,
27.2359999560,212,175529.5468750000,196189.6718750000,165164.0937500000,164308.4531250000,131568.2968750000,119809.5703125000,132845.9687500000,152234.8281250000,,,
27.2399999560,212,175434.2968750000,211148.2968750000,165079.6875000000,164118.4375000000,131436.2031250000,119662.6406250000,132679.0781250000,154148.2343750000,,,
27.2439999559,212,175737.7187500000,210856.5000000000,165545.1875000000,164765.9843750000,132084.7812500000,120274.8046875000,133363.7187500000,152783.3125000000,,,
27.2479999561,212,176053.8125000000,195776.0468750000,165993.7812500000,165470.0312500000,132745.3906250000,120912.6015625000,134083.1875000000,149832.5937500000,,,
27.2519999561,212,175924.1562500000,185012.2812500000,165777.4062500000,165229.4843750000,132475.2031250000,120671.8750000000,133821.0781250000,149135.6406250000,,,
27.2559999560,212,175519.1406250000,196040.6250000000,165157.3125000000,164294.6562500000,131564.5625000000,119804.2656250000,132850.9375000000,152193.7656250000,,,
27.2599999560,212,175437.4687500000,211080.5781250000,165085.2656250000,164129.6718750000,131444.2500000000,119663.4765625000,132692.7656250000,154140.5625000000,,,
27.2639999560,213,175742.4062500000,210863.1718750000,165552.1562500000,164788.2656250000,132092.8593750000,120268.4687500000,133372.4375000000,152784.5781250000,,,
27.2679999559,213,176046.6250000000,195795.2187500000,165991.2343750000,165470.1406250000,132743.9062500000,120900.0781250000,134080.9375000000,149824.2968750000,,,
27.2719999559,213,175923.0000000000,184944.1875000000,165782.1093750000,165223.3750000000,132483.0156250000,120671.0156250000,133827.0625000000,149111.5000000000,,,
27.2759999558,213,175533.5156250000,195899.4062500000,165172.7031250000,164300.3437500000,131581.0937500000,119815.7968750000,132863.0781250000,152172.6875000000,,,
27.2799999558,213,175457.1875000000,211023.9218750000,165100.8437500000,164135.9062500000,131458.1718750000,119676.4531250000,132701.1250000000,154151.5312500000,,,
27.2839999557,213,175761.9375000000,210929.5937500000,165565.6562500000,164786.8906250000,132106.2968750000,120286.7890625000,133383.0312500000,152822.3125000000,,,
27.2879999559,213,176067.8437500000,195943.3281250000,166009.1875000000,165475.7968750000,132759.7656250000,120920.7578125000,134092.3437500000,149867.0781250000,,,
27.2919999559,213,175957.0625000000,185023.5781250000,165814.8593750000,165264.1406250000,132513.4843750000,120699.3984375000,133849.8906250000,149139.3750000000,,,
27.2959999559,213,175554.9687500000,195839.9843750000,165190.2812500000,164325.9531250000,131600.7187500000,119830.5468750000,132874.9375000000,152172.1718750000,,,
27.2999999558,213,175467.0781250000,210966.5312500000,165107.5000000000,164132.0156250000,131467.3593750000,119680.1328125000,132703.3281250000,154155.4843750000,,,
27.3039999558,213,175776.0781250000,211023.4375000000,165575.4687500000,164783.4687500000,132115.5468750000,120287.3828125000,133386.9375000000,152859.3593750000,,,
27.3079999560,213,176094.6875000000,196184.5937500000,166031.3125000000,165490.3906250000,132781.1718750000,120933.0703125000,134113.0468750000,149928.9531250000,,,
27.3119999559,213,175974.6406250000,185206.6406250000,165830.9218750000,165272.2187500000,132531.6093750000,120713.7734375000,133869.9843750000,149171.5781250000,,,
27.3159999559,213,175575.4687500000,195782.5625000000,165213.7968750000,164342.9687500000,131626.6875000000,119856.6953125000,132905.1718750000,152167.4531250000,,,
27.3199999558,213,175478.1250000000,210831.0156250000,165122.4687500000,164150.0625000000,131480.4843750000,119696.2500000000,132722.0468750000,154152.0468750000,,,
27.3239999558,213,175769.6406250000,211026.0468750000,165575.5781250000,164783.5781250000,132109.7500000000,120290.6796875000,133383.8281250000,152883.2187500000,,,
27.3279999557,213,176080.4531250000,196475.7343750000,166023.6093750000,165486.7656250000,132766.2031250000,120929.3984375000,134100.0312500000,149988.6875000000,,,
27.3319999559,213,175970.0468750000,185538.5312500000,165831.0625000000,165284.2656250000,132529.1718750000,120719.9687500000,133870.9687500000,149210.6875000000,,,
27.3359999559,213,175574.1875000000,195716.8750000000,165217.2812500000,164365.5781250000,131635.2656250000,119868.9843750000,132917.6093750000,152126.6875000000,,,
27.3399999558,213,175473.3906250000,210505.7187500000,165117.7187500000,164158.3437500000,131480.7187500000,119697.0546875000,132725.2500000000,154092.2343750000,,,
27.3439999558,213,175768.4218750000,210892.1718750000,165567.0937500000,164783.9218750000,132099.7500000000,120279.4687500000,133377.1250000000,152878.7812500000,,,
27.3479999558,213,176084.3906250000,196820.8437500000,166016.9531250000,165478.1250000000,132752.3125000000,120914.4843750000,134086.2968750000,150054.0312500000,,,
27.3519999560,213,175973.9375000000,186022.2656250000,165828.8593750000,165280.7187500000,132524.9843750000,120714.2578125000,133866.0156250000,149256.4531250000,,,
27.3559999559,213,175571.0625000000,195667.0937500000,165211.3593750000,164358.9531250000,131636.4218750000,119873.3828125000,132922.0312500000,152069.6093750000,,,
27.3599999559,213,175461.4218750000,210060.6093750000,165102.4843750000,164146.6875000000,131470.1093750000,119697.1093750000,132718.5625000000,154010.2656250000,,,
27.3639999558,213,175740.9375000000,210651.9062500000,165535.6093750000,164751.5468750000,132066.2812500000,120254.7656250000,133343.1093750000,152853.5000000000,,,
27.3679999558,213,176044.4531250000,197242.8437500000,165972.5937500000,165423.7656250000,132702.8125000000,120869.7734375000,134032.4687500000,150113.7656250000,,,
27.3719999557,213,175947.7656250000,186750.2500000000,165803.8281250000,165244.9062500000,132499.7812500000,120693.5234375000,133838.5781250000,149321.3906250000,,,
27.3759999559,213,175563.9843750000,195694.6406250000,165208.9687500000,164369.0937500000,131645.2187500000,119882.4453125000,132930.2187500000,152011.6093750000,,,
27.3799999559,213,175450.4218750000,209401.9843750000,165088.4375000000,164147.9687500000,131469.4531250000,119692.8671875000,132715.2031250000,153887.9062500000,,,
27.3839999558,213,175721.3750000000,210197.9843750000,165506.8906250000,164718.6093750000,132042.3281250000,120231.6718750000,133319.6250000000,152806.5625000000,,,
27.3879999558,213,176035.2187500000,197547.3437500000,165956.7656250000,165389.1562500000,132684.2343750000,120852.1484375000,134021.0781250000,150180.0937500000,,,
27.3919999558,214,175947.7031250000,187253.3750000000,165804.1562500000,165229.7031250000,132502.9687500000,120694.7031250000,133852.6562500000,149370.1718750000,,,
27.3959999557,214,175572.6250000000,195663.9062500000,165222.3593750000,164379.6250000000,131670.2187500000,119905.8359375000,132968.0312500000,151969.5312500000,,,
27.3999999557,214,175463.5468750000,209130.7968750000,165107.3750000000,164159.5000000000,131497.9375000000,119722.8593750000,132763.8125000000,153851.5000000000,,,
27.4039999556,214,175736.2968750000,210052.5625000000,165529.0156250000,164726.6250000000,132069.0625000000,120265.7343750000,133369.5312500000,152814.9687500000,,,
27.4079999556,214,176049.5781250000,197503.3593750000,165979.6718750000,165402.0312500000,132710.2500000000,120886.7187500000,134070.1875000000,150202.6718750000,,,
27.4119999555,214,175973.9843750000,187123.0781250000,165838.3437500000,165265.8906250000,132542.9375000000,120742.3671875000,133914.0781250000,149377.6562500000,,,
27.4159999557,214,175580.4843750000,195465.8437500000,165234.7812500000,164395.3750000000,131689.8750000000,119947.3281250000,133017.7968750000,151958.5000000000,,,
27.4199999557,214,175456.4375000000,209093.2343750000,165103.7500000000,164149.6250000000,131500.7343750000,119754.9921875000,132804.9062500000,153862.9531250000,,,
27.4239999556,214,175737.6875000000,210163.8750000000,165535.2812500000,164718.1875000000,132080.7656250000,120295.5078125000,133415.2343750000,152847.0625000000,,,
27.4279999556,214,176059.9218750000,197309.7031250000,165999.0937500000,165417.2500000000,132742.6250000000,120932.7187500000,134140.7031250000,150182.9375000000,,,
27.4319999556,214,175974.2812500000,186449.2500000000,165849.4843750000,165269.4531250000,132573.1406250000,120786.6171875000,133987.4375000000,149294.5625000000,,,
27.4359999557,214,175578.9218750000,195126.2500000000,165237.7812500000,164371.1093750000,131702.7343750000,119959.0781250000,133063.7343750000,151958.2187500000,,,
27.4399999557,214,175457.0156250000,209529.2812500000,165105.2968750000,164125.4062500000,131504.6250000000,119751.0703125000,132832.4218750000,153966.5937500000,,,
27.4439999557,214,175733.9375000000,210658.6562500000,165534.5312500000,164717.1562500000,132088.2500000000,120302.2656250000,133449.0312500000,152910.7656250000,,,
27.4479999556,214,176057.4375000000,197136.5156250000,165995.7500000000,165425.8593750000,132752.5156250000,120952.6250000000,134169.2343750000,150129.2343750000,,,
27.4519999556,214,175965.3593750000,185806.8125000000,165833.7656250000,165254.5625000000,132565.2812500000,120795.5234375000,133995.8281250000,149196.9843750000,,,
27.4559999555,214,175556.3125000000,195022.1093750000,165206.2812500000,164328.5625000000,131665.2656250000,119938.0468750000,133043.0625000000,151966.0937500000,,,
27.4599999557,214,175449.6250000000,210091.1875000000,165090.9531250000,164097.0625000000,131482.0937500000,119738.4375000000,132818.2812500000,154063.0000000000,,,
27.4639999557,214,175749.5937500000,211153.2031250000,165544.8906250000,164722.8437500000,132097.9531250000,120317.9843750000,133464.4062500000,152973.2968750000,,,
27.4679999556,214,176090.8281250000,197049.5625000000,166028.8437500000,165449.1093750000,132788.8906250000,120988.0546875000,134213.9531250000,150102.7656250000,,,
27.4719999556,214,176000.3593750000,185407.6718750000,165866.5156250000,165289.6250000000,132598.7187500000,120825.0546875000,134030.3750000000,149155.6250000000,,,
27.4759999556,214,175587.1406250000,195024.4062500000,165231.4218750000,164359.7343750000,131683.7656250000,119952.4843750000,133052.6562500000,152019.2343750000,,,
27.4799999557,214,175465.6562500000,210538.1250000000,165103.2968750000,164119.6718750000,131484.0781250000,119738.8671875000,132809.3593750000,154157.8906250000,,,
27.4839999557,214,175744.8281250000,211536.1406250000,165538.6875000000,164733.6250000000,132085.6093750000,120303.6328125000,133436.4531250000,153004.1406250000,,,
27.4879999557,214,176073.1718750000,197041.2500000000,166010.9843750000,165461.9843750000,132772.6562500000,120968.7734375000,134177.3437500000,150051.0781250000,,,
27.4919999556,214,175984.2656250000,185134.6406250000,165852.9218750000,165307.5937500000,132586.2812500000,120803.6015625000,133997.8125000000,149084.0156250000,,,
27.4959999556,214,175562.6406250000,194937.9843750000,165208.8125000000,164357.1250000000,131654.1875000000,119911.6015625000,133002.0156250000,151998.4218750000,,,
27.4999999555,214,175415.2343750000,210726.5468750000,165053.9687500000,164084.6718750000,131425.8750000000,119668.4062500000,132729.1562500000,154152.1250000000,,,
27.5039999557,214,175675.9375000000,211678.2500000000,165470.8906250000,164677.2812500000,132013.9687500000,120218.7968750000,133343.2500000000,152947.8437500000,,,
27.5079999557,214,175991.9062500000,196910.0781250000,165929.2500000000,165401.9531250000,132689.7812500000,120873.9296875000,134073.2968750000,149928.8281250000,,,
27.5119999556,214,175897.9843750000,184799.1093750000,165768.0000000000,165251.1562500000,132499.3437500000,120704.8671875000,133892.0781250000,148937.4843750000,,,
27.5159999556,214,175493.5468750000,194697.6875000000,165142.5312500000,164301.5781250000,131582.2500000000,119828.7265625000,132910.7500000000,151908.0625000000,,,
27.5199999555,215,175401.7343750000,210678.9687500000,165041.1250000000,164064.9218750000,131407.5312500000,119641.7968750000,132691.6406250000,154146.8125000000,,,
27.5239999555,215,175700.3593750000,211710.0937500000,165494.9687500000,164694.3906250000,132032.3281250000,120231.7500000000,133344.6718750000,152988.9531250000,,,
27.5279999555,215,176020.0156250000,196908.7656250000,165958.3750000000,165414.1875000000,132713.7343750000,120890.4531250000,134080.7187500000,149959.7187500000,,,
27.5319999554,215,175926.4062500000,184648.6250000000,165798.5000000000,165259.5312500000,132525.1250000000,120721.5781250000,133899.6250000000,148944.1093750000,,,
27.5359999554,215,175532.9531250000,194545.3906250000,165181.9531250000,164323.5937500000,131616.6562500000,119853.3203125000,132923.2968750000,151940.5625000000,,,
27.5399999553,215,175454.9375000000,210682.5312500000,165090.3593750000,164098.8593750000,131452.2187500000,119675.7265625000,132712.2031250000,154220.5156250000,,,
27.5439999555,215,175785.7812500000,211845.4062500000,165573.7812500000,164760.4218750000,132106.3437500000,120296.7421875000,133398.0156250000,153100.8125000000,,,
27.5479999555,215,176134.5468750000,197071.3906250000,166066.6093750000,165534.5156250000,132818.9531250000,120985.3437500000,134168.4062500000,150088.9843750000,,,
27.5519999554,215,176036.4531250000,184710.5156250000,165900.7343750000,165375.1406250000,132630.0000000000,120818.6718750000,133989.6562500000,149048.7968750000,,,
27.5559999554,215,175596.5000000000,194537.8593750000,165236.6718750000,164387.0000000000,131675.1875000000,119909.4843750000,132975.1093750000,152002.3125000000,,,
27.5599999554,215,175470.5468750000,210757.2656250000,165099.4843750000,164114.2343750000,131461.2812500000,119683.6171875000,132715.4843750000,154261.4218750000,,,
27.5639999555,215,175774.6718750000,211980.8593750000,165557.5312500000,164754.2500000000,132092.1562500000,120278.5546875000,133373.8593750000,153120.7343750000,,,
27.5679999555,215,176121.2187500000,197211.3750000000,166050.4375000000,165511.4218750000,132806.4375000000,120971.2109375000,134144.8281250000,150097.8281250000,,,
27.5719999555,215,176038.9218750000,184773.3593750000,165904.7968750000,165373.3437500000,132635.7656250000,120823.5781250000,133981.9687500000,149048.2812500000,,,
27.5759999554,215,175605.6718750000,194491.8593750000,165246.0312500000,164407.5781250000,131683.1562500000,119923.8046875000,132969.5625000000,151997.4062500000,,,
27.5799999554,215,175456.6718750000,210748.2187500000,165083.6562500000,164119.0625000000,131442.1875000000,119673.3437500000,132686.6250000000,154254.1562500000,,,
27.5839999553,215,175725.1875000000,212056.7031250000,165509.5937500000,164716.1718750000,132038.0312500000,120231.4843750000,133314.6093750000,153092.9687500000,,,
27.5879999555,215,176075.6250000000,197340.5781250000,166008.3281250000,165482.5000000000,132758.4687500000,120926.3125000000,134093.5781250000,150064.5781250000,,,
27.5919999555,215,176000.0312500000,184819.3281250000,165869.4843750000,165353.6718750000,132598.7968750000,120788.7656250000,133943.7656250000,148996.1718750000,,,
27.5959999554,215,175576.3750000000,194377.5468750000,165220.5312500000,164387.4843750000,131657.3281250000,119892.6406250000,132942.8750000000,151929.7500000000,,,
27.5999999554,215,175436.9531250000,210653.9062500000,165065.9843750000,164101.6406250000,131422.6562500000,119646.1718750000,132665.7500000000,154216.8750000000,,,
27.6039999553,215,175719.5312500000,212062.5625000000,165504.4375000000,164710.3437500000,132033.2656250000,120221.0234375000,133307.0937500000,153095.4375000000,,,
27.6079999555,215,176058.9843750000,197422.5000000000,165993.5781250000,165465.7968750000,132744.7187500000,120906.6250000000,134077.9843750000,150067.9218750000,,,
27.6119999555,215,175984.0781250000,184843.5000000000,165857.1250000000,165340.4843750000,132588.8281250000,120772.7031250000,133934.3750000000,148974.8125000000,,,
27.6159999555,215,175559.7031250000,194257.9218750000,165207.4218750000,164377.6718750000,131646.7500000000,119880.5156250000,132933.9375000000,151885.3437500000,,,
27.6199999554,215,175408.7500000000,210536.0000000000,165042.2656250000,164079.3593750000,131397.7656250000,119623.0234375000,132642.8125000000,154179.5156250000,,,
27.6239999554,215,175681.2031250000,212033.6875000000,165469.1406250000,164685.9375000000,131993.7031250000,120186.4765625000,133268.3906250000,153067.5468750000,,,
27.6279999553,215,176019.7500000000,197453.6093750000,165950.8750000000,165435.3437500000,132700.2656250000,120872.1796875000,134033.2968750000,150040.2500000000,,,
27.6319999555,215,175943.9843750000,184799.2343750000,165812.3281250000,165312.6406250000,132544.9687500000,120740.1093750000,133887.2812500000,148924.6875000000,,,
27.6359999555,215,175536.5156250000,194085.0937500000,165182.8750000000,164372.3906250000,131622.8750000000,119859.8906250000,132903.2343750000,151832.5781250000,,,
27.6399999554,215,175415.9843750000,210418.4218750000,165046.5625000000,164102.8593750000,131402.6406250000,119620.9609375000,132637.7500000000,154173.6406250000,,,
27.6439999554,215,175693.5937500000,212032.3593750000,165476.3125000000,164716.1093750000,132002.6250000000,120184.9218750000,133269.2812500000,153089.9218750000,,,
27.6479999553,216,176032.8906250000,197508.7031250000,165962.4062500000,165461.7968750000,132713.8125000000,120870.0390625000,134040.2812500000,150064.8906250000,,,
27.6519999553,216,175962.6250000000,184749.1875000000,165833.9218750000,165330.1562500000,132568.9843750000,120749.4218750000,133909.2031250000,148928.8437500000,,,
27.6559999553,216,175552.7500000000,193949.4687500000,165199.9062500000,164390.8906250000,131638.4062500000,119871.4218750000,132921.6406250000,151826.3750000000,,,
27.6599999552,216,175415.6875000000,210382.1718750000,165045.0000000000,164098.5312500000,131393.9531250000,119616.2421875000,132633.1406250000,154178.3906250000,,,
27.6639999552,216,175690.8281250000,212107.2187500000,165473.5156250000,164702.7812500000,131992.3593750000,120180.4453125000,133261.0468750000,153106.2500000000,,,
27.6679999551,216,176024.9062500000,197590.4218750000,165954.3593750000,165449.8281250000,132700.1093750000,120870.0625000000,134031.7656250000,150068.9687500000,,,
27.6719999553,216,175954.1718750000,184713.5937500000,165828.1875000000,165342.4843750000,132559.9687500000,120750.5156250000,133908.2500000000,148904.9531250000,,,
27.6759999553,216,175544.0312500000,193848.2812500000,165194.6718750000,164395.2656250000,131632.1875000000,119868.3125000000,132922.3281250000,151799.5312500000,,,
27.6799999552,216,175411.5625000000,210386.8437500000,165043.2031250000,164089.0625000000,131393.6562500000,119616.0546875000,132639.1406250000,154184.3906250000,,,
27.6839999552,216,175695.6562500000,212231.4062500000,165480.8593750000,164689.8281250000,132002.1250000000,120185.6953125000,133274.1250000000,153140.4843750000,,,
27.6879999551,216,176039.7812500000,197734.0312500000,165972.2500000000,165453.4843750000,132720.8906250000,120881.5703125000,134049.8750000000,150107.2500000000,,,
27.6919999553,216,175977.9062500000,184727.8593750000,165853.0000000000,165365.5625000000,132589.6562500000,120771.1171875000,133930.6250000000,148924.0468750000,,,
27.6959999553,216,175562.6718750000,193780.1093750000,165212.4062500000,164410.3125000000,131655.8750000000,119884.7031250000,132935.8437500000,151805.9218750000,,,
27.6999999552,216,175420.8593750000,210406.5000000000,165047.7656250000,164094.6406250000,131401.4062500000,119624.0468750000,132635.8125000000,154203.0000000000,,,
27.7039999552,216,175689.0937500000,212321.2031250000,165468.3593750000,164676.9531250000,131989.6250000000,120181.1953125000,133252.3750000000,153154.1875000000,,,
27.7079999552,216,176034.0468750000,197828.1250000000,165966.8750000000,165434.0156250000,132714.0312500000,120882.1875000000,134038.7968750000,150115.6093750000,,,
27.7119999551,216,175981.3750000000,184752.3750000000,165862.3593750000,165347.4218750000,132597.2812500000,120781.3906250000,133936.0156250000,148915.3593750000,,,
27.7159999553,216,175573.5625000000,193712.2187500000,165228.4218750000,164405.5156250000,131666.9531250000,119895.5078125000,132943.6875000000,151784.4531250000,,,
27.7199999553,216,175430.3906250000,210398.0000000000,165058.9843750000,164097.9531250000,131405.4687500000,119624.7421875000,132635.7656250000,154200.4062500000,,,
27.7239999552,216,175701.8593750000,212408.2187500000,165482.9531250000,164681.8125000000,131998.3593750000,120184.7343750000,133260.9062500000,153175.0781250000,,,
27.7279999552,216,176044.6875000000,197965.1093750000,165980.2968750000,165448.5468750000,132720.5468750000,120885.5390625000,134045.7187500000,150141.0625000000,,,
27.7319999551,216,175993.0625000000,184814.9062500000,165875.3125000000,165371.3437500000,132605.8906250000,120794.3203125000,133943.5781250000,148922.4375000000,,,
27.7359999553,216,175579.3281250000,193642.6718750000,165234.7500000000,164414.3906250000,131673.5156250000,119908.6796875000,132950.8125000000,151770.6406250000,,,
27.7399999553,216,175416.8437500000,210346.1250000000,165044.4687500000,164080.8906250000,131392.3437500000,119617.3359375000,132623.0468750000,154187.5625000000,,,
27.7439999552,216,175686.8281250000,212476.7187500000,165465.5468750000,164667.3750000000,131981.0625000000,120170.9218750000,133237.7656250000,153183.4687500000,,,
27.7479999552,216,176039.1406250000,198122.7656250000,165970.3437500000,165443.3437500000,132713.4687500000,120878.7578125000,134031.3437500000,150158.0156250000,,,
27.7519999552,216,175984.2343750000,184882.3125000000,165864.3125000000,165367.2968750000,132600.4062500000,120785.2812500000,133934.0000000000,148909.4062500000,,,
27.7559999551,216,175564.2031250000,193543.1562500000,165217.4218750000,164406.1562500000,131662.3593750000,119895.9375000000,132939.3125000000,151729.7968750000,,,
27.7599999553,216,175400.0781250000,210251.3906250000,165029.1875000000,164066.3750000000,131380.6250000000,119601.7812500000,132614.0156250000,154165.0781250000,,,
27.7639999553,216,175676.8281250000,212455.4687500000,165459.2968750000,164664.4843750000,131976.6718750000,120156.6484375000,133236.8125000000,153181.2656250000,,,
27.7679999552,216,176029.9375000000,198173.1406250000,165962.3281250000,165440.3437500000,132707.2656250000,120865.1562500000,134026.7343750000,150163.6875000000,,,
27.7719999552,216,175981.1250000000,184894.3437500000,165863.1875000000,165359.9218750000,132602.4843750000,120783.1875000000,133939.6093750000,148903.6250000000,,,
27.7759999551,217,175563.7187500000,193421.1718750000,165220.0468750000,164400.4218750000,131668.1250000000,119893.2343750000,132948.1093750000,151707.4218750000,,,
27.7799999551,217,175400.8281250000,210145.6875000000,165027.5000000000,164058.6718750000,131379.3437500000,119595.5625000000,132609.1250000000,154159.3437500000,,,
27.7839999550,217,175671.3906250000,212460.0312500000,165450.0468750000,164643.2656250000,131966.4687500000,120149.8906250000,133223.5156250000,153190.9218750000,,,
27.7879999550,217,176020.5781250000,198246.5156250000,165952.1875000000,165414.0468750000,132696.7343750000,120862.9296875000,134015.0312500000,150171.7812500000,,,
27.7919999550,217,175968.4687500000,184874.6562500000,165852.8125000000,165335.5156250000,132594.3750000000,120779.7265625000,133929.4531250000,148882.0156250000,,,
27.7959999549,217,175550.2343750000,193277.0625000000,165208.6250000000,164383.6875000000,131659.0937500000,119887.6015625000,132934.7500000000,151669.2812500000,,,
27.7999999551,217,175391.2500000000,210050.3125000000,165019.2031250000,164048.4062500000,131369.0625000000,119589.0156250000,132596.1250000000,154144.1093750000,,,
27.8039999551,217,175658.5937500000,212499.5156250000,165438.2187500000,164627.0625000000,131949.2187500000,120135.1640625000,133199.9687500000,153198.7656250000,,,
27.8079999550,217,176010.6250000000,198369.0781250000,165945.9062500000,165404.0937500000,132682.1406250000,120841.6328125000,133992.5000000000,150175.1875000000,,,
27.8119999550,217,175964.5781250000,184883.5156250000,165855.0312500000,165348.8281250000,132592.0781250000,120770.0703125000,133932.0468750000,148855.8906250000,,,
27.8159999549,217,175547.6562500000,193168.8281250000,165211.9218750000,164396.4218750000,131661.8593750000,119887.5156250000,132953.8750000000,151636.7968750000,,,
27.8199999551,217,175384.2031250000,210007.7968750000,165016.1250000000,164049.2656250000,131365.9218750000,119580.2968750000,132605.4062500000,154136.9375000000,,,
27.8239999551,217,175652.9843750000,212558.6562500000,165438.3281250000,164636.2968750000,131949.7031250000,120122.9921875000,133214.0156250000,153204.7968750000,,,
27.8279999550,217,176008.9687500000,198464.5312500000,165949.6562500000,165413.7500000000,132690.4062500000,120837.9062500000,134017.7656250000,150181.8125000000,,,
27.8319999550,217,175964.7656250000,184887.1875000000,165859.5625000000,165359.6250000000,132601.1562500000,120769.1093750000,133951.6562500000,148841.9375000000,,,
27.8359999550,217,175550.5781250000,193070.8750000000,165217.4218750000,164406.5625000000,131666.9531250000,119882.3984375000,132964.3281250000,151613.8750000000,,,
27.8399999549,217,175389.1875000000,209965.9218750000,165019.3593750000,164059.9687500000,131366.4062500000,119580.0000000000,132619.0468750000,154136.6562500000,,,
27.8439999551,217,175655.6718750000,212611.6093750000,165435.8125000000,164646.1406250000,131944.3906250000,120122.2343750000,133225.3593750000,153221.9843750000,,,
27.8479999551,217,176009.0781250000,198554.2812500000,165943.6250000000,165423.2031250000,132681.6250000000,120832.4609375000,134024.8593750000,150196.7187500000,,,
27.8519999550,217,175971.2500000000,184897.9687500000,165858.7031250000,165365.9531250000,132600.0625000000,120771.6562500000,133961.5468750000,148845.5625000000,,,
27.8559999550,217,175557.3125000000,192975.0937500000,165218.5781250000,164415.5937500000,131670.0000000000,119888.7265625000,132975.4375000000,151606.8906250000,,,
27.8599999549,217,175386.8750000000,209911.5625000000,165010.0000000000,164049.3125000000,131358.0937500000,119572.3281250000,132613.2812500000,154140.0625000000,,,
27.8639999551,217,175649.2812500000,212688.2812500000,165420.6562500000,164619.1562500000,131927.1718750000,120108.8515625000,133208.2812500000,153247.3906250000,,,
27.8679999551,217,176014.9687500000,198718.4843750000,165945.4843750000,165408.8437500000,132681.6875000000,120838.4921875000,134025.2031250000,150234.4843750000,,,
27.8719999550,217,175980.6406250000,184915.9375000000,165871.1562500000,165374.6718750000,132615.2500000000,120784.9843750000,133977.5937500000,148847.9531250000,,,
27.8759999550,217,175561.9843750000,192870.1406250000,165227.9843750000,164425.6875000000,131685.0625000000,119898.8125000000,132993.4843750000,151595.9062500000,,,
27.8799999550,217,175389.5312500000,209859.8437500000,165020.1406250000,164059.8906250000,131372.1718750000,119576.6250000000,132632.0625000000,154148.4843750000,,,
27.8839999549,217,175652.0781250000,212793.1562500000,165430.7031250000,164623.0156250000,131937.9062500000,120107.3750000000,133224.2187500000,153283.5937500000,,,
27.8879999551,217,176009.3750000000,198932.5468750000,165947.2500000000,165404.1875000000,132681.5468750000,120826.7734375000,134030.3281250000,150260.6093750000,,,
27.8919999551,217,175978.4375000000,184943.1093750000,165874.4218750000,165375.7187500000,132614.8906250000,120780.4765625000,133983.4062500000,148828.0468750000,,,
27.8959999550,217,175567.3437500000,192767.8750000000,165231.9062500000,164435.8437500000,131680.2343750000,119898.2968750000,132993.7656250000,151568.9218750000,,,
27.8999999550,217,175403.9687500000,209791.3750000000,165027.6562500000,164069.7812500000,131367.9843750000,119581.9843750000,132633.2500000000,154150.9531250000,,,
27.9039999549,218,175670.2812500000,212774.3125000000,165439.0781250000,164636.1875000000,131940.5312500000,120116.2578125000,133230.4375000000,153296.9843750000,,,
27.9079999549,218,176032.5781250000,198920.5937500000,165960.2343750000,165420.1406250000,132697.2343750000,120842.9453125000,134049.1250000000,150280.5156250000,,,
27.9119999548,218,176006.4218750000,184959.1250000000,165897.0937500000,165391.8125000000,132645.8437500000,120805.5859375000,134016.4062500000,148851.7812500000,,,
27.9159999548,218,175581.2812500000,192670.9375000000,165246.5781250000,164425.2812500000,131706.5156250000,119917.6406250000,133023.0781250000,151561.0781250000,,,
27.9199999548,218,175400.1875000000,209730.0781250000,165025.6093750000,164047.9687500000,131373.3593750000,119583.3281250000,132644.0000000000,154145.4531250000,,,
27.9239999547,218,175662.8750000000,212764.7343750000,165434.0312500000,164622.6718750000,131936.8125000000,120117.3828125000,133232.8281250000,153298.8125000000,,,
27.9279999549,218,176022.0312500000,198910.9843750000,165951.1718750000,165420.2968750000,132680.7500000000,120842.2734375000,134041.5937500000,150279.2031250000,,,
27.9319999549,218,175989.8437500000,184952.5781250000,165883.0937500000,165406.4062500000,132620.4687500000,120802.0156250000,134002.4062500000,148840.4687500000,,,
27.9359999548,218,175569.4375000000,192551.7031250000,165233.8281250000,164463.2656250000,131687.3593750000,119918.1250000000,133013.3437500000,151531.6093750000,,,
27.9399999548,218,175382.2343750000,209655.8125000000,165004.9843750000,164070.3125000000,131349.1093750000,119571.8750000000,132625.6718750000,154128.4218750000,,,
27.9439999547,218,175641.7500000000,212780.1875000000,165414.8281250000,164628.2187500000,131914.7812500000,120099.0937500000,133219.3593750000,153289.8281250000,,,
27.9479999549,218,176017.2031250000,198961.8125000000,165951.2656250000,165430.5468750000,132680.4687500000,120834.3906250000,134044.8125000000,150278.9062500000,,,
27.9519999549,218,175996.3593750000,184966.4531250000,165891.7812500000,165412.2343750000,132633.6406250000,120803.3828125000,134015.0156250000,148836.7031250000,,,
27.9559999548,218,175581.9531250000,192460.4375000000,165248.7968750000,164460.9062500000,131706.9375000000,119926.2500000000,133031.9062500000,151519.6250000000,,,
27.9599999548,218,175399.0312500000,209601.2500000000,165021.6250000000,164066.2187500000,131367.3125000000,119584.9140625000,132640.2968750000,154139.7343750000,,,
27.9639999548,218,175654.6718750000,212831.9218750000,165425.4218750000,164630.8437500000,131925.2187500000,120110.5468750000,133222.8750000000,153323.6250000000,,,
27.9679999547,218,176016.4531250000,199092.7343750000,165943.8750000000,165432.5625000000,132672.1093750000,120838.4687500000,134032.9218750000,150311.0468750000,,,
27.9719999549,218,175987.4062500000,184995.6093750000,165878.6093750000,165413.5468750000,132620.6093750000,120803.6562500000,134002.6250000000,148829.7343750000,,,
27.9759999549,218,175562.2968750000,192358.2343750000,165226.9687500000,164445.7500000000,131686.6562500000,119919.8671875000,133016.2031250000,151484.7187500000,,,
27.9799999548,218,175379.8593750000,209525.8593750000,165000.8906250000,164050.8750000000,131346.8593750000,119572.0390625000,132628.8750000000,154117.5312500000,,,
27.9839999548,218,175645.9531250000,212885.9062500000,165416.2187500000,164608.1562500000,131914.3593750000,120096.8906250000,133219.9218750000,153329.2968750000,,,
27.9879999547,218,176019.5312500000,199233.7343750000,165950.2031250000,165415.2656250000,132677.7656250000,120831.8671875000,134042.0781250000,150325.6562500000,,,
27.9919999549,218,176007.5468750000,185037.4687500000,165904.0937500000,165416.2187500000,132647.6718750000,120815.4531250000,134029.0156250000,148831.1875000000,,,
27.9959999549,218,175594.1875000000,192264.6250000000,165264.5000000000,164471.1250000000,131723.2187500000,119929.5468750000,133046.6718750000,151474.2031250000,,,
27.9999999548,218,175407.7968750000,209469.0468750000,165033.2656250000,164071.7656250000,131374.7968750000,119573.7265625000,132645.5468750000,154126.4531250000,,,
28.0039999548,218,175661.4062500000,212947.0468750000,165433.5000000000,164619.4218750000,131927.7187500000,120093.6953125000,133222.7656250000,153359.0781250000,,,
28.0079999547,218,176030.2031250000,199388.3906250000,165963.8750000000,165417.4531250000,132688.0625000000,120830.9609375000,134043.7031250000,150361.5156250000,,,
28.0119999547,218,176006.0781250000,185078.8906250000,165906.9062500000,165424.4062500000,132650.4375000000,120810.2812500000,134024.0156250000,148827.4531250000,,,
28.0159999549,218,175586.3906250000,192165.6250000000,165258.2968750000,164472.4375000000,131720.8593750000,119927.8593750000,133038.8750000000,151451.8125000000,,,
28.0199999548,218,175403.5312500000,209400.8593750000,165026.7343750000,164064.5781250000,131374.9375000000,119576.4609375000,132641.3750000000,154128.5468750000,,,
28.0239999548,218,175663.0625000000,212972.7656250000,165432.4843750000,164620.8906250000,131935.4062500000,120101.1250000000,133226.7031250000,153381.6406250000,,,
28.0279999548,218,176036.4062500000,199475.7031250000,165966.9687500000,165434.1406250000,132702.1718750000,120840.4296875000,134055.4843750000,150385.0156250000,,,
28.0319999547,219,176023.8750000000,185109.7500000000,165923.5937500000,165452.1406250000,132677.6875000000,120833.0234375000,134050.6093750000,148838.5937500000,,,
28.0359999547,219,175611.8906250000,192070.0312500000,165285.8125000000,164512.6406250000,131751.9531250000,119956.0234375000,133069.6718750000,151449.1875000000,,,
28.0399999546,219,175412.8750000000,209326.6250000000,165036.7656250000,164082.9062500000,131379.7343750000,119581.8515625000,132646.7343750000,154126.3281250000,,,
28.0439999546,219,175646.3125000000,212976.0312500000,165415.5468750000,164600.3750000000,131907.9687500000,120081.5234375000,133199.0000000000,153372.3750000000,,,
28.0479999545,219,176012.5312500000,199518.0468750000,165942.2656250000,165393.8281250000,132664.5781250000,120818.2734375000,134019.8437500000,150372.9218750000,,,
28.0519999545,219,176012.7031250000,185119.0625000000,165909.8593750000,165427.5781250000,132653.4375000000,120823.7968750000,134030.2187500000,148822.7968750000,,,
28.0559999547,219,175604.2500000000,191963.4687500000,165273.8593750000,164495.0937500000,131734.5468750000,119947.8125000000,133054.8593750000,151419.1093750000,,,
28.0599999547,219,175403.0781250000,209259.7031250000,165024.1093750000,164065.3593750000,131365.9218750000,119570.6953125000,132632.6562500000,154118.0937500000,,,
28.0639999546,219,175646.4687500000,213013.1250000000,165416.1406250000,164597.8906250000,131913.5781250000,120076.7734375000,133201.7343750000,153390.8593750000,,,
28.0679999546,219,176020.9843750000,199620.9375000000,165954.2500000000,165406.8906250000,132685.3593750000,120819.0781250000,134034.0781250000,150398.7968750000,,,
28.0719999545,219,176016.2656250000,185162.4843750000,165919.8437500000,165432.8593750000,132672.4062500000,120821.3593750000,134040.7343750000,148821.7500000000,,,
28.0759999547,219,175614.0625000000,191872.0625000000,165288.8750000000,164511.5468750000,131756.1093750000,119956.9296875000,133066.1562500000,151400.9062500000,,,
28.0799999547,219,175414.3750000000,209177.3593750000,165035.5625000000,164081.4218750000,131375.1718750000,119577.8046875000,132631.1562500000,154113.3906250000,,,
28.0839999546,219,175649.0937500000,213035.2343750000,165413.4375000000,164604.1875000000,131900.2968750000,120073.0156250000,133177.9687500000,153400.9531250000,,,
28.0879999546,219,176017.3281250000,199740.4062500000,165944.3593750000,165403.5156250000,132662.8750000000,120814.7031250000,134009.2187500000,150415.2500000000,,,
28.0919999545,219,176011.8125000000,185205.0625000000,165910.0468750000,165441.2968750000,132654.5468750000,120822.2109375000,134029.9687500000,148811.2812500000,,,
28.0959999545,219,175608.1093750000,191766.2187500000,165277.2656250000,164516.6875000000,131741.4062500000,119955.2187500000,133062.7656250000,151367.8906250000,,,
28.0999999547,219,175417.1406250000,209097.6875000000,165031.3281250000,164078.7343750000,131371.2968750000,119579.5468750000,132633.7500000000,154106.3906250000,,,
28.1039999546,219,175665.0000000000,213115.1562500000,165424.9687500000,164600.7031250000,131914.2500000000,120079.2421875000,133192.6406250000,153435.8906250000,,,
28.1079999546,219,176038.6093750000,199955.7812500000,165967.2343750000,165407.4062500000,132690.4531250000,120823.8515625000,134026.8906250000,150462.1875000000,,,
28.1119999546,219,176044.7500000000,185260.7656250000,165950.0625000000,165456.2656250000,132701.1875000000,120847.0234375000,134056.7187500000,148828.5000000000,,,
28.1159999545,219,175632.6250000000,191687.4687500000,165308.6718750000,164516.5000000000,131776.4687500000,119976.1406250000,133078.8125000000,151365.8125000000,,,
28.1199999547,219,175429.9531250000,209037.8750000000,165049.5468750000,164079.5781250000,131387.1718750000,119590.6796875000,132639.5781250000,154114.5000000000,,,
28.1239999547,219,175661.9687500000,213132.4687500000,165422.6406250000,164589.0312500000,131907.4687500000,120080.3437500000,133182.7187500000,153451.0468750000,,,
28.1279999546,219,176014.6875000000,200015.0625000000,165938.2343750000,165378.3593750000,132657.4062500000,120807.7265625000,133999.9375000000,150462.1562500000,,,
28.1319999546,219,176006.5312500000,185289.4375000000,165907.3906250000,165415.7656250000,132658.6093750000,120825.8046875000,134029.2500000000,148802.2968750000,,,
28.1359999545,219,175609.4531250000,191588.3125000000,165282.9218750000,164506.0468750000,131754.6875000000,119971.4453125000,133073.1250000000,151329.5000000000,,,
28.1399999545,219,175416.6250000000,208973.8906250000,165033.8281250000,164082.9843750000,131375.1250000000,119585.3125000000,132640.3281250000,154099.4687500000,,,
28.1439999547,219,175654.7500000000,213120.0468750000,165416.4062500000,164604.2187500000,131903.0156250000,120075.0312500000,133188.8593750000,153445.0156250000,,,
28.1479999546,219,176019.3750000000,200012.1875000000,165945.6875000000,165394.7343750000,132664.8593750000,120809.6328125000,134009.8906250000,150463.9843750000,,,
28.1519999546,219,176019.6718750000,185321.3281250000,165925.7343750000,165430.4375000000,132675.7812500000,120831.5468750000,134043.5000000000,148810.1250000000,,,
28.1559999546,219,175609.9062500000,191520.3750000000,165289.5468750000,164507.9687500000,131761.4687500000,119966.6171875000,133076.5625000000,151305.9062500000,,,
28.1599999545,220,175407.6406250000,208927.7031250000,165026.3593750000,164063.3125000000,131367.5312500000,119576.0625000000,132624.6093750000,154088.0000000000,,,
28.1639999545,220,175643.1718750000,213147.6718750000,165402.7031250000,164584.9062500000,131890.4375000000,120069.6640625000,133168.9062500000,153452.0937500000,,,
28.1679999544,220,176005.9687500000,200069.7812500000,165928.2343750000,165384.0937500000,132649.2343750000,120813.9765625000,133994.7656250000,150476.7500000000,,,
28.1719999544,220,176007.0937500000,185353.6562500000,165907.2812500000,165434.8437500000,132659.7968750000,120844.5546875000,134032.1718750000,148814.9843750000,,,
28.1759999543,220,175598.4531250000,191433.9843750000,165271.5468750000,164512.3437500000,131745.9375000000,119978.8437500000,133067.2500000000,151292.1875000000,,,
28.1799999543,220,175385.9687500000,208856.3437500000,164994.6562500000,164046.9531250000,131337.6562500000,119568.5234375000,132607.8750000000,154075.0937500000,,,
28.1839999545,220,175621.2031250000,213187.3125000000,165372.6718750000,164558.7500000000,131861.5468750000,120052.1796875000,133154.0937500000,153454.2343750000,,,
28.1879999544,220,176005.0000000000,200192.6250000000,165924.9375000000,165381.0937500000,132646.2812500000,120808.1093750000,133999.6718750000,150492.0312500000,,,
28.1919999544,220,176019.4218750000,185396.1406250000,165923.7187500000,165450.6875000000,132675.6250000000,120847.0546875000,134049.5781250000,148812.2968750000,,,
28.1959999544,220,175607.2187500000,191336.6875000000,165290.1093750000,164522.6406250000,131761.5468750000,119981.0468750000,133081.5000000000,151266.3125000000,,,
28.1999999543,220,175390.7500000000,208779.1093750000,165012.9531250000,164057.6250000000,131348.7031250000,119572.9765625000,132615.9687500000,154066.3281250000,,,
28.2039999545,220,175615.4843750000,213219.3593750000,165378.4062500000,164568.7343750000,131861.0625000000,120052.8515625000,133148.2343750000,153463.7968750000,,,
28.2079999545,220,175994.1875000000,200314.9843750000,165921.7187500000,165394.9218750000,132640.0781250000,120806.6562500000,133986.4375000000,150507.4375000000,,,
28.2119999544,220,176006.0781250000,185428.4843750000,165913.5312500000,165441.9218750000,132670.1562500000,120847.3984375000,134041.4218750000,148802.8281250000,,,
28.2159999544,220,175602.7187500000,191240.8281250000,165281.9218750000,164503.2343750000,131762.4062500000,119990.5937500000,133083.4843750000,151245.9843750000,,,
28.2199999543,220,175387.7343750000,208706.6250000000,164999.8437500000,164021.6875000000,131343.5000000000,119576.3281250000,132611.3593750000,154064.1562500000,,,
28.2239999543,220,175621.6250000000,213258.3593750000,165374.6562500000,164538.3125000000,131860.9531250000,120050.7578125000,133150.5000000000,153486.6093750000,,,
28.2279999545,220,175998.2343750000,200452.3906250000,165919.4375000000,165361.0468750000,132639.0312500000,120794.1562500000,133986.0468750000,150530.7968750000,,,
28.2319999544,220,176021.0156250000,185484.1406250000,165927.6406250000,165442.9375000000,132683.1562500000,120850.4296875000,134051.6250000000,148801.2031250000,,,
28.2359999544,220,175618.5156250000,191138.2031250000,165301.6406250000,164530.0468750000,131778.5625000000,119996.5234375000,133097.0781250000,151221.2500000000,,,
28.2399999544,220,175392.7031250000,208625.1718750000,165011.9062500000,164054.4687500000,131347.2031250000,119572.7343750000,132612.1406250000,154052.0781250000,,,
28.2439999543,220,175619.0781250000,213281.0781250000,165380.5781250000,164561.5625000000,131857.2500000000,120048.1562500000,133142.4375000000,153491.7343750000,,,
28.2479999545,220,175999.6093750000,200530.3437500000,165926.7343750000,165379.6406250000,132641.3437500000,120803.3281250000,133989.0468750000,150543.2656250000,,,
28.2519999545,220,176022.6718750000,185510.4843750000,165931.0468750000,165459.6250000000,132689.2187500000,120862.7968750000,134062.4375000000,148796.3906250000,,,
28.2559999544,220,175617.9843750000,191042.6406250000,165300.3281250000,164540.0468750000,131785.6406250000,120007.0078125000,133108.2031250000,151199.7656250000,,,
28.2599999544,220,175399.3281250000,208550.9218750000,165015.0156250000,164056.7500000000,131361.3593750000,119578.1250000000,132627.7187500000,154049.5781250000,,,
28.2639999543,220,175630.7812500000,213291.5468750000,165387.3593750000,164551.9843750000,131874.1250000000,120050.8671875000,133155.9218750000,153508.0468750000,,,
28.2679999543,220,176011.1406250000,200589.9218750000,165937.3281250000,165364.1406250000,132656.7656250000,120801.9609375000,133995.5625000000,150562.0156250000,,,
28.2719999545,220,176036.1875000000,185543.5312500000,165948.3750000000,165458.0156250000,132705.7968750000,120862.1796875000,134063.0937500000,148808.1250000000,,,
28.2759999544,220,175627.4531250000,190953.2187500000,165316.9843750000,164552.4218750000,131799.2968750000,120013.8203125000,133117.8437500000,151190.6406250000,,,
28.2799999544,220,175392.8437500000,208478.4531250000,165015.2656250000,164060.9062500000,131355.0156250000,119580.8906250000,132633.8906250000,154047.4062500000,,,
28.2839999544,220,175614.2812500000,213325.0937500000,165373.9843750000,164547.2656250000,131851.7343750000,120039.2265625000,133142.5468750000,153518.9687500000,,,
28.2879999543,221,175995.2812500000,200703.7187500000,165924.6406250000,165359.7031250000,132635.0625000000,120791.1796875000,133980.0312500000,150577.7343750000,,,
28.2919999543,221,176021.5937500000,185588.9062500000,165937.5937500000,165445.8437500000,132692.7812500000,120861.1875000000,134066.7812500000,148797.8750000000,,,
28.2959999542,221,175623.6093750000,190855.1875000000,165308.9375000000,164533.3281250000,131795.5312500000,120013.5781250000,133119.2343750000,151160.4218750000,,,
28.2999999542,221,175392.6562500000,208392.3593750000,165000.7500000000,164030.2500000000,131346.0312500000,119565.9765625000,132607.0312500000,154030.2656250000,,,
28.3039999541,221,175606.8750000000,213339.9375000000,165353.5156250000,164513.5468750000,131838.1875000000,120024.2031250000,133117.4687500000,153517.9375000000,,,
28.3079999541,221,175981.3906250000,200811.8125000000,165897.9687500000,165339.3281250000,132614.0937500000,120771.1718750000,133953.2656250000,150578.5156250000,,,
28.3119999543,221,176010.7656250000,185623.4062500000,165919.8593750000,165460.2343750000,132676.7968750000,120848.3125000000,134045.3125000000,148777.0625000000,,,
28.3159999542,221,175614.5468750000,190758.6718750000,165302.0468750000,164578.2968750000,131782.3125000000,119999.9296875000,133101.5000000000,151121.6875000000,,,
28.3199999542,221,175383.8437500000,208306.7187500000,165001.6562500000,164082.3125000000,131333.6562500000,119550.4687500000,132596.6562500000,154007.2031250000,,,
28.3239999542,221,175596.6250000000,213359.8906250000,165355.8437500000,164541.1875000000,131824.9531250000,120007.6562500000,133109.2031250000,153517.0000000000,,,
28.3279999541,221,175974.1718750000,200922.4531250000,165902.6406250000,165349.8593750000,132606.8437500000,120765.4843750000,133954.5000000000,150590.9218750000,,,
28.3319999543,221,176005.2656250000,185663.2031250000,165923.9375000000,165457.0156250000,132677.4218750000,120847.0000000000,134051.2656250000,148769.2500000000,,,
28.3359999543,221,175605.4062500000,190657.1250000000,165300.2187500000,164554.0312500000,131784.8906250000,119999.3125000000,133108.9531250000,151094.1875000000,,,
28.3399999542,221,175373.1250000000,208228.2812500000,164995.2812500000,164046.1562500000,131333.7187500000,119547.5234375000,132602.3437500000,153997.8750000000,,,
28.3439999542,221,175596.6250000000,213400.6875000000,165355.2343750000,164530.7812500000,131829.9531250000,120008.0312500000,133114.1875000000,153537.0937500000,,,
28.3479999541,221,175981.7656250000,201073.7812500000,165909.0312500000,165354.7500000000,132615.7500000000,120770.5000000000,133961.4218750000,150620.9218750000,,,
28.3519999541,221,176015.5156250000,185731.2031250000,165935.2812500000,165463.6406250000,132691.4687500000,120860.2500000000,134067.9218750000,148771.3125000000,,,
28.3559999543,221,175618.7031250000,190576.5312500000,165312.9531250000,164567.0312500000,131800.1718750000,120020.2578125000,133130.0468750000,151079.0625000000,,,
28.3599999542,221,175385.0000000000,208151.0937500000,165001.2812500000,164061.9218750000,131338.8593750000,119561.4140625000,132612.2187500000,154002.9687500000,,,
28.3639999542,221,175600.0625000000,213422.5625000000,165352.3593750000,164538.1250000000,131823.0312500000,120012.8593750000,133111.7968750000,153560.2500000000,,,
28.3679999541,221,175971.4218750000,201154.7656250000,165896.0937500000,165328.7031250000,132601.1093750000,120766.2109375000,133952.7812500000,150635.8593750000,,,
28.3719999541,221,175999.0468750000,185773.1250000000,165919.4375000000,165429.9062500000,132676.7812500000,120855.0703125000,134058.8437500000,148764.0156250000,,,
28.3759999543,221,175605.7968750000,190488.2343750000,165301.9375000000,164538.9843750000,131792.7187500000,120020.6093750000,133125.0000000000,151051.6718750000,,,
28.3799999543,221,175380.6250000000,208062.8125000000,164998.7343750000,164030.8593750000,131339.7187500000,119564.0156250000,132610.0468750000,153989.0937500000,,,
28.3839999542,221,175600.6562500000,213425.8750000000,165354.1875000000,164507.1406250000,131828.9531250000,120007.4921875000,133112.3125000000,153567.1093750000,,,
28.3879999542,221,175987.7812500000,201256.3125000000,165913.4062500000,165328.2968750000,132623.3437500000,120765.8906250000,133965.1250000000,150663.2968750000,,,
28.3919999541,221,176027.7500000000,185811.6718750000,165950.3125000000,165461.9062500000,132713.6562500000,120865.3671875000,134082.8125000000,148775.2656250000,,,
28.3959999541,221,175632.2187500000,190390.9687500000,165330.3750000000,164573.6406250000,131824.1250000000,120029.0859375000,133146.6406250000,151038.2656250000,,,
28.3999999543,221,175393.7500000000,207987.6562500000,165011.4843750000,164059.7031250000,131350.5312500000,119560.3437500000,132617.3437500000,153982.7500000000,,,
28.4039999542,221,175601.2656250000,213431.2031250000,165354.9375000000,164522.8125000000,131826.6562500000,120004.2734375000,133109.0156250000,153571.6718750000,,,
28.4079999542,221,175976.8281250000,201304.4531250000,165900.7656250000,165346.4375000000,132606.0156250000,120759.2890625000,133948.9687500000,150669.2968750000,,,
28.4119999541,221,176024.1718750000,185859.4687500000,165943.5781250000,165478.2031250000,132702.6875000000,120870.3593750000,134076.5937500000,148783.8437500000,,,
28.4159999541,222,175629.3750000000,190319.5468750000,165325.9687500000,164585.5156250000,131820.8281250000,120037.2656250000,133147.4531250000,151025.9843750000,,,
28.4199999541,222,175385.1406250000,207926.9062500000,165003.0312500000,164053.9843750000,131345.5937500000,119561.6015625000,132613.2656250000,153980.6562500000,,,
28.4239999540,222,175595.5625000000,213462.6406250000,165347.6406250000,164523.1875000000,131825.4687500000,120003.3359375000,133105.4687500000,153588.7500000000,,,
28.4279999540,222,175974.9062500000,201395.1093750000,165895.7031250000,165343.3437500000,132611.1406250000,120758.8593750000,133950.2343750000,150690.3593750000,,,
28.4319999539,222,176023.7187500000,185920.7500000000,165941.0781250000,165473.6562500000,132712.3906250000,120873.2812500000,134080.3281250000,148792.1562500000,,,
28.4359999539,222,175634.4531250000,190253.2500000000,165330.9843750000,164581.3281250000,131833.4375000000,120048.8281250000,133154.9375000000,151015.2500000000,,,
28.4399999541,222,175390.5625000000,207869.8593750000,165005.4375000000,164050.6562500000,131346.9062500000,119570.2890625000,132614.3593750000,153982.0468750000,,,
28.4439999540,222,175593.3125000000,213494.6875000000,165343.3281250000,164505.8281250000,131814.2500000000,120002.9609375000,133099.2187500000,153605.3281250000,,,
28.4479999540,222,175972.0312500000,201501.1718750000,165894.9687500000,165325.7343750000,132602.0156250000,120760.8750000000,133949.4062500000,150716.3750000000,,,
28.4519999539,222,176018.8906250000,185962.5312500000,165940.3593750000,165471.9687500000,132706.3125000000,120875.3203125000,134083.6250000000,148793.5468750000,,,
28.4559999539,222,175633.1875000000,190160.0156250000,165331.7343750000,164590.5312500000,131833.9687500000,120048.9296875000,133164.5625000000,150991.4687500000,,,
28.4599999541,222,175394.0937500000,207778.7187500000,165009.5000000000,164051.9687500000,131353.8593750000,119567.6406250000,132625.5156250000,153968.4218750000,,,
28.4639999541,222,175605.0000000000,213500.6250000000,165355.7343750000,164512.4843750000,131829.7812500000,120000.6250000000,133111.7187500000,153615.6093750000,,,
28.4679999540,222,175984.6093750000,201574.7656250000,165907.6875000000,165331.9531250000,132615.9218750000,120751.3515625000,133948.2187500000,150731.5781250000,,,
28.4719999540,222,176036.0625000000,185988.5781250000,165961.4062500000,165485.4843750000,132725.4531250000,120867.8906250000,134088.6562500000,148792.3125000000,,,
28.4759999539,222,175640.4062500000,190049.2343750000,165345.7656250000,164599.3593750000,131843.4375000000,120043.5937500000,133176.1562500000,150957.7187500000,,,
28.4799999539,222,175382.0468750000,207681.2187500000,165003.1718750000,164030.1718750000,131339.5625000000,119556.1015625000,132620.7656250000,153938.6562500000,,,
28.4839999541,222,175579.9218750000,213510.2812500000,165331.5937500000,164474.9062500000,131797.6250000000,119978.4140625000,133082.8125000000,153603.7968750000,,,
28.4879999540,222,175957.7968750000,201675.8281250000,165880.8593750000,165303.4375000000,132582.9218750000,120730.4843750000,133925.4843750000,150728.4687500000,,,
28.4919999540,222,176009.9531250000,186018.8125000000,165934.8593750000,165465.2500000000,132698.0781250000,120857.3750000000,134074.6093750000,148765.6562500000,,,
28.4959999539,222,175626.8593750000,189951.8125000000,165331.3281250000,164587.1562500000,131830.5156250000,120042.9531250000,133167.9375000000,150920.2187500000,,,
28.4999999539,222,175376.7187500000,207599.6562500000,164996.7812500000,164038.1562500000,131333.0937500000,119549.7968750000,132613.3437500000,153922.9843750000,,,
28.5039999541,222,175565.7812500000,213527.0937500000,165321.2968750000,164472.2187500000,131786.6875000000,119965.4062500000,133078.7500000000,153605.0625000000,,,
28.5079999540,222,175943.8750000000,201779.0156250000,165872.2031250000,165296.8906250000,132574.3750000000,120720.2656250000,133921.8593750000,150740.2812500000,,,
28.5119999540,222,176006.8281250000,186068.0781250000,165938.7500000000,165461.9843750000,132702.6875000000,120858.7187500000,134082.1406250000,148767.3750000000,,,
28.5159999540,222,175627.7500000000,189859.8125000000,165339.0312500000,164594.7500000000,131838.6718750000,120045.3671875000,133176.2031250000,150901.3125000000,,,
28.5199999539,222,175376.6406250000,207513.2656250000,164998.7187500000,164043.5781250000,131335.2187500000,119548.4062500000,132614.9218750000,153916.5468750000,,,
28.5239999539,222,175566.0000000000,213536.0781250000,165319.5000000000,164473.0468750000,131786.1406250000,119963.7187500000,133080.8437500000,153618.7968750000,,,
28.5279999541,222,175937.4062500000,201855.5468750000,165863.6406250000,165289.7812500000,132567.3906250000,120713.6406250000,133923.0156250000,150756.4218750000,,,
28.5319999540,222,176001.7500000000,186107.9375000000,165933.4843750000,165464.5312500000,132700.7343750000,120855.0156250000,134091.2187500000,148764.9843750000,,,
28.5359999540,222,175621.6875000000,189760.5156250000,165335.3593750000,164599.7031250000,131839.2031250000,120042.5781250000,133188.2656250000,150869.9062500000,,,
28.5399999539,222,175367.5156250000,207424.0468750000,164989.1562500000,164040.3906250000,131327.0937500000,119535.3671875000,132615.2968750000,153892.9218750000,,,
28.5439999539,223,175559.0468750000,213561.7500000000,165310.7656250000,164466.7500000000,131773.6406250000,119945.9062500000,133073.8750000000,153621.3437500000,,,
28.5479999539,223,175937.4062500000,201969.4062500000,165864.8750000000,165287.6875000000,132563.5781250000,120707.7109375000,133927.7031250000,150773.7187500000,,,
28.5519999538,223,176004.2187500000,186144.6875000000,165938.1875000000,165465.5000000000,132702.7968750000,120856.5156250000,134101.1093750000,148763.1406250000,,,
28.5559999538,223,175627.6718750000,189675.2031250000,165340.0468750000,164601.9843750000,131841.6718750000,120046.4375000000,133198.8906250000,150852.9531250000,,,
28.5599999537,223,175379.1875000000,207353.5000000000,164998.0937500000,164040.0156250000,131331.2500000000,119543.0703125000,132627.9531250000,153895.3281250000,,,
28.5639999537,223,175572.4843750000,213584.5468750000,165321.3593750000,164478.3125000000,131780.1093750000,119955.3203125000,133085.7343750000,153643.8125000000,,,
28.5679999539,223,175961.2812500000,202082.6406250000,165886.9531250000,165315.4218750000,132581.5781250000,120721.1484375000,133948.4375000000,150812.5937500000,,,
28.5719999538,223,176030.4843750000,186217.2343750000,165963.3437500000,165496.0156250000,132725.7187500000,120873.2265625000,134124.7343750000,148785.6093750000,,,
28.5759999538,223,175647.5468750000,189614.7968750000,165358.5000000000,164619.3750000000,131858.7500000000,120057.1406250000,133216.2500000000,150843.6718750000,,,
28.5799999537,223,175386.5625000000,207292.0625000000,165004.1875000000,164038.4062500000,131333.3437500000,119538.0781250000,132635.0625000000,153884.4687500000,,,
28.5839999537,223,175571.9062500000,213598.3125000000,165317.9687500000,164464.7187500000,131772.6093750000,119943.1718750000,133088.2812500000,153639.7187500000,,,
28.5879999539,223,175948.4062500000,202147.4218750000,165868.8750000000,165289.4375000000,132560.8437500000,120703.7656250000,133935.5625000000,150805.2343750000,,,
28.5919999538,223,176012.5937500000,186267.0468750000,165944.0781250000,165479.7656250000,132704.7968750000,120854.3750000000,134110.6875000000,148765.1562500000,,,
28.5959999538,223,175642.9843750000,189531.8281250000,165355.8750000000,164634.9218750000,131855.0468750000,120054.2734375000,133215.1718750000,150811.8437500000,,,
28.5999999538,223,175394.5781250000,207209.4531250000,165012.1718750000,164072.5937500000,131339.8281250000,119545.5859375000,132636.7031250000,153881.8593750000,,,
28.6039999537,223,175582.4687500000,213619.0156250000,165330.0468750000,164498.4843750000,131780.7500000000,119949.9062500000,133086.8281250000,153669.4062500000,,,
28.6079999537,223,175955.7500000000,202260.4531250000,165880.1875000000,165313.7968750000,132568.1406250000,120705.2968750000,133932.6718750000,150842.5781250000,,,
28.6119999539,223,176018.3593750000,186336.3125000000,165954.6250000000,165501.2031250000,132713.5937500000,120860.2500000000,134112.8906250000,148780.0312500000,,,
28.6159999538,223,175647.8593750000,189466.9531250000,165365.3437500000,164654.5000000000,131865.2968750000,120060.4921875000,133224.6406250000,150802.0781250000,,,
28.6199999538,223,175389.9375000000,207141.0781250000,165010.3750000000,164069.5937500000,131336.3437500000,119537.8906250000,132637.0468750000,153871.8593750000,,,
28.6239999537,223,175568.5000000000,213633.7968750000,165318.3281250000,164475.5156250000,131766.7031250000,119933.7031250000,133078.0000000000,153666.2656250000,,,
28.6279999537,223,175937.1875000000,202347.4062500000,165863.2343750000,165292.5156250000,132550.4218750000,120687.5937500000,133923.5468750000,150841.9531250000,,,
28.6319999539,223,176009.0468750000,186395.6093750000,165948.1093750000,165486.2343750000,132709.5312500000,120855.1484375000,134116.0781250000,148774.1875000000,,,
28.6359999538,223,175652.3750000000,189397.9687500000,165373.8750000000,164652.1406250000,131878.1406250000,120071.8359375000,133241.6250000000,150786.6562500000,,,
28.6399999538,223,175383.9843750000,207062.9218750000,165008.8281250000,164058.7812500000,131338.8906250000,119539.6093750000,132642.0468750000,153861.4843750000,,,
28.6439999538,223,175555.4531250000,213650.6875000000,165309.6562500000,164456.3906250000,131763.7500000000,119928.1796875000,133071.1093750000,153676.1875000000,,,
28.6479999537,223,175940.8437500000,202453.2187500000,165868.9843750000,165294.1093750000,132561.5937500000,120693.7656250000,133918.2031250000,150876.3750000000,,,
28.6519999537,223,176018.5156250000,186447.9375000000,165959.7968750000,165497.5781250000,132725.8906250000,120868.8281250000,134117.9843750000,148789.3437500000,,,
28.6559999539,223,175650.8906250000,189296.2500000000,165375.6718750000,164652.7343750000,131885.4687500000,120082.8359375000,133249.9687500000,150761.7343750000,,,
28.6599999538,223,175393.0312500000,206958.7656250000,165018.3125000000,164064.8281250000,131349.7500000000,119551.1171875000,132653.8750000000,153854.2656250000,,,
28.6639999538,223,175563.2968750000,213644.7343750000,165313.5781250000,164455.3437500000,131765.1250000000,119927.2656250000,133068.3281250000,153686.5937500000,,,
28.6679999537,223,175934.4843750000,202529.4687500000,165858.9843750000,165280.5625000000,132547.7343750000,120682.3125000000,133910.0000000000,150881.6562500000,,,
28.6719999537,224,176010.1406250000,186495.7031250000,165947.9218750000,165483.6562500000,132711.1093750000,120850.2734375000,134107.5468750000,148778.4843750000,,,
28.6759999536,224,175645.2812500000,189221.9062500000,165364.8281250000,164639.5625000000,131872.0312500000,120060.2812500000,133228.7812500000,150733.5625000000,,,
28.6799999536,224,175386.4062500000,206884.3281250000,165004.1875000000,164045.8281250000,131331.9687500000,119529.3046875000,132626.8593750000,153838.8125000000,,,
28.6839999536,224,175567.2656250000,213670.1875000000,165312.3750000000,164454.6718750000,131759.4531250000,119921.0468750000,133062.7968750000,153701.6250000000,,,
28.6879999535,224,175942.3750000000,202646.0468750000,165862.9531250000,165273.5625000000,132548.4843750000,120677.9921875000,133908.9843750000,150908.5000000000,,,
28.6919999535,224,176023.0468750000,186557.1562500000,165960.9843750000,165483.4218750000,132723.7343750000,120861.1093750000,134118.0937500000,148787.7343750000,,,
28.6959999537,224,175662.9687500000,189144.7343750000,165385.1406250000,164659.9687500000,131892.3593750000,120085.3046875000,133248.2656250000,150721.5781250000,,,
28.6999999536,224,175402.3125000000,206808.6718750000,165022.3750000000,164066.8125000000,131347.6250000000,119548.9453125000,132641.8593750000,153836.5312500000,,,
28.7039999536,224,175570.6406250000,213683.6250000000,165315.4531250000,164467.2031250000,131759.8906250000,119925.7109375000,133060.3281250000,153711.3593750000,,,
28.7079999535,224,175937.0625000000,202710.9218750000,165856.9687500000,165279.2968750000,132540.4687500000,120676.5937500000,133900.3437500000,150916.2343750000,,,
28.7119999535,224,176016.5625000000,186586.9062500000,165954.6250000000,165480.8437500000,132717.8906250000,120863.2500000000,134115.9375000000,148784.5156250000,,,
28.7159999537,224,175653.7031250000,189059.1250000000,165375.6406250000,164654.6875000000,131886.0625000000,120081.8984375000,133246.2656250000,150700.7968750000,,,
28.7199999536,224,175391.9218750000,206725.3593750000,165009.3906250000,164056.7500000000,131339.0156250000,119543.5234375000,132635.2812500000,153830.6093750000,,,
28.7239999536,224,175551.0937500000,213678.6093750000,165296.0625000000,164439.2812500000,131744.0312500000,119912.0859375000,133049.2812500000,153716.6718750000,,,
28.7279999536,224,175924.2031250000,202767.5468750000,165846.6718750000,165262.9375000000,132531.7500000000,120672.0078125000,133896.5312500000,150933.0937500000,,,
28.7319999535,224,176011.6250000000,186633.9531250000,165949.7968750000,165492.2187500000,132714.4375000000,120865.7187500000,134110.1250000000,148793.9218750000,,,
28.7359999535,224,175649.3593750000,188976.0781250000,165370.0625000000,164659.4687500000,131882.8437500000,120087.0468750000,133239.5781250000,150681.3750000000,,,
28.7399999537,224,175383.2343750000,206642.0468750000,164998.1250000000,164059.2968750000,131327.2812500000,119540.4687500000,132619.6406250000,153815.0781250000,,,
28.7439999536,224,175550.9531250000,213706.4531250000,165290.5937500000,164445.1562500000,131737.0156250000,119911.5781250000,133032.5937500000,153724.8281250000,,,
28.7479999536,224,175922.4687500000,202912.9218750000,165839.5312500000,165254.8906250000,132525.1250000000,120666.9921875000,133879.1250000000,150950.6875000000,,,
28.7519999535,224,176010.0937500000,186707.3281250000,165949.4531250000,165485.4218750000,132717.8593750000,120864.9921875000,134107.4062500000,148785.4843750000,,,
28.7559999535,224,175661.9218750000,188910.0468750000,165385.6718750000,164676.0937500000,131902.8437500000,120098.0468750000,133252.0625000000,150662.4843750000,,,
28.7599999537,224,175407.6093750000,206578.6406250000,165023.0156250000,164078.9531250000,131353.6406250000,119558.7578125000,132642.7343750000,153824.4062500000,,,
28.7639999536,224,175566.8125000000,213738.9843750000,165303.8437500000,164460.0156250000,131748.9687500000,119919.1953125000,133045.1718750000,153756.7968750000,,,
28.7679999536,224,175934.6406250000,203009.7187500000,165849.8281250000,165278.6250000000,132532.3437500000,120672.4375000000,133887.0156250000,150985.5937500000,,,
28.7719999535,224,176029.5468750000,186772.2968750000,165968.0312500000,165525.9843750000,132733.5000000000,120877.7343750000,134123.7500000000,148808.3281250000,,,
28.7759999535,224,175678.1718750000,188822.9218750000,165403.5156250000,164719.5468750000,131918.0781250000,120109.8203125000,133265.7812500000,150655.6250000000,,,
28.7799999535,224,175409.3906250000,206485.6562500000,165025.2187500000,164098.3750000000,131352.8593750000,119555.3515625000,132639.9218750000,153818.6406250000,,,
28.7839999537,224,175563.2343750000,213751.0312500000,165300.3750000000,164455.9687500000,131742.9843750000,119909.9375000000,133038.1562500000,153764.0625000000,,,
28.7879999536,224,175937.1875000000,203122.1093750000,165853.1562500000,165276.1093750000,132534.1562500000,120666.6718750000,133886.3906250000,151006.9687500000,,,
28.7919999536,224,176030.5625000000,186845.7343750000,165970.9531250000,165518.3125000000,132738.2031250000,120872.8515625000,134124.7656250000,148812.4843750000,,,
28.7959999535,224,175680.6093750000,188750.3125000000,165408.0781250000,164701.1250000000,131927.2031250000,120108.4765625000,133273.9687500000,150636.6093750000,,,
28.7999999535,225,175409.7343750000,206403.8125000000,165026.9218750000,164076.0625000000,131357.1250000000,119547.8437500000,132642.4375000000,153807.1093750000,,,
28.8039999534,225,175570.5000000000,213764.7187500000,165312.2343750000,164453.4218750000,131756.7500000000,119910.4218750000,133049.5468750000,153780.3437500000,,,
28.8079999534,225,175947.7656250000,203208.5781250000,165868.7187500000,165285.0312500000,132552.2343750000,120673.2968750000,133902.4375000000,151035.2343750000,,,
28.8119999534,225,176045.2812500000,186899.9218750000,165991.4531250000,165539.7656250000,132761.2968750000,120885.0546875000,134146.0625000000,148830.1093750000,,,
28.8159999533,225,175687.9062500000,188674.8437500000,165422.8750000000,164725.1875000000,131942.5156250000,120118.1328125000,133291.9687500000,150625.2656250000,,,
28.8199999533,225,175411.1093750000,206317.5000000000,165035.1093750000,164079.8125000000,131360.7812500000,119554.8671875000,132653.7656250000,153801.3750000000,,,
28.8239999535,225,175561.3593750000,213771.6562500000,165306.3281250000,164437.9218750000,131743.7187500000,119903.9062500000,133043.9375000000,153787.6718750000,,,
28.8279999534,225,175934.9843750000,203305.9531250000,165855.7343750000,165264.0312500000,132534.6718750000,120661.1484375000,133892.4843750000,151048.6562500000,,,
28.8319999534,225,176039.0312500000,186957.1250000000,165982.2031250000,165521.6562500000,132752.3125000000,120881.1718750000,134144.2187500000,148828.3750000000,,,
28.8359999533,225,175697.4062500000,188600.9687500000,165427.6562500000,164718.7500000000,131950.9218750000,120126.6875000000,133303.0156250000,150609.7812500000,,,
28.8399999533,225,175418.6093750000,206241.5156250000,165034.9218750000,164083.2812500000,131364.9843750000,119555.7031250000,132651.7187500000,153797.4375000000,,,
28.8439999535,225,175570.6093750000,213792.3125000000,165309.9843750000,164445.5937500000,131751.7812500000,119909.4062500000,133042.1250000000,153809.1718750000,,,
28.8479999534,225,175939.7968750000,203429.3750000000,165860.4843750000,165260.3906250000,132540.5781250000,120666.5390625000,133890.3437500000,151081.8281250000,,,
28.8519999534,225,176044.3437500000,187025.0468750000,165992.9843750000,165524.4531250000,132763.4843750000,120892.2968750000,134150.9218750000,148839.5468750000,,,
28.8559999533,225,175703.8125000000,188517.3125000000,165439.5000000000,164739.9843750000,131961.4218750000,120140.2656250000,133311.0625000000,150595.5625000000,,,
28.8599999533,225,175419.8125000000,206152.5781250000,165041.2031250000,164094.2656250000,131365.0468750000,119558.3046875000,132653.8750000000,153787.7968750000,,,
28.8639999533,225,175563.4843750000,213808.5468750000,165304.6250000000,164438.3437500000,131738.1562500000,119898.1953125000,133034.1250000000,153813.0156250000,,,
28.8679999535,225,175938.5937500000,203528.8125000000,165857.3437500000,165262.3437500000,132531.5625000000,120661.8203125000,133886.5781250000,151096.9843750000,,,
28.8719999534,225,176035.0156250000,187093.0156250000,165980.3750000000,165511.9843750000,132749.2968750000,120886.0468750000,134143.7343750000,148834.1406250000,,,
28.8759999534,225,175685.1250000000,188450.7187500000,165420.5468750000,164722.9062500000,131944.6406250000,120134.0937500000,133303.0781250000,150560.4375000000,,,
28.8799999533,225,175413.8906250000,206072.1093750000,165036.3125000000,164083.7500000000,131364.1875000000,119565.0625000000,132658.3437500000,153772.0781250000,,,
28.8839999533,225,175562.3593750000,213811.0000000000,165304.3437500000,164429.2500000000,131743.7187500000,119908.4140625000,133040.5625000000,153822.3750000000,,,
28.8879999535,225,175933.5156250000,203596.6718750000,165855.0937500000,165249.5312500000,132536.8125000000,120666.4062500000,133889.2968750000,151109.9375000000,,,
28.8919999534,225,176035.3906250000,187141.2031250000,165987.6093750000,165518.1718750000,132763.3593750000,120894.4453125000,134153.1406250000,148837.2500000000,,,
28.8959999534,225,175698.3437500000,188358.1562500000,165437.7343750000,164737.2187500000,131968.9687500000,120148.8437500000,133324.2656250000,150544.3593750000,,,
28.8999999533,225,175416.3125000000,205969.4843750000,165034.4375000000,164086.5468750000,131364.3906250000,119559.6953125000,132656.2031250000,153755.7968750000,,,
28.9039999533,225,175553.8750000000,213823.6875000000,165291.1875000000,164422.9218750000,131727.1406250000,119890.7109375000,133023.5312500000,153821.5156250000,,,
28.9079999533,225,175915.1406250000,203770.6093750000,165834.0937500000,165237.8281250000,132509.5312500000,120641.1406250000,133864.5625000000,151122.4687500000,,,
28.9119999534,225,176021.1406250000,187227.2343750000,165973.7812500000,165523.7812500000,132746.4062500000,120882.2968750000,134141.0156250000,148822.9843750000,,,
28.9159999534,225,175688.5468750000,188282.4687500000,165431.4062500000,164742.9375000000,131959.8125000000,120145.1953125000,133317.0781250000,150511.5937500000,,,
28.9199999534,225,175411.9687500000,205875.9531250000,165032.6093750000,164098.2656250000,131359.8125000000,119562.5937500000,132652.9375000000,153743.6718750000,,,
28.9239999533,225,175551.0625000000,213819.4531250000,165289.2187500000,164438.8281250000,131722.5312500000,119892.3750000000,133015.7812500000,153832.2968750000,,,
28.9279999533,226,175917.9843750000,203842.2343750000,165834.2812500000,165246.2500000000,132506.5937500000,120645.4843750000,133852.5468750000,151143.4375000000,,,
28.9319999532,226,176032.4375000000,187294.6562500000,165980.5625000000,165519.6562500000,132751.2812500000,120890.0703125000,134128.7812500000,148837.6250000000,,,
28.9359999532,226,175692.7343750000,188214.1406250000,165430.6562500000,164732.2031250000,131961.2187500000,120151.5312500000,133307.6562500000,150495.1718750000,,,
28.9399999531,226,175408.7656250000,205779.7968750000,165026.4531250000,164080.8906250000,131355.2968750000,119559.0781250000,132648.4218750000,153724.9062500000,,,
28.9439999531,226,175549.2343750000,213807.2500000000,165285.2031250000,164419.5468750000,131717.8281250000,119878.6953125000,133014.5937500000,153831.6250000000,,,
28.9479999531,226,175923.9375000000,203897.0468750000,165840.6875000000,165238.1250000000,132512.6718750000,120632.9843750000,133858.6406250000,151154.8593750000,,,
28.9519999532,226,176044.2968750000,187345.0000000000,165994.1406250000,165535.3906250000,132767.9687500000,120888.3828125000,134150.8593750000,148844.5937500000,,,
28.9559999532,226,175707.0781250000,188141.6406250000,165448.2968750000,164762.9687500000,131983.4531250000,120154.5312500000,133333.0781250000,150482.1875000000,,,
28.9599999532,226,175420.0937500000,205691.0781250000,165038.6718750000,164089.2812500000,131366.6250000000,119553.8750000000,132652.4687500000,153720.2031250000,,,
28.9639999531,226,175551.2812500000,213802.3437500000,165286.2656250000,164403.5625000000,131716.6718750000,119874.3515625000,133009.2343750000,153838.2812500000,,,
28.9679999531,226,175925.2812500000,203954.7656250000,165841.5625000000,165234.4218750000,132511.1406250000,120637.0625000000,133860.1406250000,151168.6250000000,,,
28.9719999533,226,176043.5156250000,187399.9375000000,165995.3906250000,165525.7343750000,132766.7031250000,120895.6015625000,134155.6875000000,148849.5781250000,,,
28.9759999532,226,175707.8593750000,188055.9531250000,165454.6093750000,164743.8281250000,131988.5468750000,120167.8593750000,133345.5312500000,150459.8281250000,,,
28.9799999532,226,175418.2656250000,205591.4531250000,165041.2500000000,164080.2656250000,131368.3906250000,119564.7968750000,132663.7187500000,153705.1093750000,,,
28.9839999531,226,175549.8593750000,213810.8125000000,165287.6718750000,164408.9531250000,131717.4218750000,119877.5156250000,133013.7968750000,153845.1718750000,,,
28.9879999531,226,175916.7500000000,204084.2656250000,165834.2812500000,165223.0000000000,132503.3125000000,120627.7500000000,133853.4843750000,151183.7500000000,,,
28.9919999531,226,176036.5937500000,187485.3125000000,165991.2968750000,165516.8125000000,132763.1406250000,120891.3906250000,134152.9062500000,148845.0468750000,,,
28.9959999532,226,175705.4531250000,187980.0468750000,165455.2031250000,164759.1093750000,131989.7031250000,120169.2265625000,133345.9375000000,150431.1250000000,,,
28.9999999532,226,175415.5000000000,205498.9531250000,165039.4062500000,164085.4218750000,131364.1250000000,119562.2734375000,132659.6406250000,153689.9062500000,,,
29.0039999532,226,175551.5937500000,213811.0312500000,165288.3125000000,164408.4375000000,131714.5312500000,119878.6093750000,133009.6093750000,153859.3906250000,,,
29.0079999531,226,175918.5000000000,204172.4375000000,165835.6718750000,165226.5937500000,132501.8437500000,120630.9687500000,133851.2343750000,151209.1562500000,,,
29.0119999531,226,176032.7031250000,187562.4531250000,165988.3593750000,165526.0937500000,132760.8125000000,120894.3359375000,134152.8437500000,148855.2656250000,,,
29.0159999533,226,175697.3437500000,187927.2500000000,165446.5000000000,164757.8281250000,131984.7656250000,120169.3906250000,133344.2500000000,150409.5625000000,,,
29.0199999532,226,175403.3437500000,205411.0000000000,165023.6250000000,164082.0625000000,131351.1718750000,119553.9296875000,132647.5937500000,153664.2656250000,,,
29.0239999532,226,175532.8437500000,213816.6875000000,165264.4062500000,164402.0000000000,131691.7812500000,119862.1406250000,132989.8125000000,153849.1406250000,,,
29.0279999531,226,175901.3281250000,204272.8593750000,165810.3437500000,165215.8593750000,132477.4531250000,120616.4921875000,133829.9687500000,151214.7343750000,,,
29.0319999531,226,176023.9375000000,187625.3281250000,165973.1250000000,165523.6406250000,132747.0781250000,120888.7343750000,134140.3750000000,148851.0625000000,,,
29.0359999530,226,175701.1250000000,187834.7500000000,165448.3281250000,164767.9687500000,131988.1250000000,120177.2500000000,133350.2187500000,150387.6718750000,,,
29.0399999532,226,175413.5156250000,205313.1718750000,165029.5781250000,164088.1250000000,131356.8906250000,119567.4218750000,132654.8906250000,153663.4062500000,,,
29.0439999532,226,175544.3281250000,213834.9531250000,165274.2812500000,164396.2812500000,131700.1562500000,119874.4843750000,132996.7656250000,153878.1718750000,,,
29.0479999532,226,175907.6406250000,204427.8125000000,165820.1875000000,165202.5937500000,132485.6093750000,120622.7343750000,133836.7500000000,151256.8750000000,,,
29.0519999531,226,176026.8281250000,187714.7187500000,165982.4687500000,165522.7343750000,132759.3281250000,120895.6250000000,134150.5156250000,148862.8906250000,,,
29.0559999531,227,175700.6250000000,187764.3906250000,165452.3281250000,164780.8906250000,131996.2656250000,120180.7109375000,133353.1250000000,150366.6406250000,,,
29.0599999530,227,175397.9375000000,205214.0468750000,165019.2812500000,164091.3437500000,131345.9375000000,119549.8515625000,132638.5312500000,153636.7343750000,,,
29.0639999530,227,175511.2812500000,213847.0781250000,165243.0937500000,164387.8437500000,131664.1093750000,119836.2031250000,132956.7500000000,153863.3125000000,,,
29.0679999529,227,175867.6093750000,204617.5468750000,165779.3437500000,165186.5156250000,132439.5312500000,120578.2421875000,133789.6250000000,151258.0781250000,,,
29.0719999529,227,176001.4843750000,187812.0000000000,165958.2968750000,165521.2343750000,132732.7187500000,120871.4062500000,134123.1875000000,148838.9062500000,,,
29.0759999529,227,175690.7500000000,187700.4531250000,165442.1875000000,164781.1093750000,131986.5937500000,120174.4609375000,133348.2968750000,150332.0625000000,,,
29.0799999530,227,175409.3125000000,205132.1875000000,165026.3593750000,164101.9375000000,131355.8906250000,119560.4453125000,132654.7500000000,153632.8437500000,,,
29.0839999530,227,175545.3437500000,213838.6406250000,165271.3593750000,164419.9687500000,131696.1875000000,119863.2734375000,132991.1250000000,153897.3125000000,,,
29.0879999530,227,175909.0625000000,204606.4375000000,165817.0312500000,165215.4843750000,132482.0781250000,120610.6953125000,133831.2812500000,151298.2343750000,,,
29.0919999529,227,176030.8281250000,187851.8281250000,165986.0625000000,165528.0156250000,132766.1718750000,120891.2031250000,134156.8125000000,148876.8125000000,,,
29.0959999529,227,175714.2968750000,187645.2968750000,165468.8750000000,164793.2812500000,132018.6875000000,120191.3828125000,133378.6250000000,150339.9218750000,,,
29.0999999531,227,175419.4687500000,205057.7500000000,165041.2187500000,164092.6093750000,131371.7968750000,119564.5234375000,132671.0312500000,153631.6718750000,,,
29.1039999530,227,175537.0625000000,213839.3906250000,165268.2500000000,164388.4843750000,131689.7187500000,119851.8437500000,132987.5312500000,153894.0625000000,,,
29.1079999530,227,175898.0781250000,204712.8750000000,165809.6250000000,165206.6562500000,132468.0937500000,120598.9765625000,133820.9531250000,151301.1562500000,,,
29.1119999529,227,176029.6718750000,187917.3125000000,165985.6562500000,165539.2343750000,132759.6875000000,120894.5000000000,134155.7500000000,148867.0781250000,,,
29.1159999529,227,175711.9062500000,187568.6250000000,165464.3750000000,164797.7031250000,132010.1093750000,120197.5781250000,133373.5000000000,150309.0781250000,,,
29.1199999528,227,175420.2031250000,204944.7812500000,165038.2968750000,164101.0000000000,131365.2031250000,119573.1875000000,132664.9218750000,153614.0937500000,,,
29.1239999530,227,175536.7656250000,213819.3750000000,165264.2812500000,164383.9531250000,131685.1406250000,119858.7109375000,132982.1718750000,153902.5781250000,,,
29.1279999530,227,175896.3750000000,204768.9531250000,165805.5156250000,165190.3593750000,132467.7187500000,120603.7734375000,133818.4843750000,151323.6875000000,,,
29.1319999530,227,176023.7187500000,187969.3437500000,165979.3593750000,165529.6875000000,132758.1250000000,120893.6171875000,134149.8750000000,148877.7500000000,,,
29.1359999529,227,175707.7500000000,187483.5625000000,165464.3125000000,164791.0625000000,132016.1406250000,120199.7031250000,133377.3125000000,150287.8906250000,,,
29.1399999529,227,175413.6562500000,204844.9218750000,165036.1875000000,164090.0625000000,131365.0468750000,119568.2812500000,132664.1718750000,153595.9375000000,,,
29.1439999531,227,175536.2031250000,213806.9843750000,165266.9062500000,164381.0312500000,131685.4375000000,119856.9140625000,132983.7812500000,153904.8750000000,,,
29.1479999530,227,175897.2500000000,204794.7656250000,165806.4843750000,165192.9531250000,132463.1406250000,120598.0625000000,133813.7031250000,151323.7031250000,,,
29.1519999530,227,176032.7812500000,188002.0625000000,165988.6875000000,165531.1875000000,132761.0468750000,120896.6718750000,134153.8125000000,148879.4843750000,,,
29.1559999529,227,175719.7187500000,187414.4531250000,165477.5468750000,164807.3593750000,132023.8125000000,120207.7187500000,133387.4531250000,150275.0156250000,,,
29.1599999529,227,175417.6718750000,204766.5625000000,165034.9531250000,164100.0156250000,131357.7656250000,119564.3906250000,132656.2812500000,153585.8593750000,,,
29.1639999528,227,175526.1718750000,213809.8593750000,165250.5468750000,164377.2656250000,131662.9062500000,119836.2890625000,132958.9687500000,153903.2968750000,,,
29.1679999530,227,175886.3125000000,204877.7812500000,165792.8281250000,165182.7343750000,132446.4531250000,120584.4921875000,133797.4843750000,151334.4687500000,,,
29.1719999530,227,176021.5468750000,188073.0937500000,165977.1875000000,165514.2656250000,132752.0937500000,120886.3984375000,134145.0156250000,148880.2656250000,,,
29.1759999529,227,175708.9062500000,187360.0468750000,165466.3750000000,164789.8281250000,132019.5000000000,120203.1093750000,133386.4062500000,150250.5625000000,,,
29.1799999529,227,175411.2031250000,204680.0937500000,165029.5781250000,164084.9687500000,131358.8906250000,119565.7343750000,132664.5468750000,153569.7031250000,,,
29.1839999529,228,175519.2031250000,213830.0468750000,165244.7031250000,164365.2343750000,131662.2343750000,119840.3359375000,132965.1406250000,153914.2343750000,,,
29.1879999528,228,175881.0781250000,205028.0625000000,165787.7343750000,165178.0156250000,132444.2343750000,120590.2265625000,133801.1875000000,151367.4218750000,,,
29.1919999528,228,176030.6875000000,188185.4218750000,165985.9843750000,165547.7343750000,132761.4062500000,120907.9375000000,134157.5937500000,148903.4218750000,,,
29.1959999527,228,175719.4218750000,187307.0781250000,165476.7343750000,164830.3437500000,132028.5937500000,120224.5078125000,133393.1093750000,150244.5156250000,,,
29.1999999527,228,175401.7187500000,204588.4375000000,165021.4531250000,164086.4687500000,131347.2031250000,119561.7890625000,132648.9531250000,153552.2968750000,,,
29.2039999526,228,175504.7343750000,213812.0781250000,165231.9062500000,164343.5625000000,131645.1406250000,119825.9609375000,132945.1250000000,153904.8593750000,,,
29.2079999528,228,175866.8593750000,205095.1718750000,165775.8750000000,165150.6875000000,132429.8281250000,120573.6015625000,133781.6562500000,151364.3437500000,,,
29.2119999528,228,176002.8281250000,188236.6718750000,165961.3281250000,165494.8750000000,132740.3750000000,120881.6484375000,134134.1875000000,148876.2187500000,,,
29.2159999528,228,175697.3437500000,187216.4687500000,165459.1718750000,164792.1093750000,132020.5937500000,120209.5937500000,133386.2500000000,150197.3750000000,,,
29.2199999527,228,175412.5000000000,204464.6406250000,165033.9531250000,164102.6875000000,131367.9843750000,119573.6718750000,132667.4375000000,153543.7812500000,,,
29.2239999527,228,175528.2812500000,213789.2812500000,165254.0625000000,164373.6718750000,131672.8281250000,119843.4765625000,132963.2812500000,153934.9531250000,,,
29.2279999529,228,175887.3750000000,205167.2343750000,165793.0156250000,165162.7031250000,132449.3281250000,120588.5156250000,133793.8906250000,151403.2656250000,,,
29.2319999528,228,176027.5781250000,188303.7343750000,165982.7656250000,165520.5625000000,132761.0000000000,120900.9921875000,134149.4687500000,148904.5156250000,,,
29.2359999528,228,175721.1718750000,187147.6406250000,165480.5156250000,164811.7656250000,132038.6718750000,120227.2968750000,133402.7343750000,150194.9062500000,,,
29.2399999527,228,175422.7187500000,204360.6406250000,165038.0000000000,164100.2187500000,131365.9218750000,119577.0000000000,132666.6093750000,153533.5468750000,,,
29.2439999527,228,175530.3281250000,213778.1562500000,165249.0625000000,164368.4531250000,131659.8125000000,119839.8515625000,132956.3437500000,153941.1718750000,,,
29.2479999526,228,175883.5156250000,205240.0625000000,165783.6875000000,165162.5468750000,132431.4062500000,120574.1328125000,133780.4218750000,151412.8593750000,,,
29.2519999528,228,176024.9843750000,188371.9062500000,165980.5156250000,165516.5156250000,132750.3750000000,120890.9062500000,134133.0312500000,148903.8750000000,,,
29.2559999528,228,175717.2500000000,187081.9375000000,165481.9687500000,164806.5625000000,132036.5625000000,120219.0625000000,133393.5937500000,150166.3906250000,,,
29.2599999527,228,175405.4687500000,204259.8750000000,165028.4531250000,164081.9531250000,131356.0000000000,119559.8828125000,132664.6562500000,153503.8281250000,,,
29.2639999527,228,175513.4218750000,213765.0937500000,165239.2031250000,164349.2187500000,131649.3750000000,119818.1562500000,132954.5468750000,153932.1562500000,,,
29.2679999527,228,175880.2500000000,205347.8906250000,165785.8906250000,165150.5781250000,132433.2343750000,120560.9687500000,133786.8125000000,151431.1562500000,,,
29.2719999528,228,176030.1562500000,188466.0937500000,165989.8437500000,165519.7031250000,132763.6718750000,120888.5468750000,134161.9218750000,148913.3437500000,,,
29.2759999528,228,175722.0468750000,187033.4843750000,165488.4531250000,164820.9375000000,132047.3437500000,120220.2187500000,133426.6718750000,150148.9062500000,,,
29.2799999528,228,175403.3281250000,204168.6718750000,165024.0625000000,164079.4375000000,131350.9531250000,119545.6953125000,132675.7031250000,153483.3750000000,,,
29.2839999527,228,175497.7656250000,213757.8125000000,165219.6406250000,164321.3750000000,131629.3750000000,119789.9921875000,132955.3437500000,153922.3125000000,,,
29.2879999527,228,175859.6250000000,205459.5781250000,165763.7812500000,165126.3593750000,132407.9687500000,120531.5390625000,133789.8437500000,151436.3125000000,,,
29.2919999526,228,176015.6718750000,188557.5468750000,165977.8750000000,165515.7656250000,132748.6562500000,120868.4296875000,134171.9531250000,148910.8437500000,,,
29.2959999528,228,175719.4218750000,186973.2812500000,165490.7656250000,164834.2187500000,132049.0000000000,120214.6640625000,133446.7343750000,150130.0156250000,,,
29.2999999528,228,175401.4531250000,204068.6875000000,165025.8281250000,164095.7656250000,131350.9843750000,119543.3906250000,132689.0000000000,153472.7500000000,,,
29.3039999527,228,175493.5000000000,213744.1718750000,165217.4531250000,164338.1093750000,131624.0312500000,119788.8906250000,132959.3750000000,153933.5000000000,,,
29.3079999527,228,175854.5781250000,205534.7812500000,165759.5156250000,165134.7500000000,132405.6093750000,120537.5781250000,133796.1718750000,151461.3125000000,,,
29.3119999527,229,176013.6093750000,188623.9375000000,165976.1875000000,165522.4375000000,132753.5937500000,120878.8125000000,134187.3750000000,148923.2343750000,,,
29.3159999526,229,175720.2812500000,186909.8125000000,165492.7968750000,164838.2343750000,132057.9687500000,120228.1328125000,133464.6250000000,150113.7656250000,,,
29.3199999526,229,175412.1718750000,203972.2812500000,165035.1875000000,164096.2500000000,131364.7187500000,119559.9140625000,132706.7031250000,153466.1718750000,,,
29.3239999525,229,175504.9843750000,213746.5000000000,165227.0781250000,164332.8281250000,131636.6406250000,119798.2812500000,132973.7187500000,153948.1093750000,,,
29.3279999525,229,175865.3906250000,205642.3906250000,165769.9062500000,165129.2031250000,132416.1718750000,120536.8281250000,133804.2187500000,151485.6406250000,,,
29.3319999524,229,176025.4375000000,188717.5468750000,165989.8125000000,165522.9218750000,132765.6406250000,120881.3593750000,134198.5468750000,148935.4218750000,,,
29.3359999526,229,175736.7968750000,186868.2968750000,165509.9218750000,164849.5312500000,132074.7031250000,120234.1640625000,133482.2656250000,150100.7500000000,,,
29.3399999526,229,175427.3906250000,203888.7968750000,165048.3593750000,164112.0000000000,131375.3437500000,119558.0312500000,132719.4531250000,153455.0781250000,,,
29.3439999525,229,175515.9843750000,213752.4843750000,165234.2343750000,164351.8906250000,131638.9687500000,119793.7187500000,132980.1875000000,153959.6250000000,,,
29.3479999525,229,175874.0468750000,205770.3281250000,165774.3281250000,165155.3281250000,132416.5781250000,120538.8125000000,133812.3750000000,151516.6406250000,,,
29.3519999525,229,176029.1406250000,188815.7343750000,165991.3125000000,165537.0000000000,132767.5937500000,120891.0156250000,134206.5781250000,148948.1875000000,,,
29.3559999526,229,175728.6562500000,186817.5781250000,165501.8125000000,164847.0000000000,132068.5312500000,120241.3046875000,133480.9218750000,150079.9218750000,,,
29.3599999526,229,175418.0000000000,203790.4531250000,165042.0312500000,164108.2656250000,131368.7656250000,119563.3437500000,132714.4531250000,153437.0000000000,,,
29.3639999526,229,175502.7500000000,213745.2343750000,165223.5625000000,164332.8593750000,131626.9843750000,119789.4531250000,132964.8125000000,153962.4687500000,,,
29.3679999525,229,175853.4531250000,205902.3281250000,165756.5781250000,165118.9531250000,132397.0000000000,120525.2968750000,133786.1875000000,151530.5000000000,,,
29.3719999525,229,176028.1250000000,188906.5000000000,165995.2031250000,165533.7343750000,132772.5000000000,120896.4062500000,134206.9218750000,148952.6875000000,,,
29.3759999524,229,175739.0312500000,186762.7031250000,165517.9687500000,164876.9687500000,132086.2812500000,120256.2968750000,133499.3281250000,150069.9062500000,,,
29.3799999526,229,175419.9218750000,203716.8906250000,165045.1718750000,164129.2187500000,131373.3593750000,119567.1015625000,132724.5937500000,153429.7812500000,,,
29.3839999526,229,175502.4843750000,213753.0156250000,165224.6406250000,164350.7968750000,131628.0625000000,119786.2343750000,132974.0468750000,153969.7656250000,,,
29.3879999525,229,175847.7343750000,205999.5312500000,165749.7500000000,165125.4218750000,132390.0156250000,120511.6953125000,133788.9531250000,151545.3125000000,,,
29.3919999525,229,176014.0312500000,188982.6875000000,165980.0468750000,165535.5312500000,132758.2812500000,120878.7578125000,134203.7812500000,148945.6093750000,,,
29.3959999525,229,175735.4843750000,186695.2968750000,165512.8593750000,164880.3125000000,132083.9062500000,120252.5390625000,133505.1718750000,150042.7343750000,,,
29.3999999526,229,175422.1250000000,203607.5625000000,165044.5781250000,164120.7187500000,131372.1718750000,119565.8671875000,132730.5468750000,153413.6406250000,,,
29.4039999526,229,175505.6250000000,213721.0781250000,165224.5000000000,164333.8125000000,131626.4218750000,119788.3593750000,132975.1406250000,153972.1250000000,,,
29.4079999526,229,175854.1718750000,205990.2968750000,165753.9687500000,165122.4375000000,132393.5625000000,120522.8828125000,133791.2031250000,151550.5156250000,,,
29.4119999525,229,176020.0937500000,189011.7343750000,165982.8437500000,165535.0000000000,132760.2968750000,120887.7656250000,134201.5000000000,148950.8906250000,,,
29.4159999525,229,175743.6093750000,186641.6406250000,165517.7656250000,164886.4687500000,132090.7187500000,120264.2578125000,133509.1406250000,150027.3437500000,,,
29.4199999524,229,175433.2500000000,203526.1562500000,165051.2031250000,164127.0156250000,131379.3437500000,119574.8281250000,132733.2031250000,153403.7656250000,,,
29.4239999526,229,175514.2656250000,213712.4843750000,165229.3750000000,164334.1718750000,131628.8593750000,119786.8515625000,132973.1250000000,153977.3750000000,,,
29.4279999526,229,175866.9375000000,206056.9531250000,165766.8437500000,165133.8125000000,132401.6562500000,120517.9140625000,133794.2343750000,151567.6093750000,,,
29.4319999525,229,176031.8125000000,189095.8125000000,165998.6093750000,165545.8593750000,132770.9218750000,120884.6562500000,134205.5000000000,148968.7812500000,,,
29.4359999525,229,175747.0468750000,186602.9375000000,165530.7812500000,164879.4062500000,132098.2031250000,120256.9921875000,133507.6093750000,150013.5312500000,,,
29.4399999524,230,175429.9375000000,203427.5781250000,165057.6875000000,164115.4375000000,131379.2500000000,119564.7656250000,132726.2031250000,153385.3593750000,,,
29.4439999524,230,175511.5000000000,213702.9062500000,165234.4218750000,164332.1562500000,131626.7656250000,119781.6250000000,132962.4062500000,153983.8437500000,,,
29.4479999524,230,175868.9843750000,206140.5000000000,165772.2343750000,165127.6406250000,132403.2187500000,120522.6953125000,133785.1406250000,151590.2656250000,,,
29.4519999523,230,176031.7343750000,189173.9531250000,165999.2343750000,165529.2812500000,132775.1562500000,120894.5000000000,134201.3906250000,148977.9218750000,,,
29.4559999523,230,175745.9531250000,186543.8281250000,165530.4062500000,164868.2968750000,132107.7500000000,120275.9843750000,133509.8750000000,149996.7968750000,,,
29.4599999522,230,175425.3125000000,203334.0000000000,165053.5156250000,164099.4218750000,131383.8437500000,119576.9140625000,132721.0625000000,153372.6250000000,,,
29.4639999524,230,175505.5625000000,213734.9062500000,165225.4375000000,164308.6875000000,131622.3906250000,119782.2109375000,132950.8906250000,154000.3125000000,,,
29.4679999524,230,175862.0312500000,206587.0625000000,165760.1093750000,165094.5156250000,132389.2656250000,120509.6796875000,133767.6093750000,151670.0312500000,,,
29.4719999523,230,176046.0312500000,189431.4062500000,166016.9375000000,165544.1875000000,132798.4375000000,120907.2656250000,134222.9062500000,148996.2968750000,,,
29.4759999523,230,175767.5625000000,186508.9062500000,165553.9062500000,164906.6093750000,132137.2812500000,120291.5390625000,133539.5000000000,149980.8593750000,,,
29.4799999523,230,175446.5156250000,203244.5000000000,165072.7187500000,164143.5156250000,131406.4843750000,119582.8437500000,132741.0625000000,153366.3750000000,,,
29.4839999524,230,175518.3593750000,213749.9843750000,165232.3593750000,164341.3906250000,131629.1250000000,119774.7812500000,132947.3593750000,154014.7968750000,,,
29.4879999524,230,175860.0781250000,206785.1718750000,165753.2656250000,165109.2656250000,132380.8437500000,120499.0078125000,133759.8437500000,151705.1718750000,,,
29.4919999524,230,176029.8906250000,189564.2968750000,166001.4843750000,165551.4843750000,132784.2812500000,120901.6640625000,134220.5000000000,148995.0468750000,,,
29.4959999523,230,175755.2031250000,186463.8750000000,165541.0312500000,164906.8750000000,132122.9218750000,120284.9140625000,133528.8906250000,149951.1093750000,,,
29.4999999523,230,175430.6093750000,203155.2031250000,165055.5468750000,164121.8437500000,131383.3281250000,119573.4609375000,132726.4218750000,153341.1875000000,,,
29.5039999522,230,175500.5468750000,213708.5937500000,165218.4687500000,164302.7812500000,131609.8750000000,119772.0234375000,132948.1562500000,154006.5937500000,,,
29.5079999524,230,175850.2656250000,206725.2812500000,165745.3281250000,165089.8281250000,132368.0468750000,120490.3203125000,133750.9531250000,151694.7968750000,,,
29.5119999524,230,176032.2812500000,189556.6406250000,166000.5937500000,165544.2500000000,132777.6562500000,120888.1953125000,134202.6562500000,148996.9687500000,,,
29.5159999523,230,175756.8906250000,186386.4687500000,165543.3281250000,164906.7656250000,132125.7187500000,120280.0312500000,133528.2656250000,149932.9843750000,,,
29.5199999523,230,175433.8281250000,203037.3750000000,165062.9218750000,164136.1093750000,131393.6562500000,119574.9843750000,132735.2500000000,153324.8593750000,,,
29.5239999522,230,175507.7187500000,213617.5468750000,165230.5312500000,164335.9687500000,131625.3750000000,119775.4843750000,132959.3437500000,153997.8125000000,,,
29.5279999524,230,175860.9062500000,206351.6718750000,165764.0468750000,165114.2031250000,132394.3593750000,120507.2968750000,133778.3593750000,151642.5937500000,,,
29.5319999524,230,176032.5156250000,189381.2812500000,166003.6250000000,165520.8593750000,132777.5937500000,120884.4375000000,134206.8125000000,149003.7031250000,,,
29.5359999523,230,175756.4375000000,186281.7812500000,165546.7968750000,164889.2031250000,132126.7812500000,120279.0703125000,133534.2812500000,149933.5937500000,,,
29.5399999523,230,175442.9375000000,202904.5000000000,165067.6718750000,164126.1406250000,131397.8750000000,119580.7031250000,132742.3750000000,153330.4531250000,,,
29.5439999523,230,175516.7031250000,213563.0937500000,165231.5625000000,164317.8593750000,131625.6406250000,119775.2421875000,132955.4843750000,154020.7500000000,,,
29.5479999522,230,175866.8593750000,206290.2031250000,165765.5000000000,165106.1875000000,132397.2031250000,120510.4062500000,133772.9375000000,151655.4375000000,,,
29.5519999524,230,176042.4218750000,189386.8906250000,166012.7968750000,165542.6718750000,132788.2812500000,120897.4218750000,134211.2187500000,149029.1875000000,,,
29.5559999524,230,175767.0625000000,186218.2656250000,165562.5468750000,164914.1406250000,132147.9531250000,120302.5625000000,133551.9062500000,149940.8437500000,,,
29.5599999523,230,175439.6406250000,202814.0781250000,165071.3750000000,164133.2187500000,131405.2500000000,119587.1093750000,132746.6718750000,153328.0781250000,,,
29.5639999523,230,175509.3593750000,213568.9843750000,165231.0781250000,164314.1093750000,131628.2500000000,119776.5000000000,132959.3750000000,154030.4843750000,,,
29.5679999522,231,175861.6406250000,206455.6875000000,165766.6093750000,165100.4687500000,132399.3750000000,120509.3906250000,133779.7812500000,151684.8750000000,,,
29.5719999522,231,176033.5156250000,189516.1718750000,166009.8281250000,165535.5625000000,132788.7031250000,120893.6171875000,134219.3906250000,149030.2656250000,,,
29.5759999522,231,175761.3125000000,186192.0781250000,165558.8906250000,164916.3437500000,132147.2500000000,120298.9687500000,133565.2500000000,149910.1875000000,,,
29.5799999521,231,175448.0625000000,202729.5937500000,165079.2031250000,164145.7968750000,131412.6250000000,119589.7656250000,132767.1406250000,153306.2656250000,,,
29.5839999521,231,175513.3281250000,213579.5625000000,165230.2343750000,164317.3281250000,131623.9218750000,119768.5312500000,132966.3437500000,154036.6250000000,,,
29.5879999520,231,175854.1250000000,206729.4843750000,165749.5625000000,165090.5781250000,132376.6562500000,120484.9531250000,133767.5000000000,151726.5156250000,,,
29.5919999522,231,176032.1718750000,189709.2968750000,166003.5000000000,165544.4687500000,132782.4218750000,120884.7343750000,134217.8437500000,149035.7343750000,,,
29.5959999522,231,175766.0625000000,186164.0468750000,165561.6250000000,164932.5937500000,132150.5312500000,120300.2031250000,133566.5468750000,149886.4531250000,,,
29.5999999521,231,175439.8281250000,202649.3906250000,165069.7968750000,164143.2968750000,131399.0468750000,119580.0000000000,132752.1250000000,153281.8281250000,,,
29.6039999521,231,175503.1250000000,213592.3281250000,165219.4062500000,164312.6250000000,131605.6562500000,119755.3671875000,132947.2187500000,154032.2343750000,,,
29.6079999520,231,175854.7187500000,206885.3750000000,165749.5468750000,165090.3437500000,132368.7968750000,120482.8359375000,133759.7968750000,151753.1250000000,,,
29.6119999522,231,176039.9218750000,189831.1718750000,166010.7343750000,165547.6875000000,132786.2343750000,120890.5859375000,134222.6718750000,149046.4375000000,,,
29.6159999522,231,175779.0000000000,186139.3750000000,165573.2343750000,164949.5156250000,132163.5937500000,120307.9296875000,133579.3593750000,149874.8593750000,,,
29.6199999521,231,175450.1093750000,202578.5781250000,165077.8125000000,164150.6562500000,131410.1875000000,119580.4062500000,132764.1093750000,153272.0625000000,,,
29.6239999521,231,175505.5625000000,213577.9531250000,165222.7812500000,164300.1562500000,131611.4843750000,119748.4453125000,132953.7968750000,154031.2656250000,,,
29.6279999521,231,175849.7500000000,206895.2500000000,165746.9375000000,165077.0625000000,132368.7187500000,120470.2031250000,133756.3593750000,151747.5312500000,,,
29.6319999520,231,176030.0156250000,189865.3906250000,166003.1406250000,165532.2500000000,132780.5000000000,120880.6328125000,134212.4531250000,149041.2812500000,,,
29.6359999522,231,175768.2343750000,186076.0781250000,165567.5000000000,164935.1093750000,132159.8593750000,120312.0859375000,133575.5625000000,149851.6093750000,,,
29.6399999522,231,175451.9218750000,202467.4062500000,165083.8437500000,164163.3437500000,131415.1406250000,119600.6796875000,132770.0156250000,153264.2343750000,,,
29.6439999521,231,175510.9843750000,213532.1093750000,165227.9531250000,164333.2812500000,131613.5468750000,119772.9609375000,132957.8437500000,154045.9687500000,,,
29.6479999521,231,175850.9375000000,206867.2187500000,165747.6406250000,165096.6718750000,132368.0468750000,120491.6562500000,133760.8906250000,151760.2343750000,,,
29.6519999520,231,176029.9375000000,189882.1562500000,166002.0156250000,165535.5781250000,132780.9531250000,120897.5312500000,134220.2031250000,149058.4687500000,,,
29.6559999522,231,175766.5156250000,186010.1406250000,165566.0312500000,164930.2031250000,132165.3593750000,120321.9296875000,133583.7031250000,149843.6093750000,,,
29.6599999522,231,175445.5156250000,202352.1718750000,165075.7968750000,164132.0625000000,131415.7812500000,119597.1406250000,132770.4062500000,153249.7812500000,,,
29.6639999521,231,175505.5625000000,213511.6406250000,165219.3437500000,164293.1250000000,131612.8281250000,119763.7031250000,132955.3750000000,154053.0156250000,,,
29.6679999521,231,175844.6875000000,206943.8281250000,165739.4375000000,165067.2656250000,132366.7343750000,120478.8359375000,133754.7812500000,151773.7500000000,,,
29.6719999521,231,176030.7187500000,189954.5781250000,166004.8125000000,165531.2968750000,132786.6406250000,120893.4531250000,134222.3906250000,149062.8750000000,,,
29.6759999520,231,175769.3593750000,185965.2968750000,165573.2656250000,164934.6093750000,132171.3906250000,120326.9140625000,133589.3750000000,149826.2031250000,,,
29.6799999522,231,175446.5156250000,202260.2656250000,165083.0937500000,164147.7500000000,131416.2500000000,119602.9609375000,132771.9687500000,153234.1718750000,,,
29.6839999522,231,175498.2812500000,213506.5000000000,165219.6250000000,164298.6562500000,131604.5937500000,119759.1171875000,132946.7187500000,154054.3281250000,,,
29.6879999521,231,175842.6718750000,207087.2500000000,165741.9843750000,165065.8281250000,132360.7343750000,120477.9765625000,133749.7968750000,151805.2968750000,,,
29.6919999521,231,176026.8906250000,190080.8906250000,166002.2031250000,165525.5000000000,132780.7031250000,120892.8906250000,134214.1562500000,149075.7031250000,,,
29.6959999520,232,175773.5468750000,185929.8125000000,165578.5312500000,164943.3750000000,132178.5468750000,120331.1015625000,133589.3906250000,149811.3750000000,,,
29.6999999520,232,175453.5156250000,202161.0937500000,165089.6875000000,164148.0781250000,131427.5937500000,119605.3203125000,132772.7968750000,153219.6250000000,,,
29.7039999519,232,175514.0468750000,213484.2812500000,165233.5468750000,164304.1250000000,131623.0937500000,119763.4921875000,132954.4687500000,154067.0000000000,,,
29.7079999519,232,175856.6406250000,207171.3125000000,165753.5937500000,165065.0156250000,132376.5000000000,120476.0234375000,133753.9531250000,151830.6250000000,,,
29.7119999519,232,176040.3281250000,190172.4062500000,166015.9687500000,165531.5937500000,132800.0156250000,120896.6718750000,134224.2187500000,149093.0781250000,,,
29.7159999518,232,175782.8281250000,185881.9375000000,165589.9531250000,164957.0625000000,132194.2656250000,120339.7656250000,133602.9687500000,149799.7812500000,,,
29.7199999520,232,175453.1562500000,202059.2500000000,165086.8437500000,164156.0937500000,131422.8125000000,119603.6562500000,132771.7187500000,153206.2656250000,,,
29.7239999520,232,175498.1406250000,213459.5000000000,165213.4843750000,164297.9531250000,131597.8906250000,119750.6953125000,132931.0156250000,154064.6093750000,,,
29.7279999519,232,175834.0937500000,207217.8437500000,165728.1406250000,165061.0468750000,132344.2031250000,120460.3828125000,133724.3906250000,151832.7343750000,,,
29.7319999519,232,176028.8906250000,190220.4375000000,166002.0937500000,165544.1875000000,132778.9687500000,120887.7421875000,134204.8281250000,149090.8281250000,,,
29.7359999518,232,175786.1093750000,185819.1406250000,165590.9218750000,164975.0312500000,132191.5625000000,120340.6484375000,133598.1093750000,149783.9062500000,,,
29.7399999520,232,175457.1093750000,201948.0312500000,165089.0468750000,164157.5468750000,131423.0000000000,119597.9218750000,132765.7968750000,153190.1250000000,,,
29.7439999520,232,175504.9843750000,213436.4843750000,165217.8750000000,164283.9375000000,131602.3593750000,119745.8437500000,132930.5312500000,154070.7812500000,,,
29.7479999519,232,175849.9062500000,207310.0781250000,165741.1718750000,165057.8750000000,132361.0312500000,120465.5312500000,133733.4843750000,151863.0156250000,,,
29.7519999519,232,176045.3437500000,190324.8906250000,166018.1718750000,165536.3281250000,132803.9687500000,120900.3437500000,134225.0781250000,149116.3906250000,,,
29.7559999519,232,175792.6406250000,185787.9531250000,165598.6718750000,164954.0312500000,132209.2656250000,120351.2968750000,133615.0937500000,149773.8750000000,,,
29.7599999518,232,175462.5781250000,201866.7812500000,165094.2187500000,164140.7500000000,131435.3125000000,119611.1171875000,132779.4843750000,153184.9687500000,,,
29.7639999520,232,175507.0468750000,213437.9375000000,165217.8437500000,164280.3125000000,131603.8437500000,119749.7343750000,132932.5000000000,154084.4531250000,,,
29.7679999520,232,175846.1562500000,207413.9843750000,165737.3125000000,165044.9062500000,132354.5937500000,120458.1328125000,133725.6562500000,151884.0468750000,,,
29.7719999519,232,176045.7656250000,190423.4218750000,166019.1562500000,165522.7031250000,132799.7031250000,120894.2031250000,134218.8906250000,149123.2187500000,,,
29.7759999519,232,175802.9531250000,185765.6406250000,165611.1875000000,164958.5937500000,132217.3437500000,120355.0546875000,133622.0156250000,149761.7031250000,,,
29.7799999518,232,175473.1406250000,201783.5468750000,165106.1562500000,164152.3125000000,131444.0312500000,119615.5703125000,132788.1093750000,153174.6250000000,,,
29.7839999520,232,175518.1562500000,213432.8906250000,165230.0312500000,164287.5781250000,131613.8437500000,119756.7343750000,132944.1093750000,154100.9687500000,,,
29.7879999520,232,175849.8593750000,207493.7343750000,165742.2500000000,165048.9843750000,132358.7656250000,120468.0000000000,133733.2187500000,151913.5781250000,,,
29.7919999519,232,176045.2500000000,190514.3281250000,166020.3437500000,165526.4062500000,132802.9687500000,120907.8046875000,134221.6718750000,149146.1093750000,,,
29.7959999519,232,175799.1093750000,185729.6406250000,165607.6875000000,164965.8281250000,132218.2500000000,120369.2656250000,133622.0625000000,149753.7343750000,,,
29.7999999519,232,175462.2031250000,201698.2812500000,165096.5000000000,164151.7500000000,131433.0312500000,119616.6406250000,132778.7812500000,153157.9687500000,,,
29.8039999518,232,175505.4687500000,213424.8437500000,165217.3906250000,164282.4531250000,131596.1406250000,119749.8125000000,132929.9687500000,154096.6250000000,,,
29.8079999520,232,175839.4531250000,207586.5312500000,165727.0625000000,165041.1250000000,132338.4218750000,120456.4375000000,133717.8437500000,151916.7968750000,,,
29.8119999520,232,176032.4843750000,190603.5625000000,166006.1250000000,165527.5937500000,132785.9687500000,120894.6328125000,134212.0156250000,149135.3281250000,,,
29.8159999519,232,175790.8281250000,185680.7968750000,165604.9687500000,164973.4531250000,132216.7812500000,120368.4375000000,133630.9687500000,149725.1718750000,,,
29.8199999519,232,175457.9531250000,201588.0937500000,165095.8125000000,164157.0937500000,131435.2812500000,119622.2187500000,132789.0781250000,153141.1718750000,,,
29.8239999518,233,175500.6562500000,213387.1718750000,165212.0000000000,164273.1406250000,131593.7031250000,119753.4609375000,132931.5000000000,154102.7968750000,,,
29.8279999518,233,175835.0000000000,207649.7812500000,165722.6718750000,165023.1718750000,132337.5625000000,120457.8593750000,133718.0156250000,151940.8125000000,,,
29.8319999517,233,176034.2031250000,190681.7812500000,166006.9843750000,165518.7187500000,132790.9843750000,120900.9921875000,134214.0625000000,149154.8281250000,,,
29.8359999517,233,175795.6250000000,185636.5468750000,165605.5312500000,164978.7500000000,132221.4218750000,120377.2890625000,133627.7031250000,149716.0781250000,,,
29.8399999517,233,175465.0625000000,201485.0468750000,165095.8593750000,164166.9375000000,131436.3125000000,119624.5781250000,132776.3593750000,153128.2187500000,,,
29.8439999516,233,175493.5781250000,213371.7187500000,165198.8906250000,164277.3593750000,131577.3437500000,119736.5859375000,132896.7968750000,154096.9843750000,,,
29.8479999518,233,175824.1406250000,207717.3750000000,165707.7343750000,165033.6875000000,132315.8593750000,120435.0078125000,133676.5156250000,151940.4218750000,,,
29.8519999518,233,176025.2812500000,190758.2812500000,165998.4218750000,165527.3437500000,132776.1718750000,120883.1796875000,134184.5000000000,149149.8593750000,,,
29.8559999517,233,175789.5312500000,185579.4375000000,165607.0625000000,164972.3125000000,132219.9218750000,120371.8671875000,133618.9531250000,149689.9218750000,,,
29.8599999517,233,175462.7343750000,201367.5625000000,165103.1250000000,164150.3906250000,131441.5156250000,119624.9296875000,132783.1718750000,153112.2343750000,,,
29.8639999516,233,175503.1093750000,213339.1718750000,165217.9531250000,164265.1250000000,131595.5781250000,119742.7890625000,132923.4062500000,154114.4687500000,,,
29.8679999518,233,175840.9843750000,207800.8437500000,165733.4843750000,165029.1875000000,132341.7343750000,120444.3750000000,133712.1406250000,151979.2968750000,,,
29.8719999518,233,176052.9531250000,190854.7031250000,166033.7187500000,165544.2812500000,132811.1875000000,120904.5312500000,134227.5468750000,149184.2500000000,,,
29.8759999517,233,175816.1093750000,185552.1406250000,165637.1250000000,165009.2031250000,132251.7812500000,120394.3203125000,133654.8125000000,149694.7500000000,,,
29.8799999517,233,175465.3437500000,201286.0781250000,165104.3593750000,164166.3906250000,131445.3750000000,119628.8984375000,132789.7812500000,153100.2656250000,,,
29.8839999516,233,175489.2031250000,213336.9843750000,165200.9843750000,164258.6875000000,131579.1562500000,119736.2656250000,132907.2343750000,154111.6562500000,,,
29.8879999516,233,175816.4687500000,207903.5156250000,165706.6875000000,165004.0000000000,132314.3593750000,120434.0468750000,133686.0937500000,151986.0000000000,,,
29.8919999518,233,176022.2500000000,190950.3281250000,166004.9687500000,165514.4687500000,132785.0312500000,120896.7812500000,134206.1093750000,149177.2500000000,,,
29.8959999518,233,175785.5468750000,185509.6718750000,165611.5625000000,164985.0312500000,132230.3750000000,120388.3359375000,133639.9531250000,149659.2968750000,,,
29.8999999517,233,175448.8750000000,201172.8125000000,165091.6718750000,164160.5000000000,131431.4531250000,119625.4921875000,132781.2187500000,153071.0625000000,,,
29.9039999517,233,175479.1250000000,213308.2812500000,165192.8437500000,164257.2656250000,131567.2500000000,119730.3671875000,132903.5625000000,154110.5312500000,,,
29.9079999516,233,175811.4218750000,208024.8593750000,165701.1093750000,165003.7500000000,132305.9531250000,120432.3515625000,133688.7187500000,152009.7343750000,,,
29.9119999518,233,176029.0781250000,191071.5625000000,166008.8906250000,165525.6250000000,132790.7187500000,120903.7265625000,134221.6406250000,149190.2031250000,,,
29.9159999518,233,175799.5156250000,185474.9375000000,165621.3125000000,165001.9843750000,132243.9531250000,120397.3515625000,133661.1718750000,149646.7187500000,,,
29.9199999517,233,175458.2343750000,201071.3906250000,165095.4375000000,164163.6406250000,131438.9375000000,119626.4296875000,132793.5312500000,153056.9062500000,,,
29.9239999517,233,175490.4687500000,213287.1406250000,165198.4218750000,164256.4375000000,131575.7343750000,119735.1406250000,132913.2656250000,154119.0781250000,,,
29.9279999516,233,175831.7812500000,208068.1250000000,165717.8437500000,165019.2343750000,132321.5937500000,120444.8828125000,133698.8906250000,152035.1093750000,,,
29.9319999516,233,176030.1250000000,191137.3593750000,166010.8125000000,165531.0468750000,132788.5625000000,120905.9765625000,134214.1093750000,149202.7031250000,,,
29.9359999518,233,175790.2031250000,185430.3281250000,165618.3281250000,165001.5000000000,132237.7031250000,120403.2812500000,133654.4687500000,149624.3906250000,,,
29.9399999517,233,175449.9687500000,200963.8906250000,165095.6406250000,164171.8906250000,131432.6562500000,119635.2265625000,132786.5781250000,153032.8437500000,,,
29.9439999517,233,175473.4375000000,213256.4531250000,165187.8906250000,164253.8906250000,131556.0937500000,119729.3984375000,132890.1718750000,154105.5625000000,,,
29.9479999517,233,175801.3437500000,208095.5156250000,165692.8906250000,164992.4062500000,132290.7500000000,120423.4531250000,133665.1718750000,152013.9687500000,,,
29.9519999516,234,176016.3437500000,191186.5156250000,165999.5312500000,165515.0312500000,132774.4843750000,120893.9921875000,134194.5625000000,149189.1875000000,,,
29.9559999516,234,175794.0156250000,185389.8593750000,165622.1875000000,165000.6406250000,132243.4375000000,120402.5000000000,133649.9375000000,149604.6562500000,,,
29.9599999515,234,175451.9843750000,200863.4531250000,165095.5937500000,164154.2656250000,131436.2500000000,119629.1953125000,132781.2812500000,153013.1718750000,,,
29.9639999515,234,175476.8125000000,213231.7812500000,165188.0468750000,164233.0781250000,131559.1718750000,119723.8515625000,132882.7656250000,154112.2656250000,,,
29.9679999514,234,175808.1718750000,208182.7187500000,165695.5781250000,164984.9062500000,132295.4375000000,120423.6406250000,133658.5156250000,152046.0625000000,,,
29.9719999514,234,176025.7031250000,191295.7031250000,166006.1250000000,165514.7187500000,132782.1250000000,120902.9765625000,134194.3906250000,149219.1718750000,,,
29.9759999516,234,175805.3125000000,185364.7031250000,165633.5156250000,165019.8750000000,132253.6093750000,120417.3593750000,133656.7187500000,149609.4531250000,,,
29.9799999516,234,175462.7031250000,200767.7656250000,165102.0625000000,164183.4843750000,131438.9687500000,119640.6484375000,132783.0781250000,153015.8906250000,,,
29.9839999515,234,175482.2656250000,213210.3750000000,165187.7500000000,164254.2968750000,131555.0468750000,119727.1484375000,132882.5312500000,154129.9687500000,,,
29.9879999515,234,175810.5937500000,208285.0937500000,165691.7187500000,164995.8906250000,132288.2343750000,120414.7343750000,133660.6875000000,152073.3125000000,,,
29.9919999514,234,176028.7812500000,191399.0000000000,166002.3906250000,165526.4687500000,132779.9843750000,120891.4453125000,134200.9375000000,149228.9531250000,,,
29.9959999516,234,175808.3906250000,185326.4843750000,165628.6250000000,165029.3125000000,132257.3281250000,120410.3906250000,133664.8125000000,149587.7812500000,,,
29.9999999516,234,175466.3281250000,200647.8750000000,165100.1250000000,164186.8593750000,131448.7031250000,119638.0468750000,132791.4375000000,152995.0468750000,,,
30.0039999515,234,175484.5156250000,213167.5937500000,165187.7031250000,164258.1250000000,131561.8593750000,119725.3515625000,132886.3906250000,154133.3437500000,,,
30.0079999515,234,175806.6406250000,208338.2812500000,165685.3906250000,164992.0312500000,132285.2812500000,120411.8359375000,133652.9843750000,152087.3593750000,,,
30.0119999514,234,176018.0000000000,191476.7343750000,165992.7656250000,165514.9375000000,132772.6875000000,120890.9609375000,134191.2500000000,149230.8593750000,,,
30.0159999514,234,175801.2031250000,185289.7031250000,165629.1875000000,165015.9843750000,132258.7500000000,120418.3515625000,133666.8593750000,149562.8906250000,,,
30.0199999516,234,175462.1406250000,200545.1250000000,165105.3593750000,164175.1875000000,131449.4218750000,119642.3906250000,132794.0937500000,152966.3281250000,,,
30.0239999515,234,175479.0625000000,213139.2968750000,165189.4687500000,164234.9062500000,131557.4843750000,119719.2343750000,132880.6250000000,154120.3750000000,,,
30.0279999515,234,175794.3593750000,208388.1406250000,165683.2343750000,164958.3750000000,132277.6875000000,120398.7187500000,133644.3281250000,152078.2968750000,,,
30.0319999515,234,176005.9843750000,191532.5781250000,165992.3593750000,165488.8125000000,132768.7968750000,120878.1406250000,134187.7500000000,149217.0468750000,,,
30.0359999514,234,175790.3437500000,185230.8281250000,165628.1250000000,165015.9843750000,132257.0625000000,120408.9687500000,133667.7500000000,149529.9531250000,,,
30.0399999516,234,175443.8750000000,200416.9843750000,165092.2343750000,164175.9218750000,131436.2500000000,119626.0859375000,132787.6875000000,152927.6718750000,,,
30.0439999516,234,175453.4531250000,213090.5937500000,165164.7187500000,164231.2187500000,131532.9687500000,119694.2109375000,132864.6562500000,154099.6875000000,,,
30.0479999515,234,175778.1093750000,208448.5156250000,165664.5937500000,164966.3125000000,132258.6250000000,120378.7109375000,133631.6875000000,152082.4531250000,,,
30.0519999515,234,176005.5000000000,191620.8750000000,165984.5781250000,165511.6562500000,132761.5625000000,120869.5546875000,134185.0937500000,149223.4843750000,,,
30.0559999514,234,175797.7500000000,185202.2187500000,165625.2031250000,165035.3750000000,132256.5468750000,120409.1562500000,133669.8906250000,149510.7812500000,,,
30.0599999514,234,175461.3125000000,200331.2656250000,165097.8125000000,164172.8281250000,131441.0781250000,119630.1875000000,132794.5781250000,152912.4375000000,,,
30.0639999516,234,175468.9531250000,213085.3906250000,165167.8281250000,164211.9062500000,131531.9218750000,119694.5625000000,132865.8125000000,154105.6093750000,,,
30.0679999515,234,175795.5781250000,208548.3750000000,165670.3437500000,164960.7812500000,132258.0000000000,120386.6484375000,133635.1875000000,152111.2812500000,,,
30.0719999515,234,176012.3125000000,191726.6875000000,165987.7500000000,165511.1718750000,132755.3593750000,120876.4218750000,134187.8281250000,149240.0625000000,,,
30.0759999515,234,175796.8593750000,185177.1093750000,165627.5781250000,165045.5468750000,132252.1250000000,120417.0937500000,133680.3437500000,149497.0781250000,,,
30.0799999514,235,175450.5625000000,200224.0625000000,165090.0468750000,164189.7343750000,131430.1718750000,119632.8437500000,132802.5156250000,152893.6875000000,,,
30.0839999514,235,175453.0312500000,213049.7500000000,165156.2187500000,164219.8281250000,131519.6406250000,119693.0312500000,132876.1718750000,154107.3593750000,,,
30.0879999513,235,175775.5000000000,208624.7656250000,165658.8906250000,164946.0000000000,132248.7812500000,120378.1171875000,133650.8125000000,152122.7343750000,,,
30.0919999513,235,176007.2187500000,191815.3593750000,165992.7968750000,165503.9531250000,132768.7968750000,120878.3828125000,134221.4843750000,149246.9062500000,,,
30.0959999512,235,175799.4062500000,185143.3125000000,165640.1562500000,165033.3593750000,132274.6093750000,120418.5156250000,133714.9531250000,149477.9531250000,,,
30.0999999512,235,175447.8437500000,200130.2031250000,165096.1250000000,164169.2968750000,131443.1250000000,119623.7734375000,132819.1718750000,152866.5625000000,,,
30.1039999514,235,175458.0468750000,213036.8437500000,165166.9375000000,164221.0937500000,131530.4062500000,119687.3750000000,132885.6093750000,154106.9531250000,,,
30.1079999513,235,175782.8281250000,208787.8437500000,165666.5625000000,164957.9218750000,132249.8281250000,120369.0000000000,133649.3906250000,152154.0468750000,,,
30.1119999513,235,176011.0000000000,191977.6093750000,165995.7187500000,165511.8750000000,132764.8906250000,120874.1171875000,134216.5312500000,149264.3593750000,,,
30.1159999513,235,175804.5625000000,185110.4531250000,165643.0312500000,165043.5625000000,132273.9062500000,120429.7031250000,133718.3281250000,149468.4843750000,,,
30.1199999512,235,175454.9375000000,200008.2968750000,165099.5937500000,164179.6250000000,131443.0312500000,119641.2656250000,132828.4531250000,152860.7500000000,,,
30.1239999514,235,175466.2812500000,213002.0000000000,165168.6093750000,164222.6093750000,131530.6875000000,119702.1796875000,132895.5312500000,154127.7656250000,,,
30.1279999514,235,175791.2187500000,208863.6718750000,165667.6250000000,164946.5468750000,132254.5156250000,120378.0390625000,133663.0156250000,152187.4375000000,,,
30.1319999513,235,176029.5468750000,192069.7187500000,166010.5468750000,165511.4687500000,132788.1406250000,120888.1718750000,134244.6562500000,149290.8281250000,,,
30.1359999513,235,175832.6718750000,185092.9687500000,165668.0000000000,165063.0625000000,132309.3906250000,120451.3437500000,133755.5937500000,149472.9062500000,,,
30.1399999512,235,175479.9218750000,199935.1406250000,165121.9375000000,164197.5937500000,131472.6718750000,119655.3203125000,132856.8593750000,152862.0156250000,,,
30.1439999512,235,175478.5312500000,212990.7031250000,165180.4062500000,164228.0937500000,131544.0468750000,119705.1796875000,132908.1093750000,154133.8593750000,,,
30.1479999514,235,175792.6250000000,208854.0625000000,165671.5468750000,164953.4062500000,132254.3593750000,120381.3359375000,133662.8281250000,152186.4375000000,,,
30.1519999513,235,176016.2031250000,192095.0312500000,165998.2343750000,165510.2031250000,132765.6875000000,120885.0078125000,134224.2812500000,149290.3281250000,,,
30.1559999513,235,175808.2343750000,185060.3281250000,165648.5000000000,165058.8281250000,132277.6562500000,120443.0312500000,133731.3125000000,149446.3281250000,,,
30.1599999513,235,175459.0625000000,199821.7500000000,165102.3593750000,164193.6718750000,131440.3906250000,119647.8125000000,132836.5468750000,152829.5312500000,,,
30.1639999512,235,175456.6718750000,212942.8906250000,165154.3906250000,164217.3281250000,131508.6250000000,119690.3515625000,132881.5156250000,154123.8593750000,,,
30.1679999514,235,175779.7968750000,208938.2031250000,165651.0468750000,164946.8437500000,132230.6718750000,120368.9218750000,133639.0156250000,152204.1250000000,,,
30.1719999514,235,176018.4375000000,192201.1718750000,165994.5312500000,165511.7968750000,132766.1718750000,120887.6875000000,134224.8125000000,149307.2187500000,,,
30.1759999513,235,175824.8593750000,185031.5156250000,165662.3750000000,165067.9687500000,132302.5781250000,120459.1250000000,133754.5625000000,149443.5312500000,,,
30.1799999513,235,175477.9218750000,199723.7968750000,165119.8437500000,164197.7031250000,131469.8125000000,119662.1015625000,132859.8281250000,152827.9531250000,,,
30.1839999512,235,175478.4218750000,212928.6093750000,165175.9062500000,164224.9531250000,131536.4843750000,119702.4687500000,132900.9531250000,154146.5156250000,,,
30.1879999512,235,175796.0468750000,209011.7812500000,165668.2500000000,164960.4062500000,132249.0937500000,120377.4531250000,133651.2187500000,152232.8437500000,,,
30.1919999514,235,176029.1406250000,192294.5156250000,166008.8125000000,165527.4843750000,132778.9687500000,120894.9296875000,134230.7968750000,149326.4531250000,,,
30.1959999513,235,175823.2187500000,185019.5312500000,165668.2968750000,165068.4218750000,132306.5000000000,120462.1796875000,133750.0625000000,149431.3593750000,,,
30.1999999513,235,175463.1093750000,199638.0468750000,165112.3281250000,164185.7656250000,131456.9062500000,119654.0859375000,132839.4843750000,152802.8437500000,,,
30.2039999512,235,175457.4531250000,212904.2031250000,165161.4687500000,164201.8750000000,131515.1875000000,119686.4609375000,132876.2812500000,154134.8750000000,,,
30.2079999512,236,175775.0468750000,209075.9375000000,165653.9531250000,164923.7187500000,132228.7187500000,120360.0156250000,133628.6406250000,152235.9062500000,,,
30.2119999512,236,176011.4375000000,192375.4843750000,165995.0156250000,165498.7343750000,132764.8906250000,120880.4453125000,134212.7343750000,149325.7031250000,,,
30.2159999511,236,175816.6718750000,184990.9062500000,165660.8750000000,165064.9687500000,132306.1718750000,120458.3750000000,133745.8750000000,149414.9218750000,,,
30.2199999511,236,175467.5625000000,199536.5625000000,165113.4531250000,164199.6562500000,131468.2500000000,119661.7812500000,132848.1875000000,152790.6093750000,,,
30.2239999510,236,175464.5937500000,212877.9687500000,165163.0781250000,164214.1718750000,131526.9687500000,119696.9218750000,132885.4843750000,154146.3593750000,,,
30.2279999510,236,175789.7500000000,209186.3437500000,165663.2343750000,164941.8281250000,132245.5625000000,120374.2343750000,133644.0312500000,152273.1250000000,,,
30.2319999512,236,176024.0937500000,192505.5937500000,166008.4531250000,165516.0781250000,132784.5156250000,120897.2890625000,134233.3906250000,149350.7031250000,,,
30.2359999511,236,175816.5937500000,184964.1875000000,165667.3593750000,165068.3906250000,132317.7031250000,120470.6015625000,133762.6406250000,149395.6093750000,,,
30.2399999511,236,175460.0468750000,199422.0781250000,165110.2187500000,164191.1562500000,131469.3281250000,119660.2812500000,132852.8906250000,152760.0312500000,,,
30.2439999511,236,175458.6875000000,212840.3437500000,165158.3281250000,164200.0781250000,131524.6562500000,119687.9609375000,132882.1718750000,154139.8906250000,,,
30.2479999510,236,175776.0937500000,209285.6406250000,165648.9531250000,164920.9843750000,132231.8750000000,120354.5703125000,133628.5312500000,152284.7500000000,,,
30.2519999512,236,176020.9843750000,192614.8281250000,166003.5156250000,165515.3593750000,132780.8125000000,120887.0937500000,134227.4687500000,149357.0625000000,,,
30.2559999512,236,175841.6562500000,184926.0000000000,165688.8125000000,165105.7812500000,132340.1875000000,120483.0468750000,133780.3750000000,149393.5312500000,,,
30.2599999511,236,175490.1406250000,199307.3593750000,165136.3437500000,164228.0937500000,131491.7812500000,119675.4375000000,132867.9843750000,152765.4531250000,,,
30.2639999511,236,175481.1562500000,212805.2656250000,165177.1875000000,164218.2968750000,131536.2656250000,119697.2656250000,132886.3906250000,154164.1093750000,,,
30.2679999510,236,175789.0781250000,209389.5156250000,165658.7968750000,164917.1406250000,132232.4687500000,120359.4218750000,133623.7500000000,152322.2968750000,,,
30.2719999510,236,176027.7187500000,192733.0000000000,166009.1250000000,165500.7656250000,132780.9843750000,120895.1953125000,134223.9062500000,149378.2968750000,,,
30.2759999512,236,175843.0156250000,184906.6562500000,165691.8281250000,165093.4687500000,132342.9531250000,120493.0546875000,133778.5468750000,149381.5781250000,,,
30.2799999511,236,175483.1250000000,199213.6250000000,165131.9375000000,164208.5000000000,131489.4687500000,119680.3984375000,132864.0781250000,152745.2031250000,,,
30.2839999511,236,175463.7812500000,212779.2968750000,165163.5937500000,164196.1406250000,131524.4375000000,119693.9687500000,132873.6250000000,154157.7812500000,,,
30.2879999510,236,175777.5937500000,209421.2031250000,165651.1875000000,164912.2656250000,132229.9531250000,120356.3125000000,133617.9062500000,152326.1250000000,,,
30.2919999510,236,176022.2656250000,192789.7343750000,166008.2343750000,165494.4062500000,132785.6406250000,120894.6640625000,134226.4218750000,149384.5781250000,,,
30.2959999512,236,175835.0781250000,184889.9531250000,165688.2343750000,165079.2656250000,132346.0000000000,120495.0078125000,133784.4531250000,149368.1406250000,,,
30.2999999512,236,175480.8906250000,199113.4843750000,165131.1406250000,164208.5000000000,131495.1250000000,119685.5468750000,132875.2031250000,152730.2343750000,,,
30.3039999511,236,175462.3125000000,212736.1875000000,165161.7656250000,164203.2187500000,131526.0000000000,119694.5625000000,132880.8437500000,154163.0937500000,,,
30.3079999511,236,175777.8906250000,209406.3437500000,165649.8437500000,164911.8281250000,132227.3125000000,120359.3203125000,133622.5468750000,152336.2968750000,,,
30.3119999510,236,176016.7656250000,192811.9375000000,165999.9843750000,165492.6875000000,132772.0000000000,120893.4296875000,134219.7968750000,149394.5625000000,,,
30.3159999510,236,175825.6406250000,184841.0000000000,165678.8906250000,165082.0781250000,132332.1406250000,120494.6093750000,133775.0312500000,149354.2187500000,,,
30.3199999512,236,175467.5625000000,198993.4062500000,165117.5625000000,164204.8281250000,131476.6406250000,119679.6718750000,132858.1406250000,152702.9531250000,,,
30.3239999511,236,175453.9687500000,212697.9687500000,165149.7500000000,164197.2968750000,131509.3906250000,119683.9609375000,132862.8906250000,154151.9687500000,,,
30.3279999511,236,175763.4062500000,209496.5625000000,165634.7500000000,164901.4531250000,132209.1250000000,120340.1406250000,133602.8125000000,152339.0625000000,,,
30.3319999510,236,176006.6875000000,192934.9687500000,165991.6875000000,165489.7500000000,132765.0468750000,120878.1093750000,134214.2187500000,149393.0625000000,,,
30.3359999510,237,175827.9375000000,184830.0781250000,165685.1093750000,165099.6406250000,132341.6562500000,120491.6562500000,133787.6875000000,149329.4062500000,,,
30.3399999510,237,175475.0781250000,198892.0156250000,165127.0312500000,164220.4375000000,131487.3281250000,119681.5781250000,132873.6718750000,152680.6406250000,,,
30.3439999509,237,175455.8906250000,212674.5000000000,165152.0312500000,164199.1250000000,131509.8750000000,119680.2656250000,132869.6250000000,154155.4843750000,,,
30.3479999509,237,175769.3906250000,209586.4218750000,165638.2031250000,164914.0937500000,132209.7500000000,120343.5234375000,133606.9843750000,152367.0312500000,,,
30.3519999508,237,176018.0625000000,193050.0937500000,166000.9531250000,165516.2187500000,132770.1093750000,120889.1328125000,134219.2343750000,149420.0156250000,,,
30.3559999508,237,175838.1875000000,184820.8906250000,165693.4843750000,165121.0156250000,132347.0312500000,120504.4531250000,133793.2500000000,149330.1093750000,,,
30.3599999510,237,175476.4375000000,198815.3906250000,165124.3437500000,164229.3437500000,131480.5156250000,119681.8984375000,132865.6875000000,152672.8906250000,,,
30.3639999509,237,175453.1093750000,212661.3125000000,165143.9843750000,164192.9687500000,131498.2343750000,119675.8671875000,132855.5781250000,154163.3437500000,,,
30.3679999509,237,175767.4062500000,209662.0781250000,165631.6093750000,164901.1093750000,132201.1875000000,120336.3593750000,133596.1250000000,152383.7656250000,,,
30.3719999508,237,176023.9062500000,193142.6562500000,166005.5312500000,165514.3906250000,132776.7187500000,120891.7656250000,134224.5781250000,149432.4062500000,,,
30.3759999508,237,175843.3906250000,184800.3593750000,165700.8906250000,165122.4375000000,132361.2187500000,120513.8671875000,133807.8593750000,149317.8125000000,,,
30.3799999510,237,175475.7656250000,198703.1875000000,165127.7031250000,164225.5312500000,131491.2968750000,119689.3046875000,132880.0625000000,152653.2343750000,,,
30.3839999510,237,175447.8437500000,212609.4843750000,165143.7343750000,164183.4843750000,131502.2656250000,119679.8046875000,132866.0625000000,154164.4375000000,,,
30.3879999509,237,175762.4687500000,209706.1250000000,165631.6406250000,164887.1562500000,132203.4218750000,120341.6406250000,133605.4062500000,152403.0625000000,,,
30.3919999509,237,176016.2343750000,193218.6718750000,166000.2187500000,165497.3906250000,132771.9375000000,120893.0234375000,134224.1093750000,149445.9687500000,,,
30.3959999508,237,175839.5000000000,184776.0937500000,165702.6875000000,165105.1406250000,132363.1250000000,120522.0234375000,133811.4531250000,149309.6875000000,,,
30.3999999508,237,175478.0000000000,198595.5781250000,165136.0625000000,164207.7343750000,131498.7500000000,119700.3828125000,132887.5156250000,152642.2500000000,,,
30.4039999510,237,175448.6250000000,212564.5781250000,165147.6562500000,164162.9062500000,131505.6718750000,119682.1953125000,132865.2031250000,154169.6406250000,,,
30.4079999509,237,175763.0625000000,209748.2031250000,165635.3281250000,164873.6875000000,132207.5156250000,120339.3593750000,133601.7031250000,152418.6406250000,,,
30.4119999509,237,176025.5625000000,193283.0625000000,166014.1093750000,165496.9843750000,132788.7343750000,120902.0937500000,134233.0468750000,149464.9062500000,,,
30.4159999508,237,175846.1093750000,184738.7343750000,165707.5937500000,165114.6093750000,132374.3750000000,120526.3906250000,133812.1875000000,149304.0312500000,,,
30.4199999508,237,175479.8437500000,198479.7343750000,165128.7187500000,164217.8906250000,131496.2343750000,119693.1640625000,132874.4531250000,152624.3125000000,,,
30.4239999510,237,175457.2343750000,212525.8281250000,165145.7500000000,164183.6406250000,131504.2812500000,119676.5078125000,132857.3906250000,154177.3125000000,,,
30.4279999509,237,175767.5625000000,209824.9218750000,165629.9218750000,164889.1093750000,132199.2812500000,120331.5000000000,133593.6406250000,152441.0156250000,,,
30.4319999509,237,176017.1250000000,193384.4218750000,166000.7656250000,165497.5781250000,132772.7187500000,120887.9296875000,134223.0937500000,149469.2500000000,,,
30.4359999509,237,175847.6250000000,184710.8281250000,165711.6718750000,165113.7500000000,132377.5781250000,120526.3359375000,133825.4531250000,149285.7187500000,,,
30.4399999508,237,175490.4687500000,198371.4531250000,165147.4062500000,164222.2343750000,131513.9531250000,119703.4609375000,132897.3281250000,152610.7656250000,,,
30.4439999508,237,175468.1875000000,212489.1406250000,165166.2968750000,164186.7343750000,131521.9687500000,119683.6718750000,132873.7812500000,154184.8281250000,,,
30.4479999510,237,175771.2968750000,209915.7187500000,165643.4687500000,164877.6406250000,132210.8281250000,120330.0312500000,133596.0000000000,152465.9531250000,,,
30.4519999509,237,176032.7656250000,193508.7812500000,166025.9218750000,165501.3906250000,132798.0156250000,120895.9765625000,134235.2656250000,149495.3750000000,,,
30.4559999509,237,175869.2500000000,184708.3125000000,165741.7343750000,165151.2812500000,132409.7656250000,120542.1875000000,133844.7187500000,149287.9375000000,,,
30.4599999508,237,175500.3125000000,198282.1406250000,165159.3750000000,164252.2187500000,131528.5468750000,119710.6250000000,132906.4531250000,152601.4531250000,,,
30.4639999508,238,175456.5625000000,212461.5312500000,165150.9062500000,164176.6093750000,131507.8125000000,119678.1171875000,132861.5312500000,154183.6875000000,,,
30.4679999507,238,175761.2656250000,209957.5781250000,165625.2500000000,164854.6718750000,132191.9062500000,120326.2500000000,133585.3750000000,152475.6406250000,,,
30.4719999507,238,176025.8593750000,193585.3281250000,166008.3281250000,165479.7656250000,132779.6718750000,120896.7265625000,134224.5781250000,149507.9531250000,,,
30.4759999507,238,175860.3750000000,184691.7812500000,165722.7187500000,165130.9375000000,132392.8906250000,120547.4765625000,133840.1093750000,149274.9531250000,,,
30.4799999506,238,175496.5625000000,198166.6718750000,165147.3281250000,164236.9843750000,131518.4375000000,119719.2890625000,132904.5468750000,152583.1406250000,,,
30.4839999506,238,175456.4375000000,212426.5781250000,165145.4531250000,164171.0937500000,131503.9218750000,119681.8750000000,132856.7031250000,154192.4062500000,,,
30.4879999508,238,175755.1562500000,210053.0937500000,165621.8750000000,164855.2656250000,132190.7812500000,120324.5312500000,133579.2812500000,152499.9375000000,,,
30.4919999507,238,176016.3437500000,193705.1093750000,166007.1406250000,165485.7187500000,132781.5937500000,120892.3515625000,134220.4687500000,149517.2968750000,,,
30.4959999507,238,175857.0781250000,184676.1718750000,165731.9687500000,165145.2656250000,132405.0625000000,120550.6640625000,133843.1562500000,149257.6562500000,,,
30.4999999506,238,175489.4218750000,198058.1718750000,165151.8437500000,164247.4218750000,131523.9843750000,119719.1796875000,132903.5000000000,152557.6562500000,,,
30.5039999506,238,175440.5468750000,212372.3750000000,165139.1562500000,164164.6250000000,131494.0000000000,119668.7031250000,132846.0468750000,154179.6406250000,,,
30.5079999508,238,175736.7187500000,210086.8125000000,165606.7187500000,164840.9218750000,132171.2031250000,120308.5703125000,133562.5937500000,152498.5156250000,,,
30.5119999507,238,176006.6406250000,193771.0625000000,165996.5468750000,165485.4218750000,132769.1250000000,120886.8515625000,134212.2031250000,149520.5156250000,,,
30.5159999507,238,175854.7968750000,184649.3281250000,165726.2343750000,165152.5625000000,132401.5781250000,120550.9062500000,133844.9843750000,149244.7031250000,,,
30.5199999507,238,175486.7343750000,197951.8593750000,165144.6562500000,164243.5625000000,131518.4062500000,119712.7968750000,132903.8437500000,152539.4687500000,,,
30.5239999506,238,175443.0937500000,212334.6718750000,165135.1250000000,164166.6562500000,131491.4531250000,119663.6875000000,132848.8125000000,154183.7187500000,,,
30.5279999506,238,175750.0000000000,210124.5000000000,165613.1250000000,164859.2343750000,132179.3906250000,120307.6328125000,133571.0468750000,152519.0625000000,,,
30.5319999508,238,176020.8437500000,193843.2187500000,166006.3593750000,165498.3593750000,132778.7812500000,120885.8593750000,134221.2656250000,149539.5781250000,,,
30.5359999507,238,175867.4062500000,184632.8125000000,165737.5000000000,165157.4218750000,132413.0625000000,120553.4062500000,133851.8750000000,149236.5937500000,,,
30.5399999507,238,175495.3750000000,197856.2812500000,165153.4531250000,164241.6875000000,131523.7500000000,119713.4140625000,132900.6562500000,152520.0781250000,,,
30.5439999506,238,175448.5000000000,212307.1406250000,165141.0312500000,164169.9062500000,131489.4218750000,119662.3203125000,132839.1093750000,154182.1875000000,,,
30.5479999506,238,175755.7968750000,210203.0937500000,165621.0156250000,164862.8281250000,132175.2343750000,120308.8906250000,133563.0312500000,152535.9531250000,,,
30.5519999508,238,176030.3906250000,193956.1875000000,166020.3437500000,165500.5312500000,132779.9375000000,120893.9609375000,134221.4531250000,149557.9062500000,,,
30.5559999507,238,175866.7812500000,184637.0937500000,165742.1718750000,165147.7656250000,132408.7343750000,120559.0390625000,133852.8437500000,149226.6250000000,,,
30.5599999507,238,175486.4531250000,197765.7656250000,165146.6562500000,164226.3437500000,131514.0625000000,119715.5312500000,132900.9843750000,152500.0468750000,,,
30.5639999507,238,175434.2812500000,212273.8906250000,165124.6718750000,164138.8750000000,131473.6093750000,119655.9375000000,132833.3281250000,154179.7031250000,,,
30.5679999506,238,175738.5468750000,210238.6562500000,165597.6718750000,164832.7031250000,132157.5000000000,120298.7265625000,133554.8281250000,152541.0312500000,,,
30.5719999506,238,176009.5625000000,194018.2343750000,165990.1093750000,165475.4531250000,132760.1718750000,120880.8984375000,134211.5625000000,149556.8281250000,,,
30.5759999508,238,175865.2343750000,184617.5156250000,165730.7656250000,165152.8281250000,132411.1875000000,120566.4921875000,133860.3750000000,149218.3593750000,,,
30.5799999507,238,175505.8906250000,197657.3281250000,165156.7500000000,164255.0468750000,131536.2500000000,119736.7812500000,132919.2656250000,152499.6406250000,,,
30.5839999507,238,175456.9687500000,212235.8281250000,165140.8125000000,164168.5625000000,131499.5000000000,119675.9687500000,132844.1406250000,154204.5156250000,,,
30.5879999506,238,175754.2968750000,210288.7343750000,165615.0312500000,164843.1718750000,132181.3750000000,120310.9296875000,133557.4218750000,152573.7031250000,,,
30.5919999506,239,176014.1093750000,194092.7187500000,166003.9843750000,165468.9843750000,132777.6562500000,120884.7109375000,134210.1093750000,149573.6250000000,,,
30.5959999505,239,175860.0312500000,184593.9687500000,165741.0468750000,165146.4687500000,132424.2656250000,120560.8593750000,133859.6562500000,149196.5781250000,,,
30.5999999505,239,175496.6406250000,197537.9843750000,165164.9218750000,164251.5000000000,131544.6093750000,119722.9375000000,132920.0000000000,152461.7656250000,,,
30.6039999505,239,175445.2500000000,212183.5468750000,165143.0156250000,164162.2187500000,131497.9687500000,119657.3593750000,132846.2968750000,154185.0312500000,,,
30.6079999504,239,175741.1718750000,210365.1718750000,165609.2968750000,164835.7968750000,132170.7187500000,120289.2890625000,133558.8750000000,152572.8125000000,,,
30.6119999504,239,176003.9531250000,194210.6875000000,165995.5781250000,165466.9531250000,132769.3437500000,120869.8203125000,134214.6718750000,149572.5468750000,,,
30.6159999506,239,175858.2500000000,184584.1250000000,165737.0781250000,165150.6875000000,132424.0312500000,120561.7734375000,133872.2656250000,149178.1093750000,,,
30.6199999505,239,175493.9062500000,197441.5312500000,165156.1093750000,164247.7500000000,131538.7343750000,119725.9140625000,132926.2968750000,152442.5312500000,,,
30.6239999505,239,175440.0781250000,212151.1562500000,165129.0937500000,164148.1562500000,131483.6250000000,119652.3984375000,132835.7968750000,154186.1875000000,,,
30.6279999504,239,175738.3125000000,210441.2187500000,165596.3281250000,164830.5625000000,132154.3125000000,120284.6171875000,133539.2343750000,152593.7343750000,,,
30.6319999504,239,176018.8593750000,194320.7031250000,166003.6562500000,165486.3437500000,132771.2500000000,120882.6171875000,134209.1406250000,149599.5312500000,,,
30.6359999506,239,175880.3593750000,184579.5312500000,165755.3906250000,165182.3437500000,132437.0156250000,120582.9843750000,133879.7187500000,149182.2343750000,,,
30.6399999505,239,175507.7656250000,197337.1250000000,165163.3125000000,164271.6250000000,131540.4531250000,119736.3203125000,132927.9687500000,152432.3125000000,,,
30.6439999505,239,175445.1875000000,212112.3437500000,165126.9531250000,164152.2656250000,131475.7812500000,119655.2890625000,132831.0312500000,154192.5781250000,,,
30.6479999505,239,175739.7500000000,210503.4687500000,165593.3281250000,164812.9375000000,132148.2968750000,120285.1796875000,133536.5312500000,152612.2187500000,,,
30.6519999504,239,176017.4218750000,194423.3281250000,165998.8281250000,165473.1875000000,132766.5156250000,120879.7734375000,134206.9687500000,149609.0000000000,,,
30.6559999504,239,175867.8281250000,184574.3281250000,165744.3906250000,165162.6250000000,132428.0781250000,120574.8046875000,133869.8437500000,149157.5000000000,,,
30.6599999506,239,175483.8906250000,197231.5468750000,165145.5937500000,164239.7343750000,131526.7031250000,119725.0312500000,132911.0312500000,152394.4218750000,,,
30.6639999505,239,175420.2500000000,212057.2187500000,165108.0468750000,164135.4218750000,131459.8593750000,119640.9140625000,132811.5000000000,154174.6093750000,,,
30.6679999505,239,175721.2187500000,210560.7812500000,165577.9062500000,164820.1250000000,132132.9843750000,120273.9140625000,133515.9062500000,152618.7656250000,,,
30.6719999504,239,176006.4218750000,194520.7500000000,165992.5000000000,165481.0000000000,132761.2031250000,120878.8359375000,134199.6250000000,149618.6562500000,,,
30.6759999504,239,175867.0000000000,184566.1250000000,165749.3593750000,165174.7968750000,132437.9531250000,120584.3828125000,133880.8437500000,149149.3281250000,,,
30.6799999506,239,175492.0000000000,197129.7031250000,165157.8750000000,164258.0000000000,131543.4375000000,119734.5000000000,132926.7031250000,152382.6250000000,,,
30.6839999505,239,175426.7343750000,212020.9062500000,165116.2968750000,164144.8906250000,131471.9218750000,119644.4531250000,132821.5937500000,154178.4843750000,,,
30.6879999505,239,175721.7500000000,210626.8750000000,165579.0312500000,164810.6093750000,132136.7343750000,120271.6640625000,133520.4062500000,152634.4218750000,,,
30.6919999504,239,176001.3281250000,194618.3437500000,165987.2656250000,165473.5156250000,132756.9218750000,120871.9140625000,134195.2812500000,149626.2187500000,,,
30.6959999504,239,175866.8593750000,184559.6406250000,165747.2968750000,165186.2500000000,132436.9062500000,120587.1484375000,133878.4375000000,149137.5000000000,,,
30.6999999504,239,175501.5468750000,197030.4687500000,165159.3750000000,164277.3281250000,131544.0312500000,119746.3281250000,132925.9218750000,152372.4062500000,,,
30.7039999506,239,175441.2500000000,211977.4687500000,165116.4375000000,164154.5468750000,131466.2968750000,119655.1875000000,132817.6406250000,154194.3437500000,,,
30.7079999505,239,175732.5156250000,210681.7343750000,165576.2500000000,164811.2031250000,132125.7968750000,120275.1796875000,133515.8437500000,152661.9218750000,,,
30.7119999505,239,176009.4531250000,194717.3750000000,165988.3906250000,165478.3750000000,132750.7812500000,120875.6718750000,134195.8437500000,149648.9375000000,,,
30.7159999504,239,175875.4531250000,184547.1093750000,165757.7968750000,165187.2968750000,132442.1562500000,120592.6953125000,133890.9531250000,149130.3906250000,,,
30.7199999504,240,175500.2031250000,196909.4375000000,165165.4375000000,164260.5468750000,131545.5468750000,119740.8281250000,132934.1875000000,152347.5156250000,,,
30.7239999503,240,175436.1250000000,211928.7656250000,165121.9375000000,164135.5468750000,131468.3281250000,119642.1796875000,132820.2656250000,154188.3281250000,,,
30.7279999503,240,175736.1875000000,210711.1718750000,165591.2187500000,164809.8593750000,132140.9218750000,120268.6328125000,133523.3906250000,152674.1250000000,,,
30.7319999503,240,176010.8437500000,194774.3750000000,165997.8281250000,165468.5000000000,132763.8437500000,120867.1406250000,134199.1093750000,149657.5937500000,,,
30.7359999502,240,175875.0937500000,184530.9375000000,165763.5937500000,165186.0156250000,132456.3281250000,120591.2734375000,133896.0000000000,149119.1250000000,,,
30.7399999502,240,175503.7500000000,196806.2500000000,165174.4218750000,164268.3437500000,131563.2031250000,119749.3281250000,132945.7187500000,152333.4218750000,,,
30.7439999504,240,175434.1093750000,211886.5781250000,165125.0468750000,164124.2343750000,131478.6875000000,119649.0390625000,132827.4062500000,154192.6875000000,,,
30.7479999503,240,175724.0937500000,210775.1406250000,165584.8281250000,164790.2187500000,132139.8437500000,120269.0078125000,133521.1406250000,152689.2187500000,,,
30.7519999503,240,176011.5468750000,194876.4843750000,166002.7656250000,165471.6406250000,132771.5156250000,120881.3828125000,134210.6718750000,149679.1093750000,,,
30.7559999502,240,175883.3593750000,184526.3281250000,165772.4531250000,165201.3750000000,132468.2656250000,120612.2500000000,133916.8125000000,149121.4531250000,,,
30.7599999502,240,175506.5937500000,196710.9375000000,165172.0312500000,164277.7812500000,131563.7343750000,119760.0078125000,132953.6562500000,152323.1562500000,,,
30.7639999504,240,175445.6250000000,211853.4218750000,165124.8906250000,164152.3906250000,131476.0312500000,119658.3750000000,132830.6250000000,154207.1718750000,,,
30.7679999503,240,175735.9687500000,210861.4687500000,165579.2500000000,164807.0937500000,132128.9843750000,120272.1171875000,133515.9843750000,152723.9218750000,,,
30.7719999503,240,176015.5312500000,195011.7187500000,165993.3750000000,165465.2031250000,132757.7031250000,120879.3984375000,134198.2812500000,149702.2656250000,,,
30.7759999502,240,175886.9843750000,184547.6250000000,165770.5468750000,165191.8593750000,132463.9687500000,120614.4531250000,133910.5156250000,149112.5156250000,,,
30.7799999502,240,175508.0625000000,196630.2968750000,165171.3593750000,164270.6875000000,131560.7343750000,119758.4531250000,132949.6406250000,152300.9218750000,,,
30.7839999502,240,175437.3593750000,211833.6093750000,165117.2968750000,164134.7968750000,131466.1562500000,119644.0546875000,132818.3906250000,154198.5312500000,,,
30.7879999503,240,175730.7968750000,210923.0937500000,165580.2968750000,164800.7187500000,132126.9687500000,120266.5390625000,133511.2968750000,152730.5625000000,,,
30.7919999503,240,176016.2343750000,195100.6875000000,166001.9375000000,165474.1875000000,132763.5781250000,120879.7734375000,134199.8125000000,149713.5468750000,,,
30.7959999503,240,175892.7187500000,184548.7968750000,165781.8125000000,165209.8281250000,132473.4687500000,120620.9375000000,133913.7500000000,149108.4218750000,,,
30.7999999502,240,175523.7812500000,196526.3125000000,165193.0625000000,164296.4218750000,131579.3750000000,119771.2734375000,132960.9062500000,152292.5000000000,,,
30.8039999502,240,175445.2187500000,211769.9843750000,165132.2031250000,164139.2187500000,131474.8281250000,119645.6328125000,132819.1718750000,154201.9687500000,,,
30.8079999504,240,175726.8593750000,210966.0625000000,165581.5312500000,164785.0937500000,132121.4218750000,120251.6015625000,133496.7812500000,152742.0625000000,,,
30.8119999503,240,176015.3750000000,195185.0000000000,166006.2031250000,165469.6562500000,132762.2343750000,120869.4453125000,134194.5312500000,149720.4218750000,,,
30.8159999503,240,175898.5156250000,184529.5937500000,165793.8281250000,165223.9062500000,132483.8750000000,120620.0546875000,133924.0000000000,149094.3437500000,,,
30.8199999502,240,175517.6718750000,196413.7656250000,165191.0468750000,164291.1718750000,131578.8593750000,119761.6953125000,132961.0312500000,152262.5625000000,,,
30.8239999502,240,175438.3750000000,211724.1875000000,165125.4687500000,164129.9218750000,131472.2187500000,119639.1718750000,132819.5468750000,154194.3437500000,,,
30.8279999502,240,175722.6406250000,211009.1718750000,165575.2031250000,164790.0625000000,132120.8125000000,120248.3828125000,133498.8750000000,152750.5625000000,,,
30.8319999503,240,176011.5156250000,195264.9218750000,165995.3125000000,165476.1250000000,132760.4843750000,120868.8281250000,134191.9843750000,149727.9062500000,,,
30.8359999503,240,175894.2031250000,184519.8906250000,165782.9843750000,165224.7656250000,132483.4687500000,120621.4765625000,133920.5937500000,149077.7031250000,,,
30.8399999503,240,175511.1250000000,196301.6250000000,165177.4843750000,164281.5937500000,131573.2812500000,119763.5703125000,132954.4843750000,152237.8281250000,,,
30.8439999502,240,175419.6875000000,211679.0312500000,165100.9375000000,164109.3750000000,131452.3437500000,119627.4765625000,132797.3125000000,154185.7031250000,,,
30.8479999502,241,175706.2500000000,211100.3437500000,165558.1875000000,164763.9062500000,132105.6562500000,120240.2265625000,133481.1718750000,152769.3437500000,,,
30.8519999501,241,175996.0156250000,195402.9531250000,165986.2968750000,165455.4062500000,132753.2968750000,120865.1562500000,134187.0000000000,149746.2500000000,,,
30.8559999501,241,175878.2031250000,184523.9843750000,165776.2031250000,165219.3437500000,132480.4062500000,120624.0546875000,133923.3906250000,149069.1718750000,,,
30.8599999500,241,175504.9531250000,196209.9687500000,165178.3593750000,164294.2812500000,131574.7343750000,119767.1093750000,132960.8437500000,152223.6406250000,,,
30.8639999500,241,175425.4218750000,211640.4218750000,165109.3750000000,164125.8125000000,131457.2031250000,119628.5781250000,132808.7656250000,154189.2968750000,,,
30.8679999500,241,175715.2656250000,211141.7812500000,165565.3750000000,164775.9843750000,132109.1718750000,120235.0546875000,133496.3281250000,152782.0781250000,,,
30.8719999501,241,176009.0937500000,195488.5468750000,165996.4062500000,165461.9062500000,132758.9062500000,120858.4531250000,134202.2343750000,149758.0000000000,,,
30.8759999501,241,175897.2031250000,184523.2343750000,165791.7031250000,165227.0000000000,132490.4687500000,120622.5468750000,133942.9687500000,149058.9375000000,,,
30.8799999501,241,175514.2812500000,196112.3906250000,165183.1406250000,164286.8281250000,131574.0156250000,119760.9453125000,132972.8437500000,152198.0781250000,,,
30.8839999500,241,175427.6250000000,211598.2656250000,165106.7500000000,164119.8593750000,131448.2500000000,119620.3437500000,132812.7968750000,154185.8906250000,,,
30.8879999500,241,175713.8750000000,211186.6250000000,165562.7031250000,164781.1562500000,132098.0000000000,120229.0156250000,133494.4687500000,152798.5781250000,,,
30.8919999502,241,176004.3281250000,195553.4531250000,165993.7656250000,165459.5937500000,132748.4218750000,120858.0468750000,134202.5000000000,149773.8281250000,,,
30.8959999501,241,175883.0156250000,184519.4843750000,165783.8281250000,165216.6406250000,132479.5000000000,120618.3125000000,133944.8437500000,149049.5937500000,,,
30.8999999501,241,175507.2343750000,196008.3750000000,165184.5156250000,164301.4218750000,131574.7656250000,119761.5312500000,132987.1875000000,152177.2656250000,,,
30.9039999500,241,175418.0781250000,211545.0000000000,165103.5625000000,164119.7812500000,131443.5000000000,119614.8671875000,132820.2968750000,154176.4062500000,,,
30.9079999500,241,175698.5000000000,211230.8750000000,165554.0156250000,164756.3437500000,132086.6562500000,120218.2109375000,133496.1406250000,152795.0312500000,,,
30.9119999500,241,175997.1718750000,195646.2031250000,165991.5781250000,165446.8750000000,132744.4531250000,120854.6953125000,134212.0781250000,149773.8437500000,,,
30.9159999501,241,175890.5937500000,184511.1093750000,165796.8906250000,165232.0625000000,132492.5937500000,120629.7890625000,133968.8281250000,149037.8750000000,,,
30.9199999501,241,175517.4531250000,195903.3125000000,165196.0937500000,164318.5312500000,131588.0156250000,119774.7031250000,133007.4375000000,152163.5937500000,,,
30.9239999501,241,175431.6718750000,211487.5937500000,165114.4218750000,164137.0468750000,131454.7031250000,119629.3828125000,132834.1406250000,154192.6875000000,,,
30.9279999500,241,175708.9687500000,211324.1093750000,165554.8750000000,164763.7500000000,132089.4218750000,120224.5390625000,133499.6718750000,152841.2812500000,,,
30.9319999500,241,176010.0468750000,195803.5937500000,165997.2187500000,165461.4531250000,132756.3593750000,120854.1562500000,134221.0000000000,149815.0937500000,,,
30.9359999502,241,175906.5937500000,184531.4687500000,165807.5000000000,165251.3750000000,132513.7031250000,120625.3671875000,133982.0781250000,149043.8593750000,,,
30.9399999501,241,175530.7031250000,195820.5937500000,165201.5625000000,164332.1875000000,131602.2500000000,119777.2812500000,133010.6562500000,152158.0312500000,,,
30.9439999501,241,175434.0937500000,211461.5468750000,165108.9843750000,164140.1406250000,131454.5156250000,119639.6562500000,132827.2968750000,154197.9843750000,,,
30.9479999500,241,175709.4687500000,211346.9687500000,165552.2187500000,164764.9843750000,132090.9531250000,120234.4375000000,133497.9531250000,152849.0000000000,,,
30.9519999500,241,176001.7812500000,195850.5312500000,165989.0937500000,165453.7031250000,132750.4218750000,120861.5859375000,134211.5625000000,149814.3750000000,,,
30.9559999499,241,175900.4375000000,184519.7812500000,165803.6718750000,165254.8125000000,132509.9218750000,120646.3125000000,133976.4687500000,149027.0156250000,,,
30.9599999501,241,175523.4375000000,195708.5625000000,165199.0000000000,164332.3750000000,131597.2343750000,119789.6171875000,133007.7031250000,152127.5937500000,,,
30.9639999501,241,175420.6718750000,211407.2968750000,165098.9531250000,164119.9375000000,131441.0312500000,119629.5937500000,132816.6562500000,154183.5625000000,,,
30.9679999501,241,175698.1562500000,211365.9062500000,165544.6718750000,164744.7343750000,132079.3125000000,120227.0312500000,133488.2812500000,152851.4218750000,,,
30.9719999500,241,176000.7343750000,195900.5468750000,165989.9218750000,165450.0781250000,132744.0781250000,120861.9140625000,134207.3750000000,149828.7812500000,,,
30.9759999500,242,175903.4687500000,184521.6562500000,165806.8125000000,165256.1718750000,132509.2968750000,120652.4843750000,133979.0156250000,149032.4531250000,,,
30.9799999499,242,175528.5625000000,195612.6406250000,165203.1562500000,164328.9843750000,131601.8281250000,119797.1015625000,133015.9687500000,152121.6093750000,,,
30.9839999499,242,175431.0312500000,211356.2812500000,165108.8750000000,164118.8593750000,131450.6875000000,119636.9218750000,132826.8437500000,154198.5781250000,,,
30.9879999498,242,175701.0156250000,211426.4687500000,165546.7187500000,164754.6562500000,132079.3593750000,120228.2656250000,133486.7500000000,152879.0468750000,,,
30.9919999498,242,175997.0312500000,196016.5937500000,165988.3437500000,165467.7500000000,132742.6250000000,120862.8515625000,134205.3593750000,149846.8281250000,,,
30.9959999498,242,175893.4218750000,184532.2187500000,165803.9843750000,165261.5156250000,132508.6250000000,120654.1171875000,133980.6562500000,149015.6093750000,,,
30.9999999499,242,175512.3281250000,195510.0312500000,165196.8750000000,164322.6875000000,131596.7812500000,119794.6562500000,133011.3593750000,152087.0937500000,,,
31.0039999499,242,175410.2656250000,211304.1562500000,165097.5781250000,164109.6718750000,131438.8750000000,119622.3281250000,132813.5156250000,154177.9062500000,,,
31.0079999499,242,175687.1093750000,211500.9062500000,165538.4843750000,164731.5312500000,132072.2812500000,120213.7031250000,133472.6718750000,152886.3906250000,,,
31.0119999498,242,175991.9843750000,196147.1875000000,165985.7968750000,165438.8906250000,132745.7656250000,120861.0546875000,134196.6718750000,149863.5625000000,,,
31.0159999498,242,175896.3125000000,184542.1718750000,165807.3750000000,165248.8281250000,132522.7656250000,120663.7187500000,133981.8906250000,149013.2031250000,,,
31.0199999500,242,175524.3750000000,195408.9843750000,165204.3593750000,164339.0156250000,131616.1718750000,119806.7031250000,133018.1093750000,152081.5156250000,,,
31.0239999499,242,175428.6406250000,211266.0468750000,165106.4531250000,164142.5781250000,131456.2343750000,119636.0625000000,132819.0937500000,154201.0468750000,,,
31.0279999499,242,175697.0312500000,211606.7656250000,165539.3593750000,164747.2500000000,132076.6562500000,120219.6796875000,133474.3593750000,152926.4843750000,,,
31.0319999498,242,175986.7031250000,196310.8281250000,165977.7187500000,165434.0312500000,132739.8906250000,120856.6250000000,134201.3125000000,149883.4218750000,,,
31.0359999498,242,175892.2343750000,184557.0312500000,165804.9062500000,165252.9843750000,132520.1562500000,120666.4062500000,133996.7500000000,148997.1093750000,,,
31.0399999497,242,175516.7812500000,195310.1406250000,165195.7812500000,164328.7187500000,131604.2187500000,119803.1328125000,133023.3750000000,152048.2343750000,,,
31.0439999499,242,175413.9218750000,211213.0781250000,165086.3906250000,164113.8437500000,131430.5625000000,119616.6953125000,132805.2031250000,154174.5468750000,,,
31.0479999499,242,175686.4062500000,211640.2187500000,165520.5625000000,164735.5625000000,132051.9531250000,120197.9296875000,133451.6718750000,152917.6875000000,,,
31.0519999499,242,175993.7343750000,196398.5000000000,165971.3906250000,165455.6875000000,132728.5468750000,120850.0546875000,134181.5468750000,149892.8281250000,,,
31.0559999498,242,175915.6250000000,184572.7031250000,165814.3437500000,165294.2187500000,132526.4375000000,120672.2265625000,133986.7968750000,149000.2187500000,,,
31.0599999498,242,175539.0937500000,195222.5156250000,165208.4375000000,164372.6562500000,131613.5000000000,119810.4843750000,133017.3125000000,152045.0937500000,,,
31.0639999500,242,175427.5468750000,211169.5937500000,165094.7656250000,164143.7656250000,131433.6718750000,119620.4531250000,132797.7968750000,154189.3281250000,,,
31.0679999499,242,175689.7812500000,211656.8437500000,165523.8125000000,164745.4531250000,132048.9218750000,120191.0390625000,133440.6093750000,152932.6562500000,,,
31.0719999499,242,175995.7656250000,196432.0937500000,165978.6250000000,165456.3281250000,132726.6875000000,120841.9843750000,134172.4531250000,149901.7656250000,,,
31.0759999498,242,175908.9218750000,184557.5468750000,165819.8906250000,165283.6093750000,132525.2343750000,120664.2578125000,133980.9531250000,148985.9687500000,,,
31.0799999498,242,175531.7187500000,195102.3281250000,165217.3593750000,164353.4062500000,131618.6406250000,119805.6328125000,133022.2656250000,152015.7500000000,,,
31.0839999497,242,175424.7812500000,211113.9687500000,165104.5781250000,164127.5000000000,131440.7031250000,119615.5937500000,132806.2187500000,154186.6406250000,,,
31.0879999499,242,175692.2031250000,211682.5468750000,165534.8906250000,164742.7812500000,132059.0625000000,120193.3984375000,133454.6093750000,152946.8281250000,,,
31.0919999499,242,175987.9062500000,196495.5156250000,165976.1875000000,165448.9531250000,132727.4687500000,120839.0546875000,134180.4687500000,149909.5156250000,,,
31.0959999498,242,175899.5937500000,184559.7656250000,165812.4687500000,165287.9062500000,132524.9375000000,120665.1718750000,133989.7968750000,148973.0781250000,,,
31.0999999498,242,175530.1406250000,195003.9375000000,165212.9062500000,164364.8750000000,131620.8125000000,119812.3046875000,133028.2812500000,151996.5468750000,,,
31.1039999498,243,175424.3750000000,211061.0156250000,165098.7812500000,164120.7500000000,131438.6875000000,119619.2421875000,132804.0781250000,154185.8906250000,,,
31.1079999497,243,175686.5312500000,211793.5312500000,165523.2187500000,164716.2187500000,132049.4062500000,120191.4921875000,133443.2500000000,152976.4375000000,,,
31.1119999497,243,175994.0468750000,196690.9687500000,165982.5937500000,165436.7500000000,132735.3593750000,120846.0312500000,134183.7187500000,149944.5781250000,,,
31.1159999496,243,175918.7031250000,184593.6406250000,165836.0781250000,165292.5468750000,132550.8125000000,120677.7500000000,134009.9687500000,148976.2656250000,,,
31.1199999496,243,175548.6718750000,194905.8281250000,165232.2187500000,164372.1718750000,131641.9843750000,119814.7734375000,133045.3906250000,151981.3125000000,,,
31.1239999495,243,175428.9062500000,211008.7187500000,165100.1875000000,164114.8437500000,131440.8125000000,119603.8203125000,132803.0468750000,154180.4531250000,,,
31.1279999497,243,175691.6093750000,211851.7812500000,165523.4375000000,164721.1875000000,132050.2968750000,120176.6328125000,133436.7187500000,152991.4531250000,,,
31.1319999497,243,176006.1718750000,196811.4843750000,165988.2812500000,165457.9843750000,132743.2343750000,120844.0234375000,134182.7031250000,149970.1250000000,,,
31.1359999496,243,175925.2812500000,184605.7656250000,165837.2500000000,165298.6406250000,132557.6250000000,120684.6718750000,134010.6718750000,148977.1250000000,,,
31.1399999496,243,175540.1718750000,194803.6718750000,165222.1718750000,164350.4531250000,131636.3437500000,119819.4453125000,133037.6875000000,151964.8906250000,,,
31.1439999496,243,175418.4843750000,210956.4687500000,165090.9531250000,164101.7500000000,131431.8281250000,119611.2734375000,132798.4062500000,154182.6250000000,,,
31.1479999498,243,175683.9843750000,211866.7343750000,165520.3437500000,164719.3906250000,132042.6406250000,120183.9296875000,133438.8125000000,153003.6562500000,,,
31.1519999497,243,176002.0937500000,196856.0937500000,165987.7968750000,165454.5781250000,132736.0000000000,120848.6328125000,134188.6250000000,149980.8593750000,,,
31.1559999497,243,175922.0312500000,184610.8125000000,165834.2812500000,165306.2500000000,132548.4531250000,120684.1640625000,134014.9218750000,148967.0625000000,,,
31.1599999496,243,175536.6093750000,194691.6875000000,165215.6718750000,164374.0312500000,131625.4218750000,119816.5468750000,133040.7968750000,151932.3593750000,,,
31.1639999496,243,175418.0781250000,210888.9843750000,165082.9531250000,164118.4843750000,131418.6093750000,119606.2890625000,132790.9843750000,154172.1406250000,,,
31.1679999495,243,175679.1406250000,211888.6718750000,165508.0312500000,164722.9531250000,132025.6406250000,120177.9765625000,133424.2500000000,153009.2656250000,,,
31.1719999497,243,175990.5625000000,196923.8906250000,165974.4687500000,165444.6875000000,132719.0468750000,120843.6718750000,134173.0468750000,149986.8437500000,,,
31.1759999497,243,175917.3437500000,184609.8750000000,165835.5625000000,165303.5937500000,132546.1562500000,120692.8750000000,134013.3125000000,148961.5625000000,,,
31.1799999496,243,175540.2187500000,194583.9843750000,165227.4843750000,164381.5625000000,131631.2968750000,119828.9921875000,133043.6406250000,151921.7343750000,,,
31.1839999496,243,175421.8125000000,210835.2812500000,165097.7343750000,164124.0156250000,131425.4218750000,119609.1875000000,132795.5468750000,154176.7812500000,,,
31.1879999496,243,175682.0000000000,211929.9218750000,165522.1718750000,164720.1406250000,132033.5000000000,120173.5468750000,133431.8125000000,153023.8750000000,,,
31.1919999497,243,175987.4843750000,197016.7500000000,165978.7656250000,165438.0781250000,132721.4375000000,120832.2187500000,134180.4531250000,149992.7656250000,,,
31.1959999497,243,175910.5312500000,184621.1093750000,165834.9375000000,165300.4375000000,132552.5312500000,120685.5000000000,134026.6250000000,148940.2187500000,,,
31.1999999497,243,175534.7187500000,194484.6406250000,165226.6250000000,164371.5312500000,131643.1875000000,119829.2890625000,133061.2187500000,151890.7343750000,,,
31.2039999496,243,175415.4218750000,210779.6250000000,165092.9687500000,164104.9687500000,131433.4375000000,119610.4687500000,132807.8593750000,154169.8750000000,,,
31.2079999496,243,175674.8750000000,211988.4531250000,165514.2031250000,164698.9687500000,132036.3906250000,120176.6093750000,133438.9843750000,153040.7812500000,,,
31.2119999495,243,175989.3906250000,197138.7343750000,165976.4531250000,165436.5000000000,132729.9843750000,120848.5000000000,134189.7500000000,150022.3593750000,,,
31.2159999497,243,175922.0625000000,184634.5468750000,165839.6875000000,165313.0468750000,132565.9687500000,120710.0156250000,134037.7500000000,148953.3593750000,,,
31.2199999497,243,175546.7187500000,194380.4062500000,165229.1093750000,164384.1718750000,131650.6406250000,119844.8984375000,133067.9218750000,151889.0156250000,,,
31.2239999496,243,175418.0468750000,210722.7656250000,165080.9218750000,164106.0468750000,131421.8750000000,119606.6093750000,132796.9843750000,154176.8593750000,,,
31.2279999496,243,175677.1718750000,212017.8125000000,165500.6875000000,164697.2812500000,132022.8593750000,120169.0390625000,133422.4218750000,153061.0625000000,,,
31.2319999496,244,175991.0781250000,197212.2031250000,165967.9062500000,165425.6093750000,132720.0312500000,120837.9062500000,134174.7343750000,150036.8906250000,,,
31.2359999495,244,175930.0312500000,184652.7343750000,165844.5000000000,165315.1875000000,132571.4687500000,120708.1406250000,134038.0156250000,148950.8437500000,,,
31.2399999495,244,175558.8593750000,194291.5000000000,165244.5156250000,164410.9375000000,131665.3437500000,119850.3125000000,133076.7656250000,151874.2656250000,,,
31.2439999494,244,175431.4062500000,210679.7187500000,165101.2031250000,164128.9062500000,131439.3437500000,119614.9531250000,132807.9687500000,154182.8437500000,,,
31.2479999494,244,175687.8750000000,212085.5468750000,165517.6093750000,164715.3906250000,132036.9843750000,120170.8671875000,133430.6406250000,153083.3750000000,,,
31.2519999493,244,175994.8593750000,197336.6875000000,165977.6406250000,165436.5781250000,132726.8593750000,120834.6093750000,134174.1406250000,150055.3750000000,,,
31.2559999495,244,175926.6718750000,184685.0781250000,165845.5937500000,165313.6875000000,132569.6718750000,120706.2890625000,134031.2343750000,148942.0468750000,,,
31.2599999495,244,175550.9062500000,194204.3750000000,165237.7968750000,164388.7031250000,131656.9375000000,119854.6640625000,133065.0312500000,151854.2187500000,,,
31.2639999494,244,175422.9062500000,210629.7968750000,165091.7656250000,164110.4375000000,131425.4218750000,119617.0468750000,132789.1562500000,154181.5156250000,,,
31.2679999494,244,175672.5937500000,212314.9531250000,165499.1875000000,164690.7656250000,132005.3593750000,120156.7578125000,133395.2812500000,153131.0156250000,,,
31.2719999494,244,175989.3593750000,197743.9531250000,165974.0156250000,165430.5781250000,132713.3593750000,120832.1953125000,134158.2343750000,150107.0625000000,,,
31.2759999495,244,175931.9375000000,184747.6562500000,165858.1406250000,165324.7343750000,132579.0156250000,120719.3750000000,134041.5156250000,148927.5625000000,,,
31.2799999495,244,175553.8281250000,194109.7968750000,165246.6093750000,164392.6875000000,131663.2187500000,119859.8359375000,133075.7343750000,151825.6250000000,,,
31.2839999495,244,175421.0312500000,210577.2812500000,165093.2812500000,164107.5781250000,131423.6718750000,119609.3437500000,132790.9062500000,154169.1875000000,,,
31.2879999494,244,175676.2187500000,212259.4218750000,165506.0468750000,164687.8906250000,132013.9531250000,120155.2812500000,133405.3437500000,153118.4218750000,,,
31.2919999494,244,175998.4218750000,197665.9843750000,165981.7343750000,165431.5625000000,132724.2031250000,120835.3593750000,134172.6718750000,150100.5937500000,,,
31.2959999493,244,175950.0156250000,184732.1093750000,165872.0156250000,165347.9843750000,132597.1406250000,120726.4296875000,134058.8906250000,148935.4218750000,,,
31.2999999495,244,175567.7187500000,194009.0000000000,165256.4531250000,164410.9843750000,131679.1562500000,119857.8515625000,133083.1093750000,151814.6093750000,,,
31.3039999495,244,175430.8750000000,210502.2812500000,165098.2812500000,164102.4531250000,131435.0468750000,119605.6171875000,132790.5312500000,154169.6093750000,,,
31.3079999494,244,175685.1406250000,212183.3906250000,165510.5000000000,164686.7500000000,132026.1250000000,120156.2187500000,133405.7500000000,153118.4531250000,,,
31.3119999494,244,176000.8437500000,197588.1406250000,165978.5156250000,165427.2500000000,132726.4687500000,120830.7734375000,134161.8593750000,150101.3125000000,,,
31.3159999494,244,175948.8125000000,184721.3750000000,165867.9843750000,165338.4687500000,132597.3281250000,120727.0234375000,134049.6093750000,148937.5312500000,,,
31.3199999495,244,175576.3750000000,193888.9218750000,165264.2187500000,164418.3125000000,131687.9531250000,119871.3671875000,133087.3906250000,151800.2031250000,,,
31.3239999495,244,175436.2343750000,210437.3750000000,165102.3593750000,164115.7812500000,131436.0937500000,119609.4296875000,132791.3125000000,154171.0625000000,,,
31.3279999495,244,175681.7343750000,212184.1406250000,165510.4843750000,164697.4687500000,132022.1875000000,120154.1562500000,133406.0468750000,153125.1562500000,,,
31.3319999494,244,175997.6718750000,197613.3281250000,165978.9531250000,165436.2031250000,132722.9375000000,120830.0156250000,134166.6875000000,150108.4531250000,,,
31.3359999494,244,175944.6718750000,184710.8281250000,165867.2656250000,165335.3906250000,132593.9218750000,120724.1562500000,134056.1250000000,148928.3125000000,,,
31.3399999493,244,175570.6093750000,193771.6250000000,165262.6093750000,164414.5468750000,131683.6875000000,119870.4296875000,133094.6093750000,151774.8281250000,,,
31.3439999495,244,175426.0937500000,210368.1250000000,165097.3906250000,164113.9375000000,131423.9218750000,119610.0703125000,132792.4375000000,154167.2812500000,,,
31.3479999495,244,175669.6875000000,212252.3750000000,165499.6875000000,164690.6875000000,132001.0468750000,120150.9375000000,133394.6718750000,153146.7812500000,,,
31.3519999494,244,175979.7031250000,197763.3437500000,165960.8750000000,165428.1406250000,132697.6718750000,120823.3906250000,134146.6718750000,150127.0937500000,,,
31.3559999494,244,175923.4531250000,184743.2656250000,165844.1250000000,165335.4843750000,132570.2343750000,120718.0078125000,134033.9531250000,148914.6875000000,,,
31.3599999493,245,175550.8750000000,193685.3906250000,165238.6875000000,164406.7812500000,131663.2812500000,119867.0000000000,133075.4531250000,151748.7656250000,,,
31.3639999493,245,175418.6406250000,210304.0156250000,165081.1093750000,164104.0937500000,131410.6875000000,119607.8437500000,132776.4531250000,154157.1875000000,,,
31.3679999493,245,175667.3281250000,212308.7812500000,165489.7500000000,164667.2187500000,131992.4687500000,120146.1640625000,133379.6718750000,153158.8750000000,,,
31.3719999492,245,175988.5625000000,197902.9062500000,165970.2656250000,165417.1406250000,132706.5781250000,120828.1718750000,134148.2031250000,150150.7187500000,,,
31.3759999492,245,175941.3281250000,184762.8593750000,165869.1093750000,165347.6718750000,132594.4375000000,120738.1796875000,134052.7812500000,148916.5312500000,,,
31.3799999491,245,175567.7656250000,193575.6406250000,165263.5312500000,164423.8125000000,131687.6250000000,119883.3359375000,133095.7031250000,151735.1562500000,,,
31.3839999493,245,175426.8437500000,210241.9843750000,165097.3125000000,164100.2500000000,131425.2031250000,119607.9218750000,132786.2343750000,154159.0781250000,,,
31.3879999493,245,175669.7968750000,212361.4062500000,165495.8125000000,164667.5156250000,131997.7812500000,120138.2500000000,133380.7187500000,153179.3437500000,,,
31.3919999492,245,175985.6250000000,198022.3437500000,165967.0468750000,165418.7656250000,132704.7031250000,120808.6718750000,134145.2343750000,150166.8125000000,,,
31.3959999492,245,175938.2968750000,184792.6875000000,165866.2968750000,165348.9062500000,132596.0625000000,120713.6640625000,134051.6250000000,148905.1562500000,,,
31.3999999491,245,175562.1093750000,193488.3906250000,165257.0156250000,164428.7187500000,131684.3593750000,119866.3515625000,133085.4843750000,151706.5468750000,,,
31.4039999493,245,175401.5468750000,210186.6406250000,165068.8281250000,164089.0937500000,131399.0468750000,119594.9140625000,132758.3437500000,154132.8437500000,,,
31.4079999493,245,175635.6093750000,212388.0937500000,165461.3906250000,164647.9843750000,131964.8593750000,120122.6171875000,133349.3906250000,153158.1562500000,,,
31.4119999493,245,175963.5312500000,198091.8593750000,165948.9843750000,165409.8906250000,132687.7187500000,120809.6328125000,134129.3281250000,150157.7031250000,,,
31.4159999492,245,175924.9843750000,184803.9375000000,165857.9062500000,165349.5781250000,132588.7968750000,120734.7734375000,134047.2187500000,148891.4531250000,,,
31.4199999492,245,175558.2968750000,193384.4218750000,165256.2343750000,164440.2500000000,131685.0312500000,119892.2656250000,133094.3906250000,151688.3281250000,,,
31.4239999491,245,175410.8281250000,210126.9375000000,165076.1718750000,164102.9375000000,131404.3593750000,119611.3593750000,132767.5156250000,154146.2031250000,,,
31.4279999493,245,175650.2968750000,212431.2187500000,165468.9843750000,164652.3906250000,131968.1875000000,120146.8046875000,133355.2656250000,153200.3906250000,,,
31.4319999493,245,175974.9062500000,198203.3593750000,165949.7187500000,165395.2031250000,132684.7187500000,120839.7812500000,134128.6562500000,150202.4687500000,,,
31.4359999492,245,175941.4843750000,184834.0781250000,165865.6250000000,165345.0937500000,132595.3125000000,120769.4843750000,134056.2343750000,148914.0937500000,,,
31.4399999492,245,175572.7031250000,193302.5625000000,165261.8593750000,164443.4687500000,131691.2187500000,119921.5781250000,133097.8281250000,151690.6562500000,,,
31.4439999491,245,175422.0781250000,210082.5781250000,165078.6718750000,164100.2187500000,131408.7031250000,119634.7500000000,132764.9687500000,154160.6875000000,,,
31.4479999493,245,175657.1093750000,212493.9062500000,165471.8281250000,164651.7968750000,131974.4375000000,120157.0546875000,133350.5781250000,153226.7968750000,,,
31.4519999493,245,175981.1718750000,198324.5781250000,165958.5156250000,165412.5000000000,132697.3437500000,120848.0468750000,134129.0625000000,150223.9531250000,,,
31.4559999492,245,175944.1718750000,184857.3125000000,165876.1718750000,165364.3281250000,132610.6093750000,120775.6484375000,134061.1093750000,148903.8750000000,,,
31.4599999492,245,175575.1250000000,193192.1093750000,165275.1406250000,164451.8593750000,131707.9531250000,119926.2500000000,133109.6250000000,151664.4062500000,,,
31.4639999492,245,175422.2343750000,210010.5625000000,165088.5468750000,164101.7500000000,131418.3906250000,119629.2500000000,132768.4531250000,154153.6250000000,,,
31.4679999491,245,175659.4218750000,212523.7812500000,165482.9375000000,164658.5000000000,131984.1406250000,120158.1250000000,133356.4218750000,153244.8750000000,,,
31.4719999493,245,175988.0781250000,198421.3437500000,165971.2031250000,165415.5312500000,132711.0000000000,120860.8359375000,134140.4843750000,150252.2500000000,,,
31.4759999493,245,175953.2812500000,184897.0625000000,165889.1250000000,165362.6093750000,132627.1562500000,120794.3203125000,134070.9843750000,148914.1406250000,,,
31.4799999492,245,175579.3906250000,193125.4062500000,165282.1406250000,164443.8125000000,131719.3906250000,119947.7343750000,133113.3906250000,151654.7500000000,,,
31.4839999492,245,175429.0937500000,209977.0781250000,165094.6562500000,164098.0468750000,131427.7500000000,119658.7500000000,132778.7500000000,154161.7031250000,,,
31.4879999491,246,175668.7343750000,212570.8906250000,165484.0781250000,164648.7968750000,131989.2656250000,120179.1562500000,133360.7343750000,153265.8125000000,,,
31.4919999491,246,175993.5937500000,198517.1250000000,165965.9375000000,165398.2812500000,132710.8125000000,120868.6171875000,134133.2343750000,150272.2500000000,,,
31.4959999491,246,175957.5781250000,184938.7968750000,165884.4062500000,165349.7656250000,132631.3437500000,120805.4765625000,134069.9375000000,148916.8750000000,,,
31.4999999490,246,175583.2500000000,193041.7812500000,165279.5156250000,164440.8593750000,131726.4687500000,119954.0937500000,133115.4843750000,151637.0156250000,,,
31.5039999490,246,175421.9375000000,209925.1093750000,165083.7343750000,164090.2968750000,131423.6718750000,119647.4609375000,132765.0000000000,154155.3906250000,,,
31.5079999489,246,175646.3906250000,212611.6093750000,165464.0000000000,164629.1562500000,131973.4218750000,120157.8281250000,133332.2187500000,153267.4218750000,,,
31.5119999491,246,175966.1562500000,198605.7968750000,165943.3125000000,165381.5156250000,132688.9218750000,120845.9531250000,134101.0625000000,150270.2656250000,,,
31.5159999491,246,175934.0312500000,184966.1250000000,165867.6718750000,165347.6406250000,132612.7968750000,120786.5390625000,134041.1406250000,148897.2500000000,,,
31.5199999490,246,175567.3125000000,192954.6250000000,165269.7500000000,164444.4375000000,131712.7343750000,119941.8828125000,133089.9218750000,151607.0625000000,,,
31.5239999490,246,175423.1406250000,209869.8750000000,165087.4375000000,164107.3906250000,131417.6875000000,119643.1406250000,132746.7343750000,154149.5000000000,,,
31.5279999489,246,175661.6250000000,212640.3281250000,165476.8437500000,164655.7187500000,131972.8593750000,120159.3359375000,133321.0468750000,153282.9062500000,,,
31.5319999491,246,175985.5000000000,198688.5156250000,165956.7656250000,165412.7968750000,132690.6093750000,120848.2578125000,134093.4062500000,150289.7968750000,,,
31.5359999491,246,175961.0937500000,184990.7187500000,165888.8593750000,165388.8906250000,132625.4687500000,120800.5156250000,134049.0468750000,148904.0937500000,,,
31.5399999490,246,175595.3750000000,192864.6093750000,165292.3906250000,164488.8750000000,131726.5156250000,119952.8593750000,133102.6093750000,151596.6250000000,,,
31.5439999490,246,175444.4687500000,209808.4062500000,165102.8281250000,164131.0781250000,131424.2968750000,119645.3984375000,132753.6406250000,154151.8281250000,,,
31.5479999490,246,175679.1093750000,212702.7656250000,165488.5312500000,164672.4218750000,131976.0781250000,120155.8750000000,133324.6562500000,153311.9218750000,,,
31.5519999489,246,176005.1875000000,198827.2968750000,165975.4687500000,165431.9218750000,132701.0000000000,120851.1562500000,134104.3750000000,150326.1406250000,,,
31.5559999491,246,175976.1875000000,185031.9687500000,165905.5937500000,165406.3750000000,132636.8437500000,120807.1953125000,134062.0000000000,148913.9843750000,,,
31.5599999491,246,175594.4375000000,192767.9218750000,165293.0625000000,164476.1406250000,131726.7343750000,119953.9296875000,133104.0468750000,151580.9531250000,,,
31.5639999490,246,175425.6875000000,209737.2656250000,165084.9375000000,164094.9375000000,131406.4531250000,119632.1171875000,132735.4687500000,154136.4843750000,,,
31.5679999490,246,175654.8906250000,212718.3281250000,165468.1562500000,164634.5000000000,131955.9531250000,120142.8906250000,133303.4687500000,153305.0625000000,,,
31.5719999489,246,175981.7187500000,198898.5937500000,165958.1406250000,165398.7656250000,132686.9375000000,120842.0390625000,134086.4062500000,150320.5937500000,,,
31.5759999491,246,175959.2343750000,185022.9375000000,165895.8906250000,165390.5000000000,132634.6093750000,120807.2734375000,134053.3593750000,148890.6718750000,,,
31.5799999491,246,175589.0625000000,192646.2812500000,165292.6250000000,164486.1406250000,131732.3750000000,119960.3906250000,133104.7500000000,151550.6250000000,,,
31.5839999490,246,175427.4062500000,209648.6718750000,165087.2812500000,164103.9531250000,131412.6562500000,119635.4687500000,132736.3750000000,154131.9531250000,,,
31.5879999490,246,175648.0468750000,212729.1718750000,165460.0781250000,164632.0312500000,131952.9062500000,120136.4765625000,133295.5937500000,153317.5312500000,,,
31.5919999490,246,175970.2656250000,198979.8437500000,165944.9375000000,165393.9062500000,132681.1250000000,120834.4687500000,134078.7656250000,150337.8906250000,,,
31.5959999489,246,175947.9687500000,185043.3750000000,165884.8125000000,165385.4531250000,132631.0156250000,120803.7343750000,134050.2031250000,148887.2500000000,,,
31.5999999491,246,175583.1875000000,192544.6250000000,165285.0312500000,164485.0468750000,131732.0781250000,119965.4609375000,133103.5937500000,151532.8750000000,,,
31.6039999491,246,175416.4687500000,209590.4218750000,165071.4531250000,164106.2343750000,131400.6562500000,119636.6796875000,132723.0156250000,154129.8437500000,,,
31.6079999490,246,175642.1406250000,212778.4687500000,165447.0468750000,164636.7812500000,131939.0625000000,120138.3828125000,133281.0156250000,153335.7343750000,,,
31.6119999490,246,175970.1250000000,199087.9531250000,165936.2031250000,165400.2656250000,132668.5937500000,120837.1562500000,134067.5312500000,150358.9218750000,,,
31.6159999489,247,175950.4687500000,185063.6718750000,165878.8750000000,165391.7031250000,132622.8281250000,120803.8906250000,134044.1718750000,148882.9218750000,,,
31.6199999489,247,175582.7343750000,192457.2187500000,165278.7812500000,164482.5468750000,131722.5312500000,119950.7656250000,133099.8593750000,151507.1406250000,,,
31.6239999488,247,175423.4375000000,209543.4531250000,165073.1718750000,164108.5156250000,131395.1562500000,119622.4609375000,132724.6562500000,154120.0000000000,,,
31.6279999488,247,175648.1875000000,212813.7031250000,165449.2656250000,164633.3125000000,131934.1562500000,120138.0859375000,133287.3281250000,153339.4375000000,,,
31.6319999488,247,175975.4687500000,199163.3281250000,165941.7187500000,165383.1250000000,132666.9843750000,120840.9609375000,134075.4062500000,150365.6718750000,,,
31.6359999487,247,175963.2968750000,185094.6875000000,165895.2968750000,165380.2500000000,132636.3281250000,120821.2187500000,134059.1875000000,148886.3906250000,,,
31.6399999489,247,175599.7500000000,192373.5781250000,165301.7500000000,164488.2656250000,131747.2031250000,119986.7343750000,133120.8437500000,151506.1875000000,,,
31.6439999489,247,175435.9687500000,209486.7500000000,165092.4062500000,164104.8125000000,131416.9375000000,119655.0781250000,132738.8750000000,154137.8281250000,,,
31.6479999488,247,175654.0000000000,212855.5312500000,165463.5937500000,164609.6875000000,131950.2500000000,120145.6796875000,133288.0000000000,153371.7031250000,,,
31.6519999488,247,175980.4531250000,199269.4062500000,165956.3750000000,165373.7968750000,132686.0781250000,120844.8515625000,134076.6250000000,150397.4687500000,,,
31.6559999487,247,175964.0937500000,185139.0468750000,165905.4531250000,165384.3593750000,132653.6875000000,120826.7187500000,134064.9062500000,148891.0312500000,,,
31.6599999489,247,175595.2968750000,192291.5312500000,165305.5625000000,164492.2031250000,131758.7812500000,119986.3828125000,133126.4531250000,151480.8906250000,,,
31.6639999489,247,175419.1562500000,209420.5312500000,165079.0781250000,164095.9843750000,131410.9843750000,119640.7812500000,132732.6250000000,154113.7187500000,,,
31.6679999488,247,175639.8125000000,212875.7187500000,165449.2968750000,164615.3906250000,131944.2656250000,120136.2421875000,133285.1250000000,153367.6093750000,,,
31.6719999488,247,175963.5625000000,199371.4062500000,165938.8750000000,165375.0781250000,132675.0625000000,120837.4453125000,134072.5156250000,150401.6718750000,,,
31.6759999488,247,175947.4375000000,185156.0468750000,165890.3906250000,165385.8281250000,132643.2187500000,120824.2500000000,134064.2812500000,148869.6250000000,,,
31.6799999487,247,175577.0468750000,192182.4531250000,165286.8593750000,164490.8125000000,131741.3281250000,119981.8515625000,133119.9843750000,151442.7187500000,,,
31.6839999489,247,175406.7812500000,209345.4843750000,165064.3125000000,164114.3125000000,131389.0781250000,119634.9062500000,132721.8281250000,154099.3437500000,,,
31.6879999489,247,175639.2187500000,212923.2500000000,165443.7968750000,164651.6093750000,131923.2031250000,120131.8125000000,133270.0781250000,153385.1406250000,,,
31.6919999488,247,175965.1875000000,199491.2812500000,165936.1250000000,165391.1406250000,132653.5000000000,120835.8125000000,134055.5312500000,150423.7500000000,,,
31.6959999488,247,175941.7812500000,185185.1875000000,165882.2812500000,165361.8906250000,132621.1250000000,120822.1640625000,134050.4218750000,148862.7031250000,,,
31.6999999487,247,175580.6406250000,192089.9375000000,165287.9062500000,164471.2500000000,131731.9687500000,119983.5703125000,133112.9218750000,151424.4843750000,,,
31.7039999489,247,175412.7187500000,209284.8125000000,165067.1093750000,164072.9218750000,131384.6406250000,119628.9296875000,132711.1093750000,154095.5625000000,,,
31.7079999489,247,175635.4218750000,212949.2656250000,165437.0312500000,164588.8125000000,131915.2968750000,120114.1875000000,133254.2812500000,153386.8593750000,,,
31.7119999488,247,175975.9218750000,199577.5468750000,165942.6875000000,165361.8281250000,132664.8593750000,120828.4375000000,134056.5781250000,150440.4531250000,,,
31.7159999488,247,175968.3906250000,185232.4218750000,165904.8125000000,165381.5468750000,132649.5312500000,120828.0625000000,134064.1406250000,148878.6875000000,,,
31.7199999487,247,175601.0625000000,192014.3593750000,165307.5468750000,164495.8593750000,131757.7500000000,119992.2343750000,133127.6562500000,151421.9375000000,,,
31.7239999487,247,175420.4843750000,209239.0468750000,165076.0468750000,164092.4218750000,131397.3906250000,119636.4062500000,132719.2656250000,154108.5156250000,,,
31.7279999489,247,175636.1093750000,212978.2343750000,165442.5156250000,164603.4687500000,131921.4843750000,120123.4140625000,133260.5312500000,153412.4531250000,,,
31.7319999489,247,175963.1875000000,199641.4375000000,165939.2812500000,165366.0156250000,132660.5000000000,120826.9375000000,134058.3593750000,150452.5312500000,,,
31.7359999488,247,175960.2343750000,185248.4218750000,165909.9687500000,165401.3906250000,132654.1562500000,120832.9453125000,134080.7187500000,148872.9531250000,,,
31.7399999488,247,175594.9687500000,191910.1718750000,165310.1093750000,164515.4531250000,131763.0468750000,119996.8437500000,133147.5312500000,151395.6406250000,,,
31.7439999487,248,175412.7187500000,209160.8593750000,165071.7187500000,164096.4375000000,131395.7812500000,119631.2890625000,132734.5000000000,154092.2343750000,,,
31.7479999487,248,175627.8281250000,212996.9531250000,165434.0937500000,164594.1250000000,131914.1718750000,120114.7265625000,133273.2968750000,153411.8593750000,,,
31.7519999486,248,175953.5781250000,199723.7812500000,165926.2500000000,165361.9843750000,132647.0312500000,120822.9687500000,134065.0937500000,150458.7187500000,,,
31.7559999486,248,175951.1406250000,185279.8906250000,165896.5781250000,165398.7968750000,132641.9531250000,120835.0859375000,134087.6093750000,148867.3750000000,,,
31.7599999486,248,175589.2500000000,191820.1562500000,165300.9687500000,164515.8281250000,131753.8281250000,120004.3046875000,133155.1250000000,151375.8281250000,,,
31.7639999485,248,175414.5156250000,209094.9062500000,165068.9062500000,164097.8125000000,131389.2343750000,119639.9531250000,132737.9531250000,154091.6093750000,,,
31.7679999487,248,175630.4218750000,213039.4687500000,165433.3593750000,164596.4843750000,131908.3437500000,120118.8593750000,133272.2187500000,153433.8593750000,,,
31.7719999487,248,175977.7500000000,199849.5781250000,165948.7500000000,165390.0156250000,132666.3125000000,120841.2812500000,134083.8125000000,150500.2656250000,,,
31.7759999486,248,175981.6093750000,185329.9375000000,165928.1562500000,165431.2656250000,132675.0312500000,120857.2187500000,134116.1250000000,148887.9375000000,,,
31.7799999486,248,175611.7031250000,191739.3281250000,165327.2812500000,164524.1562500000,131783.7343750000,120015.7578125000,133180.1250000000,151368.4531250000,,,
31.7839999485,248,175424.0625000000,209027.6093750000,165081.1562500000,164083.1718750000,131405.2187500000,119637.5625000000,132753.4843750000,154086.2500000000,,,
31.7879999487,248,175635.5156250000,213079.3593750000,165439.2187500000,164585.3593750000,131918.7812500000,120114.3828125000,133284.0312500000,153447.9375000000,,,
31.7919999487,248,175965.8593750000,199966.6718750000,165938.1875000000,165362.4218750000,132660.8437500000,120826.7187500000,134082.9218750000,150509.6093750000,,,
31.7959999486,248,175964.8125000000,185359.0156250000,165914.1718750000,165405.0937500000,132665.2968750000,120852.0703125000,134111.7500000000,148869.7500000000,,,
31.7999999486,248,175605.6718750000,191638.7343750000,165323.2656250000,164524.9531250000,131779.8750000000,120027.3984375000,133182.3125000000,151343.9062500000,,,
31.8039999485,248,175421.6093750000,208953.9062500000,165076.1718750000,164103.6562500000,131395.2343750000,119649.1484375000,132747.9062500000,154086.2500000000,,,
31.8079999485,248,175628.7656250000,213106.9531250000,165428.7500000000,164602.6093750000,131900.2812500000,120111.8828125000,133269.2500000000,153458.9687500000,,,
31.8119999487,248,175956.5625000000,200061.2812500000,165929.2500000000,165359.4687500000,132644.2656250000,120819.3984375000,134070.4843750000,150516.3437500000,,,
31.8159999487,248,175959.9375000000,185383.9531250000,165911.4375000000,165403.7500000000,132659.8437500000,120848.7968750000,134114.1093750000,148858.9218750000,,,
31.8199999486,248,175601.8125000000,191554.2812500000,165322.0312500000,164530.6406250000,131780.7031250000,120024.6875000000,133191.4843750000,151318.5937500000,,,
31.8239999486,248,175412.1718750000,208886.9531250000,165071.1562500000,164090.6250000000,131393.9531250000,119639.8125000000,132752.5468750000,154069.5937500000,,,
31.8279999485,248,175613.9843750000,213116.4218750000,165418.6718750000,164573.3750000000,131894.1093750000,120102.9765625000,133267.3437500000,153457.1875000000,,,
31.8319999487,248,175953.7343750000,200119.4843750000,165926.3281250000,165357.5937500000,132643.3750000000,120820.3906250000,134070.3906250000,150529.3750000000,,,
31.8359999487,248,175965.0000000000,185417.2500000000,165915.8906250000,165421.6406250000,132663.9843750000,120855.6093750000,134113.9062500000,148866.7187500000,,,
31.8399999486,248,175610.9843750000,191475.2500000000,165328.6718750000,164543.2500000000,131788.1093750000,120035.1484375000,133189.9375000000,151312.5468750000,,,
31.8439999486,248,175426.4218750000,208836.9062500000,165080.1718750000,164097.0625000000,131403.5625000000,119650.7890625000,132749.9531250000,154086.4062500000,,,
31.8479999485,248,175628.3281250000,213226.3906250000,165425.6093750000,164575.2187500000,131901.4843750000,120109.4140625000,133258.3281250000,153509.1250000000,,,
31.8519999485,248,175964.8437500000,200417.5781250000,165934.3750000000,165355.1718750000,132654.1093750000,120827.2031250000,134065.3281250000,150596.4531250000,,,
31.8559999487,248,175978.5781250000,185505.8437500000,165929.2812500000,165422.2031250000,132687.2656250000,120871.9687500000,134125.8437500000,148880.6250000000,,,
31.8599999486,248,175615.6718750000,191394.9218750000,165331.8906250000,164537.8750000000,131799.6093750000,120042.5468750000,133197.6562500000,151299.0312500000,,,
31.8639999486,248,175423.1406250000,208773.6562500000,165073.2187500000,164095.0468750000,131397.7031250000,119644.6171875000,132744.8750000000,154079.4062500000,,,
31.8679999486,248,175629.7343750000,213257.8750000000,165421.9843750000,164573.1562500000,131893.1718750000,120102.4687500000,133256.1875000000,153517.2187500000,,,
31.8719999485,249,175962.0000000000,200503.5468750000,165924.1875000000,165348.2500000000,132637.8281250000,120820.0703125000,134059.2968750000,150600.9531250000,,,
31.8759999485,249,175973.3437500000,185545.7968750000,165919.4687500000,165421.0781250000,132670.6875000000,120868.1875000000,134116.7968750000,148866.8125000000,,,
31.8799999484,249,175617.1718750000,191316.9531250000,165331.6875000000,164547.5312500000,131793.4375000000,120045.8515625000,133196.4062500000,151272.3125000000,,,
31.8839999484,249,175427.7812500000,208711.5625000000,165077.5937500000,164098.5625000000,131395.7187500000,119648.7734375000,132749.4062500000,154070.2656250000,,,
31.8879999483,249,175633.5625000000,213235.1562500000,165429.3437500000,164583.1093750000,131896.1250000000,120103.3046875000,133261.5468750000,153517.2812500000,,,
31.8919999483,249,175962.3437500000,200463.0468750000,165930.0781250000,165357.7812500000,132641.0937500000,120808.3437500000,134057.5468750000,150591.7656250000,,,
31.8959999485,249,175978.0625000000,185557.7656250000,165931.5000000000,165422.9375000000,132681.4218750000,120855.3906250000,134121.7031250000,148859.3437500000,,,
31.8999999485,249,175621.6250000000,191222.1875000000,165346.7500000000,164544.9062500000,131810.0156250000,120034.9062500000,133206.6250000000,151242.3593750000,,,
31.9039999484,249,175433.7343750000,208625.4687500000,165092.8281250000,164091.9687500000,131412.9375000000,119642.7421875000,132756.1718750000,154056.9843750000,,,
31.9079999484,249,175639.6875000000,213209.3125000000,165443.7187500000,164562.9843750000,131912.5625000000,120102.2812500000,133266.4531250000,153517.7500000000,,,
31.9119999483,249,175969.8281250000,200441.0781250000,165942.6406250000,165348.8437500000,132655.0468750000,120817.3828125000,134065.7500000000,150596.0781250000,,,
31.9159999485,249,175989.6093750000,185561.1718750000,165943.8125000000,165435.3750000000,132695.5468750000,120874.5156250000,134134.2343750000,148872.5156250000,,,
31.9199999485,249,175633.9062500000,191117.9062500000,165354.6875000000,164568.0312500000,131820.0000000000,120056.5468750000,133216.3593750000,151239.0000000000,,,
31.9239999484,249,175431.4843750000,208546.8437500000,165079.8750000000,164103.1562500000,131397.7343750000,119643.1406250000,132743.5156250000,154056.9062500000,,,
31.9279999484,249,175626.3437500000,213279.4687500000,165418.9531250000,164571.4843750000,131882.5937500000,120089.2734375000,133244.2812500000,153536.1250000000,,,
31.9319999483,249,175957.8437500000,200690.7968750000,165924.7656250000,165348.9531250000,132633.2968750000,120805.5312500000,134051.5468750000,150629.8281250000,,,
31.9359999483,249,175984.3437500000,185638.2343750000,165940.1406250000,165445.6250000000,132691.2031250000,120870.7343750000,134134.3906250000,148862.9687500000,,,
31.9399999485,249,175626.8593750000,191025.0156250000,165349.9687500000,164563.5000000000,131816.9687500000,120048.7421875000,133211.3906250000,151206.6250000000,,,
31.9439999484,249,175423.6875000000,208467.3437500000,165075.6406250000,164078.3437500000,131395.6406250000,119631.0468750000,132733.0937500000,154041.4062500000,,,
31.9479999484,249,175625.2500000000,213299.8281250000,165420.7343750000,164557.5156250000,131886.8906250000,120081.2812500000,133236.1718750000,153547.7656250000,,,
31.9519999484,249,175965.1718750000,200772.9687500000,165931.1093750000,165347.7968750000,132642.7031250000,120804.7812500000,134046.0625000000,150651.7343750000,,,
31.9559999483,249,175990.5625000000,185665.2968750000,165942.0781250000,165428.8593750000,132698.0781250000,120879.7500000000,134128.2812500000,148869.2500000000,,,
31.9599999485,249,175635.2812500000,190930.8750000000,165353.4687500000,164561.3437500000,131823.7187500000,120062.8281250000,133213.2187500000,151198.8593750000,,,
31.9639999485,249,175435.3437500000,208392.7500000000,165082.2343750000,164093.2500000000,131400.0937500000,119643.8671875000,132740.2343750000,154049.5781250000,,,
31.9679999484,249,175635.6250000000,213295.5625000000,165423.2812500000,164561.9375000000,131882.9218750000,120088.4140625000,133239.9062500000,153565.4531250000,,,
31.9719999484,249,175972.7500000000,200800.5468750000,165929.7343750000,165347.2343750000,132632.6562500000,120805.7968750000,134046.3125000000,150666.7500000000,,,
31.9759999483,249,175991.9843750000,185682.3750000000,165935.7187500000,165435.8281250000,132684.4687500000,120871.7578125000,134126.6406250000,148866.4062500000,,,
31.9799999483,249,175633.8125000000,190837.5312500000,165350.2187500000,164572.2187500000,131816.7187500000,120058.6171875000,133215.4375000000,151174.2031250000,,,
31.9839999485,249,175438.0781250000,208311.4531250000,165082.6093750000,164109.1250000000,131399.4531250000,119641.0234375000,132742.2500000000,154041.4375000000,,,
31.9879999484,249,175636.7812500000,213307.4687500000,165423.0937500000,164561.8906250000,131885.3281250000,120083.7734375000,133236.5468750000,153578.1875000000,,,
31.9919999484,249,175972.4843750000,200899.4218750000,165936.1406250000,165333.6875000000,132644.8593750000,120802.9843750000,134045.8593750000,150690.6562500000,,,
31.9959999484,249,176000.5156250000,185727.5312500000,165959.5312500000,165435.7187500000,132716.8125000000,120879.1875000000,134143.3281250000,148882.2343750000,,,
31.9999999483,250,175656.4375000000,190748.3281250000,165387.5000000000,164586.4531250000,131864.2500000000,120076.5859375000,133246.9375000000,151181.4687500000,,,
32.0039999483,250,175450.1093750000,208239.3125000000,165103.5625000000,164096.6562500000,131428.5781250000,119646.8984375000,132757.3281250000,154056.2656250000,,,
32.0079999482,250,175632.8906250000,213324.6406250000,165426.0468750000,164538.6093750000,131892.9531250000,120079.5937500000,133236.9531250000,153599.6406250000,,,
32.0119999482,250,175966.6406250000,200969.5781250000,165933.0625000000,165322.2187500000,132642.1250000000,120806.3359375000,134045.6093750000,150712.5937500000,,,
32.0159999481,250,175991.2656250000,185758.7656250000,165950.5781250000,165432.0468750000,132707.7812500000,120889.3515625000,134143.2656250000,148885.5468750000,,,
32.0199999481,250,175632.5781250000,190650.0000000000,165363.0312500000,164578.0625000000,131838.1093750000,120079.3203125000,133238.0781250000,151150.5781250000,,,
32.0239999483,250,175426.5000000000,208158.5937500000,165078.4843750000,164099.9375000000,131396.7656250000,119648.7187500000,132748.2812500000,154040.1093750000,,,
32.0279999482,250,175617.0625000000,213340.9218750000,165407.1093750000,164540.6406250000,131868.2500000000,120084.3125000000,133235.1562500000,153603.5937500000,,,
32.0319999482,250,175955.7031250000,201048.3593750000,165917.3750000000,165315.6718750000,132624.1562500000,120807.1406250000,134047.2187500000,150717.6093750000,,,
32.0359999482,250,175996.8125000000,185797.0156250000,165949.3437500000,165439.4062500000,132708.6875000000,120896.1093750000,134158.5000000000,148881.6875000000,,,
32.0399999481,250,175648.3906250000,190572.1875000000,165370.3125000000,164580.0781250000,131851.1875000000,120086.9140625000,133254.4687500000,151134.4843750000,,,
32.0439999483,250,175439.9062500000,208089.9062500000,165083.3906250000,164081.5000000000,131407.3125000000,119647.1406250000,132750.0781250000,154033.6250000000,,,
32.0479999483,250,175630.5312500000,213383.0625000000,165415.5000000000,164540.9687500000,131879.3750000000,120079.0781250000,133232.2812500000,153621.6875000000,,,
32.0519999482,250,175978.3125000000,201189.7343750000,165938.9062500000,165341.9218750000,132646.0156250000,120808.2109375000,134052.6875000000,150754.2187500000,,,
32.0559999482,250,176008.6250000000,185876.2500000000,165967.9843750000,165457.0781250000,132724.6562500000,120897.6640625000,134158.3125000000,148892.5781250000,,,
32.0599999481,250,175649.9531250000,190494.0000000000,165384.2500000000,164593.7500000000,131859.3906250000,120090.9062500000,133252.4062500000,151116.3281250000,,,
32.0639999481,250,175436.2031250000,208022.2031250000,165090.8750000000,164094.6718750000,131405.8906250000,119646.6015625000,132748.1250000000,154026.0312500000,,,
32.0679999483,250,175623.5312500000,213415.6718750000,165418.6406250000,164551.3437500000,131870.7968750000,120074.4140625000,133225.6406250000,153631.7500000000,,,
32.0719999482,250,175959.4531250000,201308.8750000000,165930.1562500000,165337.7187500000,132626.7812500000,120795.8750000000,134036.3281250000,150764.4687500000,,,
32.0759999482,250,175993.7656250000,185923.3750000000,165960.7187500000,165458.7968750000,132713.4687500000,120885.7812500000,134153.1406250000,148876.9375000000,,,
32.0799999482,250,175640.4843750000,190405.0000000000,165379.5625000000,164597.2656250000,131855.9375000000,120078.1953125000,133254.8906250000,151077.5625000000,,,
32.0839999481,250,175427.0937500000,207940.5312500000,165082.1875000000,164090.3750000000,131400.6562500000,119633.6171875000,132747.5781250000,154000.3593750000,,,
32.0879999483,250,175615.4531250000,213429.3281250000,165406.5937500000,164545.8750000000,131863.5312500000,120061.7031250000,133223.0312500000,153626.1718750000,,,
32.0919999483,250,175960.5781250000,201386.9531250000,165924.2343750000,165336.5156250000,132626.2187500000,120790.2656250000,134038.9062500000,150772.5625000000,,,
32.0959999482,250,175992.0156250000,185966.4218750000,165953.2812500000,165447.0937500000,132712.2656250000,120888.8906250000,134152.9531250000,148873.0781250000,,,
32.0999999482,250,175631.2812500000,190312.4687500000,165366.0937500000,164577.4375000000,131849.3437500000,120085.5156250000,133253.9375000000,151050.6562500000,,,
32.1039999481,250,175420.4843750000,207858.6718750000,165072.1250000000,164073.3281250000,131392.7968750000,119637.6406250000,132742.8125000000,153991.8125000000,,,
32.1079999481,250,175607.3125000000,213476.4062500000,165392.6406250000,164519.8281250000,131850.7656250000,120060.4921875000,133208.8750000000,153646.8281250000,,,
32.1119999483,250,175953.7968750000,201585.9531250000,165912.5937500000,165320.9531250000,132617.7656250000,120791.2109375000,134027.8281250000,150810.0625000000,,,
32.1159999482,250,175995.8750000000,186039.8125000000,165953.5781250000,165461.5468750000,132721.2187500000,120904.8515625000,134161.4531250000,148886.2187500000,,,
32.1199999482,250,175635.3906250000,190227.7656250000,165368.6406250000,164598.7968750000,131863.9531250000,120103.1171875000,133266.3750000000,151042.2187500000,,,
32.1239999481,250,175420.5468750000,207775.2343750000,165069.9843750000,164087.0000000000,131401.2031250000,119643.4062500000,132748.3906250000,153990.7031250000,,,
32.1279999481,251,175605.8281250000,213484.3437500000,165389.0312500000,164517.9843750000,131853.8125000000,120053.7890625000,133208.6875000000,153654.0156250000,,,
32.1319999481,251,175945.9375000000,201655.5000000000,165905.7812500000,165301.5312500000,132613.9531250000,120783.0546875000,134024.4531250000,150812.7968750000,,,
32.1359999480,251,175994.0000000000,186071.7812500000,165957.8437500000,165451.7031250000,132724.1406250000,120899.4609375000,134165.7500000000,148868.6875000000,,,
32.1399999480,251,175652.7968750000,190124.4687500000,165391.3125000000,164614.9375000000,131879.1093750000,120106.7109375000,133279.9531250000,151012.7812500000,,,
32.1439999479,251,175433.5781250000,207686.8593750000,165086.8437500000,164092.0468750000,131403.6093750000,119641.9843750000,132751.9843750000,153975.5000000000,,,
32.1479999479,251,175603.7968750000,213480.3750000000,165392.9687500000,164517.4375000000,131841.5937500000,120044.6406250000,133202.0625000000,153653.4687500000,,,
32.1519999481,251,175942.8281250000,201698.3125000000,165908.4062500000,165311.7031250000,132602.8281250000,120770.1250000000,134016.8593750000,150819.7812500000,,,
32.1559999480,251,175991.6093750000,186112.5000000000,165958.9687500000,165467.8593750000,132717.8906250000,120892.3515625000,134161.5156250000,148872.7343750000,,,
32.1599999480,251,175642.8125000000,190040.3750000000,165384.1250000000,164623.2343750000,131869.6406250000,120107.0546875000,133275.2500000000,150994.5468750000,,,
32.1639999480,251,175416.6562500000,207613.9843750000,165069.1406250000,164078.9531250000,131388.8281250000,119642.4140625000,132741.8125000000,153968.1562500000,,,
32.1679999479,251,175601.5468750000,213480.2343750000,165390.7500000000,164509.6718750000,131847.3281250000,120058.5078125000,133204.5000000000,153668.2343750000,,,
32.1719999481,251,175945.9375000000,201718.3750000000,165908.2031250000,165298.6406250000,132613.5625000000,120784.6328125000,134019.8906250000,150831.5781250000,,,
32.1759999481,251,176002.0000000000,186150.1093750000,165964.4687500000,165453.4531250000,132734.0468750000,120909.7343750000,134172.6718750000,148881.9531250000,,,
32.1799999480,251,175661.6250000000,189962.7343750000,165396.6250000000,164618.4843750000,131893.6250000000,120126.3437500000,133295.8593750000,150986.5625000000,,,
32.1839999480,251,175434.5937500000,207539.4687500000,165079.7968750000,164092.5468750000,131404.7343750000,119650.7890625000,132755.3906250000,153972.9218750000,,,
32.1879999479,251,175604.1406250000,213517.8437500000,165384.3593750000,164511.9687500000,131838.7187500000,120049.9218750000,133201.2812500000,153684.1875000000,,,
32.1919999479,251,175937.9687500000,201879.3281250000,165893.1250000000,165290.2656250000,132591.2968750000,120772.4062500000,134009.0625000000,150856.0937500000,,,
32.1959999481,251,175987.0312500000,186229.2656250000,165946.9218750000,165451.7656250000,132710.7031250000,120903.8906250000,134159.5000000000,148878.6093750000,,,
32.1999999480,251,175650.8906250000,189886.8593750000,165389.3281250000,164632.3281250000,131879.8125000000,120127.6015625000,133289.1562500000,150960.7187500000,,,
32.2039999480,251,175427.4687500000,207458.7343750000,165075.1562500000,164108.3750000000,131392.4218750000,119647.5156250000,132743.8593750000,153958.3593750000,,,
32.2079999479,251,175596.0937500000,213543.8906250000,165375.4531250000,164516.3125000000,131827.2656250000,120044.1015625000,133183.8437500000,153694.2656250000,,,
32.2119999479,251,175938.8750000000,202003.1093750000,165894.9531250000,165292.5781250000,132598.9843750000,120778.7890625000,134004.8750000000,150884.0937500000,,,
32.2159999481,251,175996.5468750000,186282.0156250000,165960.0625000000,165459.1406250000,132736.9687500000,120919.2578125000,134171.7343750000,148888.6875000000,,,
32.2199999481,251,175663.2500000000,189787.2031250000,165403.2500000000,164639.7500000000,131909.7500000000,120142.9453125000,133303.9531250000,150948.5468750000,,,
32.2239999480,251,175434.2031250000,207367.7187500000,165078.8593750000,164097.4062500000,131406.5937500000,119650.8359375000,132742.5937500000,153952.7343750000,,,
32.2279999480,251,175595.5781250000,213553.0000000000,165370.2031250000,164491.0468750000,131823.4375000000,120035.5468750000,133168.0781250000,153696.8750000000,,,
32.2319999479,251,175934.7187500000,202084.0937500000,165884.9375000000,165284.1250000000,132580.1406250000,120764.7578125000,133983.3593750000,150883.3750000000,,,
32.2359999479,251,175989.6562500000,186318.7031250000,165948.2656250000,165463.5156250000,132711.6406250000,120907.0000000000,134151.5625000000,148869.9375000000,,,
32.2399999481,251,175645.3437500000,189701.1562500000,165381.5781250000,164633.2031250000,131875.6250000000,120128.7578125000,133280.1875000000,150909.3593750000,,,
32.2439999480,251,175418.8593750000,207286.1562500000,165062.9218750000,164086.2812500000,131378.6718750000,119642.0703125000,132729.8750000000,153934.8593750000,,,
32.2479999480,251,175588.2656250000,213566.1718750000,165364.7500000000,164496.9843750000,131808.1718750000,120032.7890625000,133167.6250000000,153710.0468750000,,,
32.2519999479,251,175931.1562500000,202191.3750000000,165884.0781250000,165290.1562500000,132575.6875000000,120761.6796875000,133986.3437500000,150912.0156250000,,,
32.2559999479,252,175990.6406250000,186382.8125000000,165955.4062500000,165461.2812500000,132722.0312500000,120911.3984375000,134164.0625000000,148884.2656250000,,,
32.2599999479,252,175649.6093750000,189617.0000000000,165396.2187500000,164633.6406250000,131897.1875000000,120135.9140625000,133297.5937500000,150898.2500000000,,,
32.2639999478,252,175419.8750000000,207199.0156250000,165074.5312500000,164083.2968750000,131397.5781250000,119637.8281250000,132738.1093750000,153928.2656250000,,,
32.2679999478,252,175581.0000000000,213563.6875000000,165368.8906250000,164486.6718750000,131819.1093750000,120019.3750000000,133170.9218750000,153710.2812500000,,,
32.2719999477,252,175922.0156250000,202244.6250000000,165887.7500000000,165278.7656250000,132584.1875000000,120750.7343750000,133994.6718750000,150913.8750000000,,,
32.2759999477,252,175984.1250000000,186408.0781250000,165960.2031250000,165461.7343750000,132730.1718750000,120905.2578125000,134174.2500000000,148871.8281250000,,,
32.2799999479,252,175645.2343750000,189509.5937500000,165400.0000000000,164646.8593750000,131903.1718750000,120131.6796875000,133308.9687500000,150864.9375000000,,,
32.2839999478,252,175417.9687500000,207100.7031250000,165074.1093750000,164093.2187500000,131396.0468750000,119633.0546875000,132742.3281250000,153918.4531250000,,,
32.2879999478,252,175586.4687500000,213582.7031250000,165369.8750000000,164486.5156250000,131817.5625000000,120015.0000000000,133167.1875000000,153731.6562500000,,,
32.2919999477,252,175927.5937500000,202375.6250000000,165884.1093750000,165273.9375000000,132578.4375000000,120743.4609375000,133981.2656250000,150940.2343750000,,,
32.2959999477,252,175992.9062500000,186489.1093750000,165960.7968750000,165464.8281250000,132732.8593750000,120907.5312500000,134168.6718750000,148879.7656250000,,,
32.2999999479,252,175659.2343750000,189437.5312500000,165406.3281250000,164648.7031250000,131918.3281250000,120147.9843750000,133318.3125000000,150859.0937500000,,,
32.3039999478,252,175429.9375000000,207021.7187500000,165078.1093750000,164090.5468750000,131409.0312500000,119647.6171875000,132752.0156250000,153925.2968750000,,,
32.3079999478,252,175598.8593750000,213613.1093750000,165375.1093750000,164493.8125000000,131828.5468750000,120031.2265625000,133179.6406250000,153763.1250000000,,,
32.3119999478,252,175939.6250000000,202520.1718750000,165893.2031250000,165288.4375000000,132590.4687500000,120762.0234375000,133996.3750000000,150984.0625000000,,,
32.3159999477,252,176005.5625000000,186563.6562500000,165973.0312500000,165484.5625000000,132746.4062500000,120930.2031250000,134186.1406250000,148898.3750000000,,,
32.3199999477,252,175666.2812500000,189372.8125000000,165414.2187500000,164660.1406250000,131923.4218750000,120165.0156250000,133326.3281250000,150855.1250000000,,,
32.3239999479,252,175426.9062500000,206950.9687500000,165076.2500000000,164085.1250000000,131398.1093750000,119650.7578125000,132740.0156250000,153927.8437500000,,,
32.3279999478,252,175585.6875000000,213635.2343750000,165364.0625000000,164467.6875000000,131805.7031250000,120023.6640625000,133152.4375000000,153774.0937500000,,,
32.3319999478,252,175925.9531250000,202628.1562500000,165882.2812500000,165261.8906250000,132570.0156250000,120754.5156250000,133971.2968750000,150993.3750000000,,,
32.3359999477,252,175998.7812500000,186636.6875000000,165969.3281250000,165478.0781250000,132739.2500000000,120927.8906250000,134174.5468750000,148889.2500000000,,,
32.3399999477,252,175662.8750000000,189295.8281250000,165415.5468750000,164671.6406250000,131926.1093750000,120162.8203125000,133324.7500000000,150820.7968750000,,,
32.3439999479,252,175415.7187500000,206868.1562500000,165067.4843750000,164089.5000000000,131395.4843750000,119640.6484375000,132735.1406250000,153904.2656250000,,,
32.3479999478,252,175575.4687500000,213645.9218750000,165355.8437500000,164463.6875000000,131805.9375000000,120013.6640625000,133149.6718750000,153770.3125000000,,,
32.3519999478,252,175924.6875000000,202711.1875000000,165880.1406250000,165258.0000000000,132575.6093750000,120751.0312500000,133975.0937500000,151002.4375000000,,,
32.3559999478,252,176003.0625000000,186687.8593750000,165970.9062500000,165477.3281250000,132748.7968750000,120935.1328125000,134185.4687500000,148891.8906250000,,,
32.3599999477,252,175664.2500000000,189210.1562500000,165411.0468750000,164661.7187500000,131928.2500000000,120167.9687500000,133329.1406250000,150806.2812500000,,,
32.3639999477,252,175414.9062500000,206780.9062500000,165056.7031250000,164069.1718750000,131384.7031250000,119635.0390625000,132726.2812500000,153900.7968750000,,,
32.3679999479,252,175577.3125000000,213650.5781250000,165345.7656250000,164449.3906250000,131792.9062500000,120008.7031250000,133141.8750000000,153784.3125000000,,,
32.3719999478,252,175931.8593750000,202773.1250000000,165879.7968750000,165258.1093750000,132571.8437500000,120751.4296875000,133975.8750000000,151018.0156250000,,,
32.3759999478,252,176000.4375000000,186724.2343750000,165966.1562500000,165470.4375000000,132741.3906250000,120926.1484375000,134175.9218750000,148880.2656250000,,,
32.3799999477,252,175649.7656250000,189108.4218750000,165399.5937500000,164655.7187500000,131917.8906250000,120154.1796875000,133312.9375000000,150762.8593750000,,,
32.3839999477,253,175404.0156250000,206663.1093750000,165051.1718750000,164077.0781250000,131381.2656250000,119624.7421875000,132716.5781250000,153877.3593750000,,,
32.3879999476,253,175569.3750000000,213631.5468750000,165341.4687500000,164466.5312500000,131789.0156250000,119993.3593750000,133128.5937500000,153785.9218750000,,,
32.3919999476,253,175932.2343750000,202849.4062500000,165880.8906250000,165266.0156250000,132572.5781250000,120741.4296875000,133966.0937500000,151031.9687500000,,,
32.3959999476,253,176027.0781250000,186780.4843750000,165994.0000000000,165499.4062500000,132770.4843750000,120943.1796875000,134196.4375000000,148901.1093750000,,,
32.3999999475,253,175682.8125000000,189035.2187500000,165434.0156250000,164697.0156250000,131955.0781250000,120182.8046875000,133342.7968750000,150776.1406250000,,,
32.4039999475,253,175422.7187500000,206586.5625000000,165069.4218750000,164093.7343750000,131399.2656250000,119642.5234375000,132730.2812500000,153898.4218750000,,,
32.4079999477,253,175576.2187500000,213653.8906250000,165348.8437500000,164456.4218750000,131793.3593750000,120004.5390625000,133134.3125000000,153815.0781250000,,,
32.4119999476,253,175937.2187500000,202971.9843750000,165887.4687500000,165271.7031250000,132572.2500000000,120750.1953125000,133970.3437500000,151058.8750000000,,,
32.4159999476,253,176022.0000000000,186854.0468750000,165991.3906250000,165514.7500000000,132761.0156250000,120944.6875000000,134195.5000000000,148893.7031250000,,,
32.4199999475,253,175676.1093750000,188948.9843750000,165430.3906250000,164706.5625000000,131948.6562500000,120183.4218750000,133346.2343750000,150747.5156250000,,,
32.4239999475,253,175407.0781250000,206493.2500000000,165053.3281250000,164070.2968750000,131384.8906250000,119631.3906250000,132722.2968750000,153883.6406250000,,,
32.4279999477,253,175564.9218750000,213659.2187500000,165336.4531250000,164437.4843750000,131785.5000000000,119992.5234375000,133130.2812500000,153819.9531250000,,,
32.4319999476,253,175931.7656250000,203077.5000000000,165880.8906250000,165255.8281250000,132572.0312500000,120743.0625000000,133973.7812500000,151067.1250000000,,,
32.4359999476,253,176027.3437500000,186916.9218750000,165998.2031250000,165502.5156250000,132777.7343750000,120950.8281250000,134212.2031250000,148887.5937500000,,,
32.4399999476,253,175670.2031250000,188861.0625000000,165427.9218750000,164678.4843750000,131958.1875000000,120179.4531250000,133349.0156250000,150720.6406250000,,,
32.4439999475,253,175392.5937500000,206387.7187500000,165043.9843750000,164051.2187500000,131380.1093750000,119614.1718750000,132710.2500000000,153869.6093750000,,,
32.4479999475,253,175559.8281250000,213655.7031250000,165338.5156250000,164430.5468750000,131781.8281250000,119982.9218750000,133122.4218750000,153826.3125000000,,,
32.4519999477,253,175940.0312500000,203179.0781250000,165893.7656250000,165255.8593750000,132573.9062500000,120744.0781250000,133973.8593750000,151083.3281250000,,,
32.4559999476,253,176031.2031250000,186969.7343750000,166005.9843750000,165497.1250000000,132774.6562500000,120954.3906250000,134211.5625000000,148882.3593750000,,,
32.4599999476,253,175669.3750000000,188779.3750000000,165432.1093750000,164683.5000000000,131954.0000000000,120187.1484375000,133354.8125000000,150699.3750000000,,,
32.4639999475,253,175390.5312500000,206299.8750000000,165044.6093750000,164054.8750000000,131375.6406250000,119620.7187500000,132717.0312500000,153862.8281250000,,,
32.4679999475,253,175556.2343750000,213671.6718750000,165328.9218750000,164432.3437500000,131770.0781250000,119982.5234375000,133116.7031250000,153838.7343750000,,,
32.4719999477,253,175937.1875000000,203274.4375000000,165881.7500000000,165258.4531250000,132561.7812500000,120744.5937500000,133965.3125000000,151101.2656250000,,,
32.4759999476,253,176033.6093750000,187042.1875000000,165998.4531250000,165506.9375000000,132769.7968750000,120960.1093750000,134209.8437500000,148887.9687500000,,,
32.4799999476,253,175673.9375000000,188719.0468750000,165427.0312500000,164694.6093750000,131953.7031250000,120192.3750000000,133353.6562500000,150679.5000000000,,,
32.4839999476,253,175394.8750000000,206233.1250000000,165040.8281250000,164065.2500000000,131373.2500000000,119623.1328125000,132712.5625000000,153855.4687500000,,,
32.4879999475,253,175552.5156250000,213693.0625000000,165323.2812500000,164439.9218750000,131763.5156250000,119981.6093750000,133110.8593750000,153849.6875000000,,,
32.4919999475,253,175928.1718750000,203382.5000000000,165876.1093750000,165264.0625000000,132553.9843750000,120745.8515625000,133960.4843750000,151123.6406250000,,,
32.4959999477,253,176025.4687500000,187117.9531250000,165998.7500000000,165527.7500000000,132767.1093750000,120968.4765625000,134208.5000000000,148897.8437500000,,,
32.4999999476,253,175671.2187500000,188659.4687500000,165433.6093750000,164715.7968750000,131957.3593750000,120207.9375000000,133359.1250000000,150673.5937500000,,,
32.5039999476,253,175389.0312500000,206156.0156250000,165040.3125000000,164064.2343750000,131369.6875000000,119631.5000000000,132708.6093750000,153855.2812500000,,,
32.5079999475,253,175544.3281250000,213691.5468750000,165317.7656250000,164425.8750000000,131756.3437500000,119978.4687500000,133096.2187500000,153858.9843750000,,,
32.5119999475,254,175928.2812500000,203450.3593750000,165876.8437500000,165257.8906250000,132553.7656250000,120738.3984375000,133947.8750000000,151139.7343750000,,,
32.5159999474,254,176033.2343750000,187158.7500000000,166009.2031250000,165522.2812500000,132780.2500000000,120963.9453125000,134211.2187500000,148900.3906250000,,,
32.5199999474,254,175681.6250000000,188557.8750000000,165449.5156250000,164723.3281250000,131980.4218750000,120204.3125000000,133373.1093750000,150648.6718750000,,,
32.5239999474,254,175404.3750000000,206041.8593750000,165060.0312500000,164085.1718750000,131396.0468750000,119625.7343750000,132726.8281250000,153844.9062500000,,,
32.5279999473,254,175561.5937500000,213679.4687500000,165335.2968750000,164436.6875000000,131778.9843750000,119972.6250000000,133114.7812500000,153872.7968750000,,,
32.5319999473,254,175943.8906250000,203499.8906250000,165893.3437500000,165259.9062500000,132571.9843750000,120734.1875000000,133965.4218750000,151150.2968750000,,,
32.5359999475,254,176045.1718750000,187188.9531250000,166021.2187500000,165520.7812500000,132790.0781250000,120962.0390625000,134220.6250000000,148895.2031250000,,,
32.5399999474,254,175686.6250000000,188457.0937500000,165453.9375000000,164720.6718750000,131980.9218750000,120206.0546875000,133373.0156250000,150621.3750000000,,,
32.5439999474,254,175402.3125000000,205930.8593750000,165052.7031250000,164064.6562500000,131382.3750000000,119618.4375000000,132712.4218750000,153826.9687500000,,,
32.5479999473,254,175563.7812500000,213679.9843750000,165331.8906250000,164418.0468750000,131766.9687500000,119965.5468750000,133100.2656250000,153882.8125000000,,,
32.5519999473,254,175951.1718750000,203627.7343750000,165897.0937500000,165244.9687500000,132569.6250000000,120735.2812500000,133960.2187500000,151183.5312500000,,,
32.5559999475,254,176051.0468750000,187266.6875000000,166032.4843750000,165513.6718750000,132804.0156250000,120970.4843750000,134233.4218750000,148910.8750000000,,,
32.5599999474,254,175685.3281250000,188384.1406250000,165464.1093750000,164713.4375000000,131999.7656250000,120208.6562500000,133389.7656250000,150606.0000000000,,,
32.5639999474,254,175391.2500000000,205851.9531250000,165052.7656250000,164054.5937500000,131389.2656250000,119610.7421875000,132718.1562500000,153811.9218750000,,,
32.5679999474,254,175545.4062500000,213693.0468750000,165322.7500000000,164405.7500000000,131761.6875000000,119951.8359375000,133095.4062500000,153882.9687500000,,,
32.5719999473,254,175929.5000000000,203750.9843750000,165882.2812500000,165240.1875000000,132555.7500000000,120717.5000000000,133946.1562500000,151195.5781250000,,,
32.5759999473,254,176042.5000000000,187332.6718750000,166026.2656250000,165530.5156250000,132797.2031250000,120968.1562500000,134225.8281250000,148906.3750000000,,,
32.5799999475,254,175683.2656250000,188305.7500000000,165457.9531250000,164723.2968750000,131990.7968750000,120212.6796875000,133381.1718750000,150579.3437500000,,,
32.5839999474,254,175393.1562500000,205759.7656250000,165050.8593750000,164061.6562500000,131380.4687500000,119616.3984375000,132709.4375000000,153800.4843750000,,,
32.5879999474,254,175544.5937500000,213692.5312500000,165321.2812500000,164411.1250000000,131752.2656250000,119949.1562500000,133088.4375000000,153890.1562500000,,,
32.5919999473,254,175927.5312500000,203817.4687500000,165879.5781250000,165254.9218750000,132547.6562500000,120711.7890625000,133944.9218750000,151207.7812500000,,,
32.5959999473,254,176040.2343750000,187388.7500000000,166023.1093750000,165548.8906250000,132792.0000000000,120962.7109375000,134229.0468750000,148908.4062500000,,,
32.5999999475,254,175676.6406250000,188232.4687500000,165452.5937500000,164720.6718750000,131987.2656250000,120209.0312500000,133389.3593750000,150554.8593750000,,,
32.6039999474,254,175373.5000000000,205667.5781250000,165033.5468750000,164043.0937500000,131364.9375000000,119600.3359375000,132707.3593750000,153773.7968750000,,,
32.6079999474,254,175526.4062500000,213695.1562500000,165305.5000000000,164402.4375000000,131736.6875000000,119936.4375000000,133084.4218750000,153884.2812500000,,,
32.6119999473,254,175915.5937500000,203912.2812500000,165871.2343750000,165241.7968750000,132538.4843750000,120704.7343750000,133941.9531250000,151216.0937500000,,,
32.6159999473,254,176030.3125000000,187457.6875000000,166016.9375000000,165524.7968750000,132786.9843750000,120956.5156250000,134227.1718750000,148901.8593750000,,,
32.6199999473,254,175685.5781250000,188153.7500000000,165464.0781250000,164736.3906250000,132000.0000000000,120215.2812500000,133402.2031250000,150533.1250000000,,,
32.6239999474,254,175399.1406250000,205582.0625000000,165056.1875000000,164071.2343750000,131386.7656250000,119613.4218750000,132724.5468750000,153779.9218750000,,,
32.6279999474,254,175552.7031250000,213707.0156250000,165323.5000000000,164423.2968750000,131753.2656250000,119945.2890625000,133095.7968750000,153916.1250000000,,,
32.6319999474,254,175942.4218750000,203988.7812500000,165889.2656250000,165249.1562500000,132554.5937500000,120715.0312500000,133954.6562500000,151255.3593750000,,,
32.6359999473,254,176058.1562500000,187514.7656250000,166039.1718750000,165529.3593750000,132809.2968750000,120973.7343750000,134248.5468750000,148932.3281250000,,,
32.6399999473,255,175704.9687500000,188091.5625000000,165481.5156250000,164735.0781250000,132020.4687500000,120231.3203125000,133426.2031250000,150538.4375000000,,,
32.6439999472,255,175402.5937500000,205502.8593750000,165057.4218750000,164054.3125000000,131390.5000000000,119618.0390625000,132736.1250000000,153782.8437500000,,,
32.6479999472,255,175545.9687500000,213716.2656250000,165314.9218750000,164392.0781250000,131746.1875000000,119943.2578125000,133096.6718750000,153930.0937500000,,,
32.6519999471,255,175933.8906250000,204090.3593750000,165879.4687500000,165226.9218750000,132546.4687500000,120715.3281250000,133956.1562500000,151278.7812500000,,,
32.6559999471,255,176049.6562500000,187592.3281250000,166028.2187500000,165529.1406250000,132801.2343750000,120976.5234375000,134248.8906250000,148937.5625000000,,,
32.6599999471,255,175698.1718750000,188020.8906250000,165472.9062500000,164745.7031250000,132016.5156250000,120237.9765625000,133426.5937500000,150513.0156250000,,,
32.6639999473,255,175400.5156250000,205408.8593750000,165052.9687500000,164064.2500000000,131388.2343750000,119623.5625000000,132736.1093750000,153769.4062500000,,,
32.6679999472,255,175542.9843750000,213725.9218750000,165305.6406250000,164400.5000000000,131737.1718750000,119938.9921875000,133088.4375000000,153939.0781250000,,,
32.6719999472,255,175931.1875000000,204201.7187500000,165870.8906250000,165229.2500000000,132537.7500000000,120710.5546875000,133947.4375000000,151299.6718750000,,,
32.6759999471,255,176041.7968750000,187654.7500000000,166023.0156250000,165524.3125000000,132797.4218750000,120976.2031250000,134250.4531250000,148936.2968750000,,,
32.6799999471,255,175690.1406250000,187941.9218750000,165470.3593750000,164749.3750000000,132014.6250000000,120245.4609375000,133434.1718750000,150488.5000000000,,,
32.6839999473,255,175389.2968750000,205320.2812500000,165042.8593750000,164065.9218750000,131376.9531250000,119624.1484375000,132732.7500000000,153748.3750000000,,,
32.6879999472,255,175530.6250000000,213735.2656250000,165297.3437500000,164394.5468750000,131723.7031250000,119938.5625000000,133081.5468750000,153938.4531250000,,,
32.6919999472,255,175912.2500000000,204338.8593750000,165860.2343750000,165219.0781250000,132518.2343750000,120701.3281250000,133932.9375000000,151308.2031250000,,,
32.6959999471,255,176044.9687500000,187749.8593750000,166033.3281250000,165549.0468750000,132799.4062500000,120984.7578125000,134256.7343750000,148936.8906250000,,,
32.6999999471,255,175703.5468750000,187886.5156250000,165486.2031250000,164783.5156250000,132025.7812500000,120262.1953125000,133447.7968750000,150473.8750000000,,,
32.7039999471,255,175393.7187500000,205239.5312500000,165048.9843750000,164075.3281250000,131378.6875000000,119630.2968750000,132739.0000000000,153741.3437500000,,,
32.7079999472,255,175528.8593750000,213736.2500000000,165297.4062500000,164379.8125000000,131720.4531250000,119936.4921875000,133085.0312500000,153948.7031250000,,,
32.7119999472,255,175911.0625000000,204416.1093750000,165858.6250000000,165205.6718750000,132516.9375000000,120697.7578125000,133937.0937500000,151329.7968750000,,,
32.7159999472,255,176043.0000000000,187815.6562500000,166031.3906250000,165531.1562500000,132802.6250000000,120980.7343750000,134258.8281250000,148948.6875000000,,,
32.7199999471,255,175705.5625000000,187830.7187500000,165487.9687500000,164768.6875000000,132036.5312500000,120259.1406250000,133454.0312500000,150462.4218750000,,,
32.7239999471,255,175402.4375000000,205165.5156250000,165054.7500000000,164070.9687500000,131390.7031250000,119628.5234375000,132741.9062500000,153742.1562500000,,,
32.7279999473,255,175538.9687500000,213748.7031250000,165300.8906250000,164381.4843750000,131729.5000000000,119935.5546875000,133081.7812500000,153972.1718750000,,,
32.7319999472,255,175924.5312500000,204484.2187500000,165863.8906250000,165216.8906250000,132527.2187500000,120700.9531250000,133937.2031250000,151358.3125000000,,,
32.7359999472,255,176054.3281250000,187876.6718750000,166035.4375000000,165540.5937500000,132809.0312500000,120982.7734375000,134260.4531250000,148963.1562500000,,,
32.7399999471,255,175705.7968750000,187762.1093750000,165489.2656250000,164764.5000000000,132037.2343750000,120259.0859375000,133456.7343750000,150443.3750000000,,,
32.7439999471,255,175389.7812500000,205074.0781250000,165045.8906250000,164057.2812500000,131379.6562500000,119618.1718750000,132736.1250000000,153721.0625000000,,,
32.7479999471,255,175517.3750000000,213750.7968750000,165284.7968750000,164369.0312500000,131709.2968750000,119913.8828125000,133066.8750000000,153960.2968750000,,,
32.7519999472,255,175901.0625000000,204559.4218750000,165845.6406250000,165200.2500000000,132504.9062500000,120679.7890625000,133918.3125000000,151351.5468750000,,,
32.7559999472,255,176032.0937500000,187952.7343750000,166018.9218750000,165527.2968750000,132790.1250000000,120967.8593750000,134242.7343750000,148951.1093750000,,,
32.7599999472,255,175698.2031250000,187710.8281250000,165487.6718750000,164780.2968750000,132037.8125000000,120258.3359375000,133457.1562500000,150418.1406250000,,,
32.7639999471,255,175388.5937500000,204997.5156250000,165050.3750000000,164073.1875000000,131386.6093750000,119619.4843750000,132740.5781250000,153705.2187500000,,,
32.7679999471,256,175516.8593750000,213748.6250000000,165288.6093750000,164377.5468750000,131714.6718750000,119911.2031250000,133064.4843750000,153961.9375000000,,,
32.7719999470,256,175894.7656250000,204657.8281250000,165842.5625000000,165197.3593750000,132503.3750000000,120670.4296875000,133907.2343750000,151364.0000000000,,,
32.7759999470,256,176035.9531250000,188017.4843750000,166028.1250000000,165540.2500000000,132803.6093750000,120974.3750000000,134246.7031250000,148952.8437500000,,,
32.7799999469,256,175702.8750000000,187622.7187500000,165499.2187500000,164790.3281250000,132051.5468750000,120266.2187500000,133460.1406250000,150391.4218750000,,,
32.7839999469,256,175395.7812500000,204873.3750000000,165058.6562500000,164081.7656250000,131393.0468750000,119624.3359375000,132738.6250000000,153690.6250000000,,,
32.7879999469,256,175520.8281250000,213732.2500000000,165287.1562500000,164372.6250000000,131710.7031250000,119914.1796875000,133055.7187500000,153979.0468750000,,,
32.7919999470,256,175898.5625000000,204759.7500000000,165841.4375000000,165189.8437500000,132498.8906250000,120670.4843750000,133897.9531250000,151395.8125000000,,,
32.7959999470,256,176034.0781250000,188078.1562500000,166021.6875000000,165531.7500000000,132795.4687500000,120969.5468750000,134234.7343750000,148958.6406250000,,,
32.7999999470,256,175706.7968750000,187538.9843750000,165495.2187500000,164794.2187500000,132048.2187500000,120270.9687500000,133457.8593750000,150374.4218750000,,,
32.8039999469,256,175406.4687500000,204770.0625000000,165060.0312500000,164088.4531250000,131391.9375000000,119626.4296875000,132739.0312500000,153685.5781250000,,,
32.8079999469,256,175532.6093750000,213728.3437500000,165293.7812500000,164371.1250000000,131713.5468750000,119911.5468750000,133059.4687500000,153993.0937500000,,,
32.8119999471,256,175908.9531250000,204873.0781250000,165849.9843750000,165189.0468750000,132506.8906250000,120672.6250000000,133906.1406250000,151424.6875000000,,,
32.8159999470,256,176045.0937500000,188155.6250000000,166031.4218750000,165530.6250000000,132808.9218750000,120975.9609375000,134248.9843750000,148969.5625000000,,,
32.8199999470,256,175708.6718750000,187473.9062500000,165498.0000000000,164780.5625000000,132057.2656250000,120272.7656250000,133466.6875000000,150354.3125000000,,,
32.8239999469,256,175401.7656250000,204676.7500000000,165058.4687500000,164069.5625000000,131392.8750000000,119626.4843750000,132740.6093750000,153668.7656250000,,,
32.8279999469,256,175523.7031250000,213716.9375000000,165287.7812500000,164370.5625000000,131705.6875000000,119908.2500000000,133051.9062500000,153992.8593750000,,,
32.8319999469,256,175901.0312500000,204943.1875000000,165842.4531250000,165194.6250000000,132493.5000000000,120665.0078125000,133895.5468750000,151432.3437500000,,,
32.8359999470,256,176044.5000000000,188227.5625000000,166032.6562500000,165546.1718750000,132803.6406250000,120976.8671875000,134247.6875000000,148974.1250000000,,,
32.8399999470,256,175714.9218750000,187408.9531250000,165508.9218750000,164800.8750000000,132063.7500000000,120283.9218750000,133476.4531250000,150337.0312500000,,,
32.8439999470,256,175397.1562500000,204584.4687500000,165055.2187500000,164075.9218750000,131387.6562500000,119625.8984375000,132735.6250000000,153651.1406250000,,,
32.8479999469,256,175517.7187500000,213709.9687500000,165282.1406250000,164371.7968750000,131698.5156250000,119905.5156250000,133044.7968750000,153994.0937500000,,,
32.8519999469,256,175893.0156250000,205000.9687500000,165837.0625000000,165186.8906250000,132488.2500000000,120661.8203125000,133888.0000000000,151440.7031250000,,,
32.8559999471,256,176043.4375000000,188280.6718750000,166036.6718750000,165541.4531250000,132809.5937500000,120982.1250000000,134250.2187500000,148975.7343750000,,,
32.8599999470,256,175720.0937500000,187330.8906250000,165518.4218750000,164813.6718750000,132075.1875000000,120293.3593750000,133486.0468750000,150316.4843750000,,,
32.8639999470,256,175404.3125000000,204480.1875000000,165063.0000000000,164082.1250000000,131393.2343750000,119632.3359375000,132738.6250000000,153642.2031250000,,,
32.8679999469,256,175525.0156250000,213703.6875000000,165286.7343750000,164363.5937500000,131697.1718750000,119905.5390625000,133041.5781250000,154008.1406250000,,,
32.8719999469,256,175903.7656250000,205101.9531250000,165841.6562500000,165181.0156250000,132484.4062500000,120660.9062500000,133883.7968750000,151468.4687500000,,,
32.8759999468,256,176055.9531250000,188363.5937500000,166045.4218750000,165541.9375000000,132809.9531250000,120983.2265625000,134247.4218750000,148990.5937500000,,,
32.8799999470,256,175732.8593750000,187291.0156250000,165527.8906250000,164816.6406250000,132080.2812500000,120297.5703125000,133489.4843750000,150306.0781250000,,,
32.8839999470,256,175415.9375000000,204414.0937500000,165068.6875000000,164089.6250000000,131396.9531250000,119632.8671875000,132748.5468750000,153635.2968750000,,,
32.8879999470,256,175530.6718750000,213730.2187500000,165286.0625000000,164356.4375000000,131695.7031250000,119901.4921875000,133049.0312500000,154017.1562500000,,,
32.8919999469,256,175906.0468750000,205232.7656250000,165838.0625000000,165171.9843750000,132480.9687500000,120656.7500000000,133891.2812500000,151486.0625000000,,,
32.8959999469,257,176050.7343750000,188457.9062500000,166033.8281250000,165536.8125000000,132803.2656250000,120978.0468750000,134253.4375000000,148984.5781250000,,,
32.8999999468,257,175729.1093750000,187243.4062500000,165518.9843750000,164820.0000000000,132079.4531250000,120300.3359375000,133496.2187500000,150282.4218750000,,,
32.9039999468,257,175412.9843750000,204331.9375000000,165061.3750000000,164090.4062500000,131395.0312500000,119637.9687500000,132748.9218750000,153624.6093750000,,,
32.9079999467,257,175529.8906250000,213727.4531250000,165281.7968750000,164359.7031250000,131693.7500000000,119906.2656250000,133044.1093750000,154031.7187500000,,,
32.9119999467,257,175907.1250000000,205316.0000000000,165837.1718750000,165172.3593750000,132481.5312500000,120662.3828125000,133888.7031250000,151513.0781250000,,,
32.9159999467,257,176054.0781250000,188530.7031250000,166039.6562500000,165541.1093750000,132807.5312500000,120987.5468750000,134261.2968750000,148996.5781250000,,,
32.9199999468,257,175730.0781250000,187178.8906250000,165527.6718750000,164826.0312500000,132081.9375000000,120303.5781250000,133505.6250000000,150260.1875000000,,,
32.9239999468,257,175408.8750000000,204239.3281250000,165066.1718750000,164081.3125000000,131390.1250000000,119628.1718750000,132750.2656250000,153601.9218750000,,,
32.9279999468,257,175519.7812500000,213726.1093750000,165281.1250000000,164351.7968750000,131684.2500000000,119889.7968750000,133041.7187500000,154023.7031250000,,,
32.9319999467,257,175897.6250000000,205385.4687500000,165838.1875000000,165173.2500000000,132477.1875000000,120652.8593750000,133890.3750000000,151515.7031250000,,,
32.9359999467,257,176046.2812500000,188590.4531250000,166041.7187500000,165550.7656250000,132810.2968750000,120985.2890625000,134266.9531250000,148993.4843750000,,,
32.9399999469,257,175727.2031250000,187109.4531250000,165534.0781250000,164840.3281250000,132093.9375000000,120315.1718750000,133518.5625000000,150239.6406250000,,,
32.9439999468,257,175402.8125000000,204142.8281250000,165066.2812500000,164092.6406250000,131396.6406250000,119637.6718750000,132754.1250000000,153588.9375000000,,,
32.9479999468,257,175513.2343750000,213720.2968750000,165275.9531250000,164346.3750000000,131684.1718750000,119894.4609375000,133037.5000000000,154030.0000000000,,,
32.9519999467,257,175892.0781250000,205518.1718750000,165830.7812500000,165164.6875000000,132471.6875000000,120648.6718750000,133877.9218750000,151537.0312500000,,,
32.9559999467,257,176057.7500000000,188673.4218750000,166049.3281250000,165564.7656250000,132818.8750000000,120998.4609375000,134269.6875000000,149005.1250000000,,,
32.9599999466,257,175738.0625000000,187056.2968750000,165538.2968750000,164852.2656250000,132099.8593750000,120324.4531250000,133528.0468750000,150229.1875000000,,,
32.9639999468,257,175408.2031250000,204053.2031250000,165065.5312500000,164083.2500000000,131395.5312500000,119632.8671875000,132762.9062500000,153577.4843750000,,,
32.9679999468,257,175521.0000000000,213706.2656250000,165278.7812500000,164334.1875000000,131685.2187500000,119885.0468750000,133048.4218750000,154037.4687500000,,,
32.9719999467,257,175910.0000000000,205575.1718750000,165844.9687500000,165159.9062500000,132484.8593750000,120647.0937500000,133901.0937500000,151558.1875000000,,,
32.9759999467,257,176077.6875000000,188733.2031250000,166067.4843750000,165558.4843750000,132837.5468750000,120997.0703125000,134295.6562500000,149016.7343750000,,,
32.9799999467,257,175758.5781250000,186995.9375000000,165556.5312500000,164853.2343750000,132120.9687500000,120330.3515625000,133549.8906250000,150217.8281250000,,,
32.9839999469,257,175431.0781250000,203969.9218750000,165081.5625000000,164094.8906250000,131413.6718750000,119649.1484375000,132777.1093750000,153582.5000000000,,,
32.9879999468,257,175535.7500000000,213712.5156250000,165284.2031250000,164338.9218750000,131691.1093750000,119899.8828125000,133049.5000000000,154063.5625000000,,,
32.9919999468,257,175907.6406250000,205647.1093750000,165836.2656250000,165147.5000000000,132473.0625000000,120648.6250000000,133887.1250000000,151578.5781250000,,,
32.9959999467,257,176061.2500000000,188816.7031250000,166048.2343750000,165538.8281250000,132815.4375000000,120993.0156250000,134274.0312500000,149017.7656250000,,,
32.9999999467,257,175744.0156250000,186951.9843750000,165543.5000000000,164851.1875000000,132109.2500000000,120338.8281250000,133541.4062500000,150192.7031250000,,,
33.0039999466,257,175408.9062500000,203883.6875000000,165063.0625000000,164099.9375000000,131393.2343750000,119645.8750000000,132767.5625000000,153552.8906250000,,,
33.0079999468,257,175503.6406250000,213705.7500000000,165256.6875000000,164341.0625000000,131658.0156250000,119881.0000000000,133033.6406250000,154041.5625000000,,,
33.0119999468,257,175878.3750000000,205723.4531250000,165808.9218750000,165163.3125000000,132440.2343750000,120629.7656250000,133870.6250000000,151564.4375000000,,,
33.0159999467,257,176036.8125000000,188877.3437500000,166025.0312500000,165566.2968750000,132786.9843750000,120976.3906250000,134259.0937500000,148992.2500000000,,,
33.0199999467,257,175721.1718750000,186886.7812500000,165522.7968750000,164868.5468750000,132080.5468750000,120320.2421875000,133523.6875000000,150142.9531250000,,,
33.0239999467,258,175386.9843750000,203777.0000000000,165043.4218750000,164097.5156250000,131363.1875000000,119626.3515625000,132736.5312500000,153510.3593750000,,,
33.0279999466,258,175491.7031250000,213677.8906250000,165248.9375000000,164346.8750000000,131638.8906250000,119866.0078125000,133005.6093750000,154028.2656250000,,,
33.0319999466,258,175867.7187500000,205820.9531250000,165803.6406250000,165158.4375000000,132425.8593750000,120624.9609375000,133847.2968750000,151576.6406250000,,,
33.0359999465,258,176034.4531250000,188957.3906250000,166030.0781250000,165560.6562500000,132790.2343750000,120982.3437500000,134259.3281250000,148997.4218750000,,,
33.0399999465,258,175723.5781250000,186821.0000000000,165531.5000000000,164864.4062500000,132093.2031250000,120330.8359375000,133533.9062500000,150128.6562500000,,,
33.0439999464,258,175399.6718750000,203678.7187500000,165058.6250000000,164099.0468750000,131383.0156250000,119639.0390625000,132760.4531250000,153515.6093750000,,,
33.0479999466,258,175498.8437500000,213677.5156250000,165255.0468750000,164328.6406250000,131651.6875000000,119870.7265625000,133027.7656250000,154054.8437500000,,,
33.0519999466,258,175879.5000000000,205908.2187500000,165810.6406250000,165136.9531250000,132441.7656250000,120628.7187500000,133872.0000000000,151611.6406250000,,,
33.0559999465,258,176045.2031250000,189021.7656250000,166033.2656250000,165543.8906250000,132802.9687500000,120989.9843750000,134271.2187500000,149014.7031250000,,,
33.0599999465,258,175740.3437500000,186758.8125000000,165543.3593750000,164868.3593750000,132115.7343750000,120347.5703125000,133556.0312500000,150122.9375000000,,,
33.0639999465,258,175419.5312500000,203583.3437500000,165072.9843750000,164106.7968750000,131406.9843750000,119654.5703125000,132788.0000000000,153513.7812500000,,,
33.0679999467,258,175516.2968750000,213656.3437500000,165264.1718750000,164332.7656250000,131666.6562500000,119880.1953125000,133043.1718750000,154065.8125000000,,,
33.0719999466,258,175893.1718750000,205968.7031250000,165814.4062500000,165143.6562500000,132447.1718750000,120634.7812500000,133869.6875000000,151629.2656250000,,,
33.0759999466,258,176060.9687500000,189083.3125000000,166041.0468750000,165552.5312500000,132809.6562500000,121006.3984375000,134269.4687500000,149026.0000000000,,,
33.0799999465,258,175757.5625000000,186695.6718750000,165556.2656250000,164880.9375000000,132125.8281250000,120364.5781250000,133562.4687500000,150115.5156250000,,,
33.0839999465,258,175417.0312500000,203489.6718750000,165065.9843750000,164106.9062500000,131394.2812500000,119655.3437500000,132769.5781250000,153501.7968750000,,,
33.0879999464,258,175501.5468750000,213650.3437500000,165247.7812500000,164322.6406250000,131643.4531250000,119879.9843750000,133016.1250000000,154070.1093750000,,,
33.0919999466,258,175873.7031250000,206050.1718750000,165800.0781250000,165127.6250000000,132427.1718750000,120630.1406250000,133854.0781250000,151640.9375000000,,,
33.0959999466,258,176047.2656250000,189149.7343750000,166037.5000000000,165544.1406250000,132804.1250000000,120997.5234375000,134271.6718750000,149025.2656250000,,,
33.0999999465,258,175743.4843750000,186626.7812500000,165550.9531250000,164870.4218750000,132121.7187500000,120358.4609375000,133561.4218750000,150084.0468750000,,,
33.1039999465,258,175415.3750000000,203378.4687500000,165071.1562500000,164102.4843750000,131397.6250000000,119651.3750000000,132774.1406250000,153478.9218750000,,,
33.1079999465,258,175507.9375000000,213639.7968750000,165257.8437500000,164322.0468750000,131649.1718750000,119868.9531250000,133021.4375000000,154073.9687500000,,,
33.1119999466,258,175878.7968750000,206228.6718750000,165805.2500000000,165121.6718750000,132426.6562500000,120615.7109375000,133851.0937500000,151670.9687500000,,,
33.1159999466,258,176056.6093750000,189282.2500000000,166047.5625000000,165556.9375000000,132811.8437500000,121000.6093750000,134281.3750000000,149032.7031250000,,,
33.1199999466,258,175753.9375000000,186593.8750000000,165559.0000000000,164887.1562500000,132129.0156250000,120368.0078125000,133571.3125000000,150069.3750000000,,,
33.1239999465,258,175414.2968750000,203296.8281250000,165062.7968750000,164099.3125000000,131388.5625000000,119658.4531250000,132764.0781250000,153470.4375000000,,,
33.1279999465,258,175508.7812500000,213646.1875000000,165246.9218750000,164312.3125000000,131637.7187500000,119877.9453125000,133008.0312500000,154093.8906250000,,,
33.1319999464,258,175890.3906250000,206320.2187500000,165805.1406250000,165117.8281250000,132426.7656250000,120630.6484375000,133848.8437500000,151708.5312500000,,,
33.1359999466,258,176074.1406250000,189362.1875000000,166054.6718750000,165551.1875000000,132821.3750000000,121014.1250000000,134287.3125000000,149061.3437500000,,,
33.1399999466,258,175771.3281250000,186547.7968750000,165571.2031250000,164885.7031250000,132143.2343750000,120374.6875000000,133583.2500000000,150067.2500000000,,,
33.1439999465,258,175429.7500000000,203213.9218750000,165077.5468750000,164103.6250000000,131403.2812500000,119659.1562500000,132778.7500000000,153469.7968750000,,,
33.1479999465,258,175517.7500000000,213623.5468750000,165260.1406250000,164326.5781250000,131648.3593750000,119879.8203125000,133013.8750000000,154107.0312500000,,,
33.1519999465,259,175890.8750000000,206313.7500000000,165810.8125000000,165134.1093750000,132429.8281250000,120632.0468750000,133846.6406250000,151717.1406250000,,,
33.1559999464,259,176072.5625000000,189394.8593750000,166059.7968750000,165572.7656250000,132823.7656250000,121024.1562500000,134287.4687500000,149072.8593750000,,,
33.1599999464,259,175776.7968750000,186486.5625000000,165584.6093750000,164912.4062500000,132158.4687500000,120403.9531250000,133598.2812500000,150060.7343750000,,,
33.1639999463,259,175431.9375000000,203115.1875000000,165082.8750000000,164110.2812500000,131411.3281250000,119678.2500000000,132785.3750000000,153462.6406250000,,,
33.1679999463,259,175510.9843750000,213610.1875000000,165253.3593750000,164312.3125000000,131643.9375000000,119874.8593750000,133009.0937500000,154106.0156250000,,,
33.1719999462,259,175886.6250000000,206324.9062500000,165807.2031250000,165126.5000000000,132429.8750000000,120620.9140625000,133843.9375000000,151709.2031250000,,,
33.1759999464,259,176070.5000000000,189422.6718750000,166058.5625000000,165569.8906250000,132823.6562500000,121006.6406250000,134282.3437500000,149058.3437500000,,,
33.1799999464,259,175763.2500000000,186406.9843750000,165574.8437500000,164903.4062500000,132149.4062500000,120371.9531250000,133587.9218750000,150009.5625000000,,,
33.1839999463,259,175416.7343750000,202999.7500000000,165072.0937500000,164101.5156250000,131399.0468750000,119642.2578125000,132777.0625000000,153413.5000000000,,,
33.1879999463,259,175506.0312500000,213590.7187500000,165249.6875000000,164310.5625000000,131637.0156250000,119848.3281250000,133007.7343750000,154090.4843750000,,,
33.1919999463,259,175891.0625000000,206466.3906250000,165809.2187500000,165130.0937500000,132426.5000000000,120611.7421875000,133848.5000000000,151733.6250000000,,,
33.1959999464,259,176082.4531250000,189545.6718750000,166066.9843750000,165575.3593750000,132830.2187500000,121018.2265625000,134296.4531250000,149078.3750000000,,,
33.1999999464,259,175789.9062500000,186378.7656250000,165596.8750000000,164918.6718750000,132172.2187500000,120406.0156250000,133610.3437500000,150019.1875000000,,,
33.2039999464,259,175447.2812500000,202922.2343750000,165096.4843750000,164113.4687500000,131422.4375000000,119681.9531250000,132792.6406250000,153435.3125000000,,,
33.2079999463,259,175522.5468750000,213598.9218750000,165262.0468750000,164299.6718750000,131647.3750000000,119874.5625000000,133010.3281250000,154127.3906250000,,,
33.2119999463,259,175893.7343750000,206596.1875000000,165813.7343750000,165107.5000000000,132428.4062500000,120615.8203125000,133844.3750000000,151772.4687500000,,,
33.2159999462,259,176079.3750000000,189653.3437500000,166072.2656250000,165562.5468750000,132835.7031250000,121019.7578125000,134296.1093750000,149091.5937500000,,,
33.2199999464,259,175785.1406250000,186340.9375000000,165604.4375000000,164926.1250000000,132181.4218750000,120410.0390625000,133618.5000000000,150001.8281250000,,,
33.2239999464,259,175434.7031250000,202835.0000000000,165097.9062500000,164115.7031250000,131424.3125000000,119677.1250000000,132801.7968750000,153412.5625000000,,,
33.2279999463,259,175498.8593750000,213584.8906250000,165251.4531250000,164285.7343750000,131636.0000000000,119859.1953125000,133009.1875000000,154112.4218750000,,,
33.2319999463,259,175870.0781250000,206674.6718750000,165796.3281250000,165090.2031250000,132408.2812500000,120603.2890625000,133835.4843750000,151766.4687500000,,,
33.2359999462,259,176061.3281250000,189725.8437500000,166054.6250000000,165552.0000000000,132818.1250000000,121010.7968750000,134289.6093750000,149077.2812500000,,,
33.2399999464,259,175777.3593750000,186277.4843750000,165594.1406250000,164928.7812500000,132175.7187500000,120416.5546875000,133622.2031250000,149972.5781250000,,,
33.2439999464,259,175429.9375000000,202729.7343750000,165086.8281250000,164120.0000000000,131417.2031250000,119685.6250000000,132798.3125000000,153396.5468750000,,,
33.2479999464,259,175494.3281250000,213562.6875000000,165240.8125000000,164279.6406250000,131628.3281250000,119870.1640625000,133002.5000000000,154122.0781250000,,,
33.2519999463,259,175864.6875000000,206727.3437500000,165787.9062500000,165076.3281250000,132405.9531250000,120615.4140625000,133833.5781250000,151788.8281250000,,,
33.2559999463,259,176066.2343750000,189780.7187500000,166060.9218750000,165547.4375000000,132830.2812500000,121029.7890625000,134303.8593750000,149097.3125000000,,,
33.2599999462,259,175782.0312500000,186215.9218750000,165601.8906250000,164919.5000000000,132190.0000000000,120429.7500000000,133635.1250000000,149962.7031250000,,,
33.2639999464,259,175435.0312500000,202621.3125000000,165092.0781250000,164109.7500000000,131426.6718750000,119689.9453125000,132802.3281250000,153383.0312500000,,,
33.2679999464,259,175510.0000000000,213541.2812500000,165251.5312500000,164293.0468750000,131639.5625000000,119870.9687500000,133003.4218750000,154132.6250000000,,,
33.2719999463,259,175886.5781250000,206784.8281250000,165802.8437500000,165102.0781250000,132417.0312500000,120612.2500000000,133828.2812500000,151811.1406250000,,,
33.2759999463,259,176076.9062500000,189842.9218750000,166064.9375000000,165561.4375000000,132828.0312500000,121017.9609375000,134284.0312500000,149104.1875000000,,,
33.2799999462,260,175783.3906250000,186167.1718750000,165603.2500000000,164925.5156250000,132183.1093750000,120415.5625000000,133616.9375000000,149938.5312500000,,,
33.2839999462,260,175427.4375000000,202524.9375000000,165088.0312500000,164099.2812500000,131412.0312500000,119671.2812500000,132779.9062500000,153354.2812500000,,,
33.2879999462,260,175488.4843750000,213534.3437500000,165235.4218750000,164269.9062500000,131612.6406250000,119845.6718750000,132970.0781250000,154118.8906250000,,,
33.2919999461,260,175864.2343750000,206911.9062500000,165789.4843750000,165084.5937500000,132392.9687500000,120598.2265625000,133804.2187500000,151824.1250000000,,,
33.2959999461,260,176062.9843750000,189957.9843750000,166062.0468750000,165563.5625000000,132817.4375000000,121026.8671875000,134276.4375000000,149114.8281250000,,,
33.2999999460,260,175766.8750000000,186125.7812500000,165591.7968750000,164934.3437500000,132169.8906250000,120430.3671875000,133608.5781250000,149919.2812500000,,,
33.3039999462,260,175406.6562500000,202435.4375000000,165066.4062500000,164104.5781250000,131389.4218750000,119679.7265625000,132766.1718750000,153338.0000000000,,,
33.3079999462,260,175468.2812500000,213535.4062500000,165212.1562500000,164267.5625000000,131587.2031250000,119851.5468750000,132955.7031250000,154125.8906250000,,,
33.3119999461,260,175843.3906250000,207063.7812500000,165760.6250000000,165070.8906250000,132362.6875000000,120595.1406250000,133782.4843750000,151845.9687500000,,,
33.3159999461,260,176042.8125000000,190073.8906250000,166037.8593750000,165549.5312500000,132795.3593750000,121015.3359375000,134261.1093750000,149103.5625000000,,,
33.3199999460,260,175759.8125000000,186064.2812500000,165585.7187500000,164928.4062500000,132167.8281250000,120423.6875000000,133610.7500000000,149880.8125000000,,,
33.3239999462,260,175405.5781250000,202321.2500000000,165065.2812500000,164107.2031250000,131391.8906250000,119674.1718750000,132767.7500000000,153308.5468750000,,,
33.3279999462,260,175469.8750000000,213505.0000000000,165215.0625000000,164270.7343750000,131592.0937500000,119841.7343750000,132958.7500000000,154120.6406250000,,,
33.3319999462,260,175844.5937500000,207191.9843750000,165766.3906250000,165070.5156250000,132367.3281250000,120574.5156250000,133786.1875000000,151860.2812500000,,,
33.3359999461,260,176047.7500000000,190167.6875000000,166044.4531250000,165554.2187500000,132805.5781250000,121005.7031250000,134270.1406250000,149097.3750000000,,,
33.3399999461,260,175772.0000000000,185993.7343750000,165597.5468750000,164944.3906250000,132183.9531250000,120429.7031250000,133625.9843750000,149854.8437500000,,,
33.3439999460,260,175418.5625000000,202191.5468750000,165076.3281250000,164120.1875000000,131402.7812500000,119677.5546875000,132777.1093750000,153288.8906250000,,,
33.3479999462,260,175475.4687500000,213466.3906250000,165216.1093750000,164263.6718750000,131588.4687500000,119840.4218750000,132952.2343750000,154121.7968750000,,,
33.3519999462,260,175844.4062500000,207216.6562500000,165759.4687500000,165053.4531250000,132358.5312500000,120584.8125000000,133774.0156250000,151870.2968750000,,,
33.3559999461,260,176043.4843750000,190197.8593750000,166037.7187500000,165538.3437500000,132800.4531250000,121025.3671875000,134262.5312500000,149106.5625000000,,,
33.3599999461,260,175762.0625000000,185919.5156250000,165590.4687500000,164936.0312500000,132179.9687500000,120448.1562500000,133622.8125000000,149841.9687500000,,,
33.3639999460,260,175407.2187500000,202087.4218750000,165069.6875000000,164114.9843750000,131399.4062500000,119693.9453125000,132776.2343750000,153282.8750000000,,,
33.3679999462,260,175469.5781250000,213435.7187500000,165214.5156250000,164271.6406250000,131592.1718750000,119853.6171875000,132955.1406250000,154138.7187500000,,,
33.3719999462,260,175836.6875000000,207193.2656250000,165760.0312500000,165059.5937500000,132364.2500000000,120588.4062500000,133776.2187500000,151882.7343750000,,,
33.3759999461,260,176041.8281250000,190229.9531250000,166043.9687500000,165549.6406250000,132806.4843750000,121022.7109375000,134263.7031250000,149123.8750000000,,,
33.3799999461,260,175764.4531250000,185866.5625000000,165599.4531250000,164950.6250000000,132188.9062500000,120449.7890625000,133626.8125000000,149830.6093750000,,,
33.3839999461,260,175402.5000000000,201982.9531250000,165065.8750000000,164119.9062500000,131394.0156250000,119686.7265625000,132767.3593750000,153263.3281250000,,,
33.3879999460,260,175453.2656250000,213413.3125000000,165195.9843750000,164256.7343750000,131570.5000000000,119837.5234375000,132934.5312500000,154130.7812500000,,,
33.3919999462,260,175821.8281250000,207195.3437500000,165740.0000000000,165051.2031250000,132339.5625000000,120573.0390625000,133759.2656250000,151874.5468750000,,,
33.3959999462,260,176031.8125000000,190265.2812500000,166029.4062500000,165554.8906250000,132784.4062500000,121010.7187500000,134253.0781250000,149121.7500000000,,,
33.3999999461,260,175762.2500000000,185823.5781250000,165594.9687500000,164969.5000000000,132178.7187500000,120445.6562500000,133626.7656250000,149811.9062500000,,,
33.4039999461,260,175405.6875000000,201895.9062500000,165065.7343750000,164127.6406250000,131389.3437500000,119682.3515625000,132771.0781250000,153245.4531250000,,,
33.4079999460,261,175462.2500000000,213410.4687500000,165202.2343750000,164262.2343750000,131571.1093750000,119831.2187500000,132941.3281250000,154135.3906250000,,,
33.4119999460,261,175832.8593750000,207311.8750000000,165754.0468750000,165057.8750000000,132347.6718750000,120566.4687500000,133770.2031250000,151895.7656250000,,,
33.4159999460,261,176044.4218750000,190365.8906250000,166049.3593750000,165559.6093750000,132803.7500000000,121011.6015625000,134274.2656250000,149128.4843750000,,,
33.4199999459,261,175777.8906250000,185771.9375000000,165619.2343750000,164975.3437500000,132207.7968750000,120452.2031250000,133654.6875000000,149791.0156250000,,,
33.4239999459,261,175417.1406250000,201790.0468750000,165085.0000000000,164123.3125000000,131411.7968750000,119682.5156250000,132797.7187500000,153226.0468750000,,,
33.4279999458,261,175466.3906250000,213397.0156250000,165209.7812500000,164257.8593750000,131579.6406250000,119824.4062500000,132959.2968750000,154136.6250000000,,,
33.4319999460,261,175833.1250000000,207443.0937500000,165753.0312500000,165053.4218750000,132346.5937500000,120555.1171875000,133779.7812500000,151919.5156250000,,,
33.4359999460,261,176040.5312500000,190482.0156250000,166043.0625000000,165545.8281250000,132797.8281250000,121001.8671875000,134281.9218750000,149134.1875000000,,,
33.4399999459,261,175770.0156250000,185732.4375000000,165607.1406250000,164955.0468750000,132196.3437500000,120449.7656250000,133661.3125000000,149767.0312500000,,,
33.4439999459,261,175409.6250000000,201693.5625000000,165070.0312500000,164115.6250000000,131393.6093750000,119680.9375000000,132794.9218750000,153202.8437500000,,,
33.4479999458,261,175460.2187500000,213388.3750000000,165197.4375000000,164254.6093750000,131560.5000000000,119819.8750000000,132948.0781250000,154135.9531250000,,,
33.4519999460,261,175832.7500000000,207571.4687500000,165747.9531250000,165051.2031250000,132331.3906250000,120557.3984375000,133766.4531250000,151946.8125000000,,,
33.4559999460,261,176050.7500000000,190598.1718750000,166050.1875000000,165565.8125000000,132796.7031250000,121020.4531250000,134280.4687500000,149156.8281250000,,,
33.4599999459,261,175778.0625000000,185713.0468750000,165613.2656250000,164980.7656250000,132194.4531250000,120464.8125000000,133659.7968750000,149762.0000000000,,,
33.4639999459,261,175414.1875000000,201626.3750000000,165073.2031250000,164125.7031250000,131389.3906250000,119690.7500000000,132788.3281250000,153200.9062500000,,,
33.4679999459,261,175460.4218750000,213418.0937500000,165195.2031250000,164259.4218750000,131551.4062500000,119828.1093750000,132938.3125000000,154160.3906250000,,,
33.4719999458,261,175821.1875000000,207808.3906250000,165731.0625000000,165051.5000000000,132309.0781250000,120555.7343750000,133746.5937500000,151996.7031250000,,,
33.4759999460,261,176034.2812500000,190787.5625000000,166033.1562500000,165557.9843750000,132781.2812500000,121019.2734375000,134267.6250000000,149167.7500000000,,,
33.4799999460,261,175770.2500000000,185691.2656250000,165608.9218750000,164978.4843750000,132195.7500000000,120474.7343750000,133663.8281250000,149738.2031250000,,,
33.4839999459,261,175409.7656250000,201540.2500000000,165071.5937500000,164128.5468750000,131392.2187500000,119698.8281250000,132794.5312500000,153182.4062500000,,,
33.4879999459,261,175445.3750000000,213426.5937500000,165183.1093750000,164237.4687500000,131542.4218750000,119814.8281250000,132929.4687500000,154154.8281250000,,,
33.4919999458,261,175813.0000000000,208137.7031250000,165727.6250000000,165022.4218750000,132304.6406250000,120532.4531250000,133739.3125000000,152041.6093750000,,,
33.4959999460,261,176051.0000000000,191021.4218750000,166063.7343750000,165570.9687500000,132816.9531250000,121026.0859375000,134303.0000000000,149177.7500000000,,,
33.4999999460,261,175789.7031250000,185653.5156250000,165641.2968750000,165005.0625000000,132236.1875000000,120482.2734375000,133704.0000000000,149708.9843750000,,,
33.5039999459,261,175424.3593750000,201437.4062500000,165095.1093750000,164154.0312500000,131422.7812500000,119696.6250000000,132821.3750000000,153158.2812500000,,,
33.5079999459,261,175463.7812500000,213396.6562500000,165206.7187500000,164260.2656250000,131572.6718750000,119819.8437500000,132955.7031250000,154163.0468750000,,,
33.5119999459,261,175815.2812500000,208164.5468750000,165733.3906250000,165014.2500000000,132317.7343750000,120535.7578125000,133750.3750000000,152055.2343750000,,,
33.5159999458,261,176030.2656250000,191057.3437500000,166043.6718750000,165544.4375000000,132803.3750000000,121017.3750000000,134286.4687500000,149172.5468750000,,,
33.5199999460,261,175772.7187500000,185576.5937500000,165624.7968750000,164986.4062500000,132226.5937500000,120484.8203125000,133696.4375000000,149683.8906250000,,,
33.5239999460,261,175415.3906250000,201309.7968750000,165085.1875000000,164135.1718750000,131418.0625000000,119708.7734375000,132821.8750000000,153144.2656250000,,,
33.5279999459,261,175455.8125000000,213333.9687500000,165196.9062500000,164244.1875000000,131565.1093750000,119828.2656250000,132949.4531250000,154166.3125000000,,,
33.5319999459,261,175814.3125000000,207913.8437500000,165734.4687500000,165024.3750000000,132325.2656250000,120551.0156250000,133759.7968750000,152022.3750000000,,,
33.5359999458,262,176035.3125000000,190919.0937500000,166047.9375000000,165556.1250000000,132808.2343750000,121026.7578125000,134295.1093750000,149182.1562500000,,,
33.5399999458,262,175779.3750000000,185503.2343750000,165633.0312500000,165008.8437500000,132236.1406250000,120495.4921875000,133707.1250000000,149689.7343750000,,,
33.5439999457,262,175405.6562500000,201195.9531250000,165077.4843750000,164143.1406250000,131410.2968750000,119703.1171875000,132817.1093750000,153131.8593750000,,,
33.5479999457,262,175443.1250000000,213274.8593750000,165187.9687500000,164252.8437500000,131554.9687500000,119824.0312500000,132947.4375000000,154159.5312500000,,,
33.5519999457,262,175808.1250000000,207748.1718750000,165733.5312500000,165046.8906250000,132322.4843750000,120560.7812500000,133762.5625000000,151992.3906250000,,,
33.5559999456,262,176029.9687500000,190848.4218750000,166040.7968750000,165559.6718750000,132794.1250000000,121029.6562500000,134282.6093750000,149175.5312500000,,,
33.5599999458,262,175772.9843750000,185433.9843750000,165624.3437500000,165002.4062500000,132222.6250000000,120502.2265625000,133694.3281250000,149668.7343750000,,,
33.5639999458,262,175399.0625000000,201077.0625000000,165067.7187500000,164126.4843750000,131396.5000000000,119710.3046875000,132803.2656250000,153106.7031250000,,,
33.5679999457,262,175433.4218750000,213241.8437500000,165174.2968750000,164219.9843750000,131535.3125000000,119818.9296875000,132924.0156250000,154150.8437500000,,,
33.5719999457,262,175799.4843750000,207827.7968750000,165718.5312500000,165007.3437500000,132301.9062500000,120547.6875000000,133735.2500000000,151997.1250000000,,,
33.5759999456,262,176028.1250000000,190968.0312500000,166035.0312500000,165534.5937500000,132786.1093750000,121023.5156250000,134268.3750000000,149182.4531250000,,,
33.5799999458,262,175775.5312500000,185458.7187500000,165626.0000000000,164988.3125000000,132225.1718750000,120500.5625000000,133690.1718750000,149654.8906250000,,,
33.5839999458,262,175408.9375000000,201048.8593750000,165073.2500000000,164136.2187500000,131401.7343750000,119711.5937500000,132799.0625000000,153095.4375000000,,,
33.5879999457,262,175436.2812500000,213332.7187500000,165168.2343750000,164224.9218750000,131529.3593750000,119818.7421875000,132911.0937500000,154169.2187500000,,,
33.5919999457,262,175788.4062500000,208212.1562500000,165695.5156250000,164981.1718750000,132277.6875000000,120533.9531250000,133710.1718750000,152063.3281250000,,,
33.5959999457,262,176014.8437500000,191500.7656250000,166008.6718750000,165512.4062500000,132758.8750000000,121007.0156250000,134240.9062500000,149254.8437500000,,,
33.5999999456,262,175769.6406250000,186002.1875000000,165607.5000000000,164986.5312500000,132205.3281250000,120493.3515625000,133672.4843750000,149725.1718750000,,,
33.6039999458,262,175400.0312500000,201582.0937500000,165059.3906250000,164127.1875000000,131386.9062500000,119710.9218750000,132793.9062500000,153147.2968750000,,,
33.6079999458,262,175423.4062500000,213871.7656250000,165155.2656250000,164217.5468750000,131515.0625000000,119812.4453125000,132910.8281250000,154207.1406250000,,,
33.6119999457,262,175772.2031250000,208925.0156250000,165676.7812500000,164978.2187500000,132257.7656250000,120520.6562500000,133701.9687500000,152133.8437500000,,,
33.6159999457,262,176001.1562500000,192268.5000000000,165994.6718750000,165505.8593750000,132751.0781250000,121006.5859375000,134243.2656250000,149326.8281250000,,,
33.6199999456,262,175770.1718750000,186501.9843750000,165616.8593750000,165000.5625000000,132225.7812500000,120522.7421875000,133705.9062500000,149734.4531250000,,,
33.6239999458,262,175413.7656250000,201647.7031250000,165090.0625000000,164161.5156250000,131429.6250000000,119756.8437500000,132851.6875000000,153076.2187500000,,,
33.6279999458,262,175438.9218750000,213667.4218750000,165187.7031250000,164246.6718750000,131557.6718750000,119859.8671875000,132966.1875000000,154128.8906250000,,,
33.6319999457,262,175774.2187500000,208746.1718750000,165692.0625000000,164982.0781250000,132279.2968750000,120553.9375000000,133743.9687500000,152110.2656250000,,,
33.6359999457,262,175996.3906250000,192314.1718750000,165999.7656250000,165502.2968750000,132757.2968750000,121015.8671875000,134273.0312500000,149364.2812500000,,,
33.6399999456,262,175767.7031250000,186560.5312500000,165629.2187500000,165000.3750000000,132239.0156250000,120533.0468750000,133749.1250000000,149743.1562500000,,,
33.6439999456,262,175413.1875000000,201438.0625000000,165112.0156250000,164176.3125000000,131453.3125000000,119787.8984375000,132916.0625000000,153009.4843750000,,,
33.6479999458,262,175444.0468750000,213320.4062500000,165210.1718750000,164262.6875000000,131580.9375000000,119897.8984375000,133022.4062500000,154064.2343750000,,,
33.6519999458,262,175790.6875000000,208490.0156250000,165710.5156250000,164995.0625000000,132297.2968750000,120581.7031250000,133777.4218750000,152112.2187500000,,,
33.6559999457,262,176003.6250000000,192345.8750000000,165996.8437500000,165488.7187500000,132753.9375000000,121032.0468750000,134279.1875000000,149430.4375000000,,,
33.6599999457,262,175780.9531250000,186592.8281250000,165637.9843750000,165004.3125000000,132253.3281250000,120575.3203125000,133772.2187500000,149774.6718750000,,,
33.6639999456,263,175432.2968750000,201161.6250000000,165133.7812500000,164191.4218750000,131482.5468750000,119843.6328125000,132954.6562500000,152962.2656250000,,,
33.6679999456,263,175450.5312500000,212905.8125000000,165217.6875000000,164266.6562500000,131595.1250000000,119929.7890625000,133053.8125000000,154008.4062500000,,,
33.6719999455,263,175770.3906250000,208226.4843750000,165685.6562500000,164968.8593750000,132277.2812500000,120572.1484375000,133771.9531250000,152095.9687500000,,,
33.6759999455,263,175978.2031250000,192363.1250000000,165964.2500000000,165457.2656250000,132724.8125000000,121010.8515625000,134260.4375000000,149458.5468750000,,,
33.6799999455,263,175768.0312500000,186576.3281250000,165626.1406250000,164997.9687500000,132246.8906250000,120581.5625000000,133778.9687500000,149763.6875000000,,,
33.6839999454,263,175431.0000000000,200782.5781250000,165143.8750000000,164207.7812500000,131500.6250000000,119883.5781250000,132991.0781250000,152875.2343750000,,,
33.6879999456,263,175446.4531250000,212328.7031250000,165221.4218750000,164276.4218750000,131607.1093750000,119968.0625000000,133082.8906250000,153919.7656250000,,,
33.6919999456,263,175768.2656250000,207851.3593750000,165675.1875000000,164970.5156250000,132272.9687500000,120589.4531250000,133776.2343750000,152094.6250000000,,,
33.6959999455,263,175980.7031250000,192336.5625000000,165948.5312500000,165457.3437500000,132715.8750000000,121014.9609375000,134253.8906250000,149531.9375000000,,,
33.6999999455,263,175763.3281250000,186552.0312500000,165615.3281250000,165003.8593750000,132245.7187500000,120589.5625000000,133783.1562500000,149780.9062500000,,,
33.7039999454,263,175431.5937500000,200354.8750000000,165154.6250000000,164249.2187500000,131521.8437500000,119913.6953125000,133018.6562500000,152780.0625000000,,,
33.7079999456,263,175450.3906250000,211695.9843750000,165228.3437500000,164316.4062500000,131619.0468750000,119985.7656250000,133094.6875000000,153825.1875000000,,,
33.7119999456,263,175761.4531250000,207478.3437500000,165657.5468750000,164963.3593750000,132253.0625000000,120566.9453125000,133750.3593750000,152092.4531250000,,,
33.7159999455,263,175967.6093750000,192345.1562500000,165921.6875000000,165431.3750000000,132683.5625000000,120974.5625000000,134211.7500000000,149591.5937500000,,,
33.7199999455,263,175760.5625000000,186536.6875000000,165607.2812500000,164998.9843750000,132234.2968750000,120571.6953125000,133762.3125000000,149784.0156250000,,,
33.7239999454,263,175451.7968750000,199968.5312500000,165181.8750000000,164261.4218750000,131546.6562500000,119928.2890625000,133037.3437500000,152698.2656250000,,,
33.7279999454,263,175471.5000000000,211155.9218750000,165255.9062500000,164316.1406250000,131642.9375000000,119992.9531250000,133109.0625000000,153747.8906250000,,,
33.7319999456,263,175769.4687500000,207137.0000000000,165664.9531250000,164938.3125000000,132255.1250000000,120552.4609375000,133737.0000000000,152079.6093750000,,,
33.7359999456,263,175974.7343750000,192270.3125000000,165924.9843750000,165403.7812500000,132681.5781250000,120950.9296875000,134191.1562500000,149621.5000000000,,,
33.7399999455,263,175778.7031250000,186431.5468750000,165626.6406250000,164986.5937500000,132249.3593750000,120557.6640625000,133757.0312500000,149781.0156250000,,,
33.7439999455,263,175458.2500000000,199665.7812500000,165192.5312500000,164254.0312500000,131552.6562500000,119913.0781250000,133026.7968750000,152640.0000000000,,,
33.7479999454,263,175464.0781250000,210835.0468750000,165248.8593750000,164295.0625000000,131631.8437500000,119967.2890625000,133084.7968750000,153696.6093750000,,,
33.7519999456,263,175763.6562500000,207007.3906250000,165648.5625000000,164931.3281250000,132234.2968750000,120515.7187500000,133697.6562500000,152076.1250000000,,,
33.7559999456,263,175974.5000000000,192304.9375000000,165910.9531250000,165404.9062500000,132662.8281250000,120917.2734375000,134154.5312500000,149639.6562500000,,,
33.7599999455,263,175778.6250000000,186412.1250000000,165619.9062500000,164991.1718750000,132240.3750000000,120542.1406250000,133743.3750000000,149777.4218750000,,,
33.7639999455,263,175458.6093750000,199549.5937500000,165188.9375000000,164251.9062500000,131547.4843750000,119905.7265625000,133023.1093750000,152625.3125000000,,,
33.7679999454,263,175467.1562500000,210784.7812500000,165246.1718750000,164299.0781250000,131624.9687500000,119958.1406250000,133075.3750000000,153704.9531250000,,,
33.7719999454,263,175763.6562500000,207123.9687500000,165644.5000000000,164919.4843750000,132225.0937500000,120504.2656250000,133686.1718750000,152113.2968750000,,,
33.7759999456,263,175969.5312500000,192504.9062500000,165905.0781250000,165394.2812500000,132655.3125000000,120909.4687500000,134143.0781250000,149673.7500000000,,,
33.7799999455,263,175776.7968750000,186520.2187500000,165620.3437500000,164994.2031250000,132243.3593750000,120546.3515625000,133743.3281250000,149784.5000000000,,,
33.7839999455,263,175457.3437500000,199591.9375000000,165191.8906250000,164260.3593750000,131553.6250000000,119914.4765625000,133029.5625000000,152628.6875000000,,,
33.7879999455,263,175466.3593750000,210887.4843750000,165251.6406250000,164306.7343750000,131633.6562500000,119968.0937500000,133087.5625000000,153723.9062500000,,,
33.7919999454,264,175760.1406250000,207275.5312500000,165648.1562500000,164923.3437500000,132234.5312500000,120518.2109375000,133706.1250000000,152133.9218750000,,,
33.7959999454,264,175966.1562500000,192670.6406250000,165908.6718750000,165388.7656250000,132666.9843750000,120928.3203125000,134169.1562500000,149690.8281250000,,,
33.7999999453,264,175778.2656250000,186611.2656250000,165628.0312500000,164989.7812500000,132260.8437500000,120571.8593750000,133772.2656250000,149790.4531250000,,,
33.8039999453,264,175465.7187500000,199631.5937500000,165207.1406250000,164261.4843750000,131573.8437500000,119940.3281250000,133061.2656250000,152642.8125000000,,,
33.8079999452,264,175473.5156250000,211004.9062500000,165263.2031250000,164307.1250000000,131646.0000000000,119988.0468750000,133108.7656250000,153757.6562500000,,,
33.8119999452,264,175765.1875000000,207425.0156250000,165656.5468750000,164922.0468750000,132240.1093750000,120532.6171875000,133712.8593750000,152161.0937500000,,,
33.8159999454,264,175974.5468750000,192806.3906250000,165919.8437500000,165385.4375000000,132673.0468750000,120943.2890625000,134171.8437500000,149707.8125000000,,,
33.8199999453,264,175783.8750000000,186649.9687500000,165638.9531250000,164989.3281250000,132266.7968750000,120584.4609375000,133779.7187500000,149786.9375000000,,,
33.8239999453,264,175468.8281250000,199675.3906250000,165210.8437500000,164256.5937500000,131571.2187500000,119934.0000000000,133059.9062500000,152647.5468750000,,,
33.8279999453,264,175481.5312500000,211180.9687500000,165269.0468750000,164299.5625000000,131641.7656250000,119974.2578125000,133099.5156250000,153788.4687500000,,,
33.8319999452,264,175771.5156250000,207666.6093750000,165661.2656250000,164912.9062500000,132238.7500000000,120528.8593750000,133709.2031250000,152190.0312500000,,,
33.8359999454,264,175979.1093750000,192959.4375000000,165921.9062500000,165380.9843750000,132675.5937500000,120940.6875000000,134172.1875000000,149703.4375000000,,,
33.8399999454,264,175804.0468750000,186636.8750000000,165652.5312500000,165002.8437500000,132284.3750000000,120584.3281250000,133782.1093750000,149770.9843750000,,,
33.8439999453,264,175488.8281250000,199687.9687500000,165217.1718750000,164264.2187500000,131579.2343750000,119930.3828125000,133048.3125000000,152667.0468750000,,,
33.8479999453,264,175484.7812500000,211371.8593750000,165258.5625000000,164278.7812500000,131632.5156250000,119962.1640625000,133081.9531250000,153830.2812500000,,,
33.8519999452,264,175781.1093750000,207921.4843750000,165664.8437500000,164911.7343750000,132241.7812500000,120520.7578125000,133706.9531250000,152221.0468750000,,,
33.8559999452,264,175998.6093750000,192991.5156250000,165946.9062500000,165419.7343750000,132699.8750000000,120953.1328125000,134194.6562500000,149678.8750000000,,,
33.8599999454,264,175811.0781250000,186392.5468750000,165661.9218750000,165036.9531250000,132292.5000000000,120587.4375000000,133791.5000000000,149709.8281250000,,,
33.8639999453,264,175475.7968750000,199562.2500000000,165196.8437500000,164261.2187500000,131553.4687500000,119904.3046875000,133019.6406250000,152667.7031250000,,,
33.8679999453,264,175460.7031250000,211543.4062500000,165227.3750000000,164269.3906250000,131595.2500000000,119930.9140625000,133041.0156250000,153875.6406250000,,,
33.8719999453,264,175761.9843750000,208058.9531250000,165654.2656250000,164917.8906250000,132229.4687500000,120517.1640625000,133692.9843750000,152204.0625000000,,,
33.8759999452,264,175994.2968750000,192547.5781250000,165966.5937500000,165451.3125000000,132727.6250000000,120989.7187500000,134225.5625000000,149519.9531250000,,,
33.8799999454,264,175803.1875000000,185451.8750000000,165667.8125000000,165050.6406250000,132310.0625000000,120613.5625000000,133812.4218750000,149536.8437500000,,,
33.8839999454,264,175445.5625000000,199097.1250000000,165150.5000000000,164208.7500000000,131512.2968750000,119865.7109375000,132967.3906250000,152692.7968750000,,,
33.8879999453,264,175441.5468750000,211807.1562500000,165192.0781250000,164211.5156250000,131560.3125000000,119885.8046875000,132988.2031250000,154014.9062500000,,,
33.8919999453,264,175770.9531250000,208238.8750000000,165673.4531250000,164917.6562500000,132252.3125000000,120533.1250000000,133712.2656250000,152216.6718750000,,,
33.8959999452,264,176028.4062500000,191897.2187500000,166032.0625000000,165507.1718750000,132800.8281250000,121064.8984375000,134305.2187500000,149340.5625000000,,,
33.8999999452,264,175826.2812500000,184353.7031250000,165704.7031250000,165083.9531250000,132350.4062500000,120650.2343750000,133847.1562500000,149378.5468750000,,,
33.9039999454,264,175436.3125000000,198683.1875000000,165125.5000000000,164174.2343750000,131480.5312500000,119819.2031250000,132920.9062500000,152766.2031250000,,,
33.9079999453,264,175428.8593750000,212059.3437500000,165172.0937500000,164183.0781250000,131530.8281250000,119847.2812500000,132953.6093750000,154147.0000000000,,,
33.9119999453,264,175771.1875000000,208456.5468750000,165681.9843750000,164934.7187500000,132255.7500000000,120532.7500000000,133718.9687500000,152246.3281250000,,,
33.9159999453,264,176026.7187500000,191869.7812500000,166037.2968750000,165530.8906250000,132805.0312500000,121068.8984375000,134318.0781250000,149304.0000000000,,,
33.9199999452,265,175815.1562500000,184265.5781250000,165690.9687500000,165087.6250000000,132337.0000000000,120641.1953125000,133841.3125000000,149359.3906250000,,,
33.9239999452,265,175422.0468750000,198630.3750000000,165104.2343750000,164176.3437500000,131456.0156250000,119800.5078125000,132899.2656250000,152759.1406250000,,,
33.9279999451,265,175413.4843750000,212133.0468750000,165148.5468750000,164177.1718750000,131503.4687500000,119831.0859375000,132927.0312500000,154163.8437500000,,,
33.9319999451,265,175768.2656250000,208720.4375000000,165673.0468750000,164928.5937500000,132245.2031250000,120537.5000000000,133717.0937500000,152314.1406250000,,,
33.9359999450,265,176032.8437500000,192269.8125000000,166041.6093750000,165527.9375000000,132807.0000000000,121084.0234375000,134334.4375000000,149395.5000000000,,,
33.9399999450,265,175825.3906250000,184628.2968750000,165704.5312500000,165093.3125000000,132349.6718750000,120668.2031250000,133867.5156250000,149424.6250000000,,,
33.9439999452,265,175440.5000000000,198855.3906250000,165130.5625000000,164192.8906250000,131485.2500000000,119843.1562500000,132945.6093750000,152787.3437500000,,,
33.9479999451,265,175436.3750000000,212285.2656250000,165178.5468750000,164197.2656250000,131536.3750000000,119867.8281250000,132977.3125000000,154180.7968750000,,,
33.9519999451,265,175775.0468750000,208948.7031250000,165680.9531250000,164921.2500000000,132251.4531250000,120550.1015625000,133734.6718750000,152342.5468750000,,,
33.9559999451,265,176029.5156250000,192601.9218750000,166035.0625000000,165514.2343750000,132801.4218750000,121089.6328125000,134335.0000000000,149433.7968750000,,,
33.9599999450,265,175831.2500000000,184862.5156250000,165708.7968750000,165093.4531250000,132360.4375000000,120684.5078125000,133884.7031250000,149433.6875000000,,,
33.9639999452,265,175441.3593750000,198810.3281250000,165133.1250000000,164190.5625000000,131499.3125000000,119870.8359375000,132969.4375000000,152729.7812500000,,,
33.9679999452,265,175410.5468750000,212089.1093750000,165155.8593750000,164170.4531250000,131525.9218750000,119879.9843750000,132979.0000000000,154104.3593750000,,,
33.9719999451,265,175739.9375000000,208871.3906250000,165645.7656250000,164883.8281250000,132223.0312500000,120528.8359375000,133709.1875000000,152318.4531250000,,,
33.9759999451,265,176004.6562500000,192759.9843750000,166008.2187500000,165481.7031250000,132774.4375000000,121054.3593750000,134302.1875000000,149472.0156250000,,,
33.9799999450,265,175817.4531250000,184991.3593750000,165701.2968750000,165085.1406250000,132353.1093750000,120667.6640625000,133873.0156250000,149442.2500000000,,,
33.9839999450,265,175449.2656250000,198660.0625000000,165152.9375000000,164214.2187500000,131521.5468750000,119885.6171875000,132986.5468750000,152674.4218750000,,,
33.9879999452,265,175431.3281250000,211801.8437500000,165183.6250000000,164210.9687500000,131553.2968750000,119901.6250000000,132994.7500000000,154052.9687500000,,,
33.9919999451,265,175750.7968750000,208643.5156250000,165655.8281250000,164916.0937500000,132227.0468750000,120532.0234375000,133703.7343750000,152306.5468750000,,,
33.9959999451,265,175998.2968750000,192796.4375000000,165994.7187500000,165484.4375000000,132749.7343750000,121035.2656250000,134270.9531250000,149517.7812500000,,,
33.9999999451,265,175802.4375000000,185094.7968750000,165684.5781250000,165079.6875000000,132327.9062500000,120649.3203125000,133849.4687500000,149453.6250000000,,,
34.0039999450,265,175430.3593750000,198418.7968750000,165140.5156250000,164225.8906250000,131505.8906250000,119878.1562500000,132977.8750000000,152572.3906250000,,,
34.0079999452,265,175404.3750000000,211309.3906250000,165160.2812500000,164212.7187500000,131526.9062500000,119875.1250000000,132969.7500000000,153920.8125000000,,,
34.0119999452,265,175710.2187500000,208302.6093750000,165606.9531250000,164883.5937500000,132173.9218750000,120472.2656250000,133642.1250000000,152260.4375000000,,,
34.0159999451,265,175944.6406250000,192952.3437500000,165924.7187500000,165428.4843750000,132671.2968750000,120950.0234375000,134175.2656250000,149582.7656250000,,,
34.0199999451,265,175766.5156250000,185444.5468750000,165642.2031250000,165059.7812500000,132280.6875000000,120596.8515625000,133783.1250000000,149503.2187500000,,,
34.0239999450,265,175414.0468750000,198411.2343750000,165135.3750000000,164248.2812500000,131500.8750000000,119868.4765625000,132960.6093750000,152503.5625000000,,,
34.0279999450,265,175396.2656250000,210995.9218750000,165165.1718750000,164236.8906250000,131533.3437500000,119875.6640625000,132966.9843750000,153819.2031250000,,,
34.0319999452,265,175695.3437500000,208047.0000000000,165595.0781250000,164881.0156250000,132160.3906250000,120456.7109375000,133613.4843750000,152224.3125000000,,,
34.0359999451,265,175924.8750000000,192972.4062500000,165898.9218750000,165411.6406250000,132642.3281250000,120917.3281250000,134123.2968750000,149620.5625000000,,,
34.0399999451,265,175751.3750000000,185451.4218750000,165625.5937500000,165060.6406250000,132261.4687500000,120573.9765625000,133743.7500000000,149498.9687500000,,,
34.0439999450,265,175412.5781250000,198045.2500000000,165143.7343750000,164275.1875000000,131506.9062500000,119870.8593750000,132952.6093750000,152402.4687500000,,,
34.0479999450,266,175386.2187500000,210462.4218750000,165160.0937500000,164235.9531250000,131524.9218750000,119867.5390625000,132947.8437500000,153718.3281250000,,,
34.0519999450,266,175675.2187500000,207719.6562500000,165568.6875000000,164852.9843750000,132127.7187500000,120419.7734375000,133567.6093750000,152197.3593750000,,,
34.0559999449,266,175910.0937500000,192940.4375000000,165875.7187500000,165382.0312500000,132613.2343750000,120877.8984375000,134077.4843750000,149653.3593750000,,,
34.0599999449,266,175750.4062500000,185435.2656250000,165624.6093750000,165046.7031250000,132259.5312500000,120557.8281250000,133724.6093750000,149510.5312500000,,,
34.0639999448,266,175419.5000000000,197809.0781250000,165157.0625000000,164268.3125000000,131523.9843750000,119865.9765625000,132956.1875000000,152349.1406250000,,,
34.0679999448,266,175398.8750000000,210154.7187500000,165174.5781250000,164241.7656250000,131542.4375000000,119860.5312500000,132946.1718750000,153671.3437500000,,,
34.0719999450,266,175681.0468750000,207622.3437500000,165570.2656250000,164838.9375000000,132128.9531250000,120402.3125000000,133545.2187500000,152212.5156250000,,,
34.0759999449,266,175917.8593750000,193084.7187500000,165876.4687500000,165366.2031250000,132607.8906250000,120857.2734375000,134049.0156250000,149704.2500000000,,,
34.0799999449,266,175762.5000000000,185573.1562500000,165632.6718750000,165056.0312500000,132258.4843750000,120546.8828125000,133701.1718750000,149532.5625000000,,,
34.0839999449,266,175439.9375000000,197829.4062500000,165177.9062500000,164303.9062500000,131534.0468750000,119870.0859375000,132947.0937500000,152348.5468750000,,,
34.0879999448,266,175405.2500000000,210234.4375000000,165179.3593750000,164253.3593750000,131533.8906250000,119847.3671875000,132923.5312500000,153683.3750000000,,,
34.0919999450,266,175679.4062500000,207869.6718750000,165561.2031250000,164823.7187500000,132107.5312500000,120379.0625000000,133509.8906250000,152248.8593750000,,,
34.0959999450,266,175911.9531250000,193450.6250000000,165859.7500000000,165345.6250000000,132584.0468750000,120828.6484375000,134013.1562500000,149741.6093750000,,,
34.0999999449,266,175754.1562500000,185872.2500000000,165616.4531250000,165032.8281250000,132243.5156250000,120525.9921875000,133682.6250000000,149538.4531250000,,,
34.1039999449,266,175417.1875000000,198013.8125000000,165148.1406250000,164269.1250000000,131510.0468750000,119846.6953125000,132920.1562500000,152324.4687500000,,,
34.1079999448,266,175378.9375000000,210420.3750000000,165147.9843750000,164230.1718750000,131506.8750000000,119819.6328125000,132887.8125000000,153666.2500000000,,,
34.1119999448,266,175659.4531250000,208190.5156250000,165538.9062500000,164829.6250000000,132085.3281250000,120342.3906250000,133475.4062500000,152258.2500000000,,,
34.1159999450,266,175907.4218750000,193802.8437500000,165856.3281250000,165376.1562500000,132581.6875000000,120808.8281250000,133997.7656250000,149751.1875000000,,,
34.1199999449,266,175746.1406250000,186039.8593750000,165610.6875000000,165055.7968750000,132239.6562500000,120510.8906250000,133663.7968750000,149510.1406250000,,,
34.1239999449,266,175398.6250000000,198047.3125000000,165132.4218750000,164260.8593750000,131492.5468750000,119829.3125000000,132891.8125000000,152287.6406250000,,,
34.1279999448,266,175364.8125000000,210497.4531250000,165134.7500000000,164222.2343750000,131489.3593750000,119809.8906250000,132864.9531250000,153658.2187500000,,,
34.1319999448,266,175641.8281250000,208340.3125000000,165517.2968750000,164821.9062500000,132058.6562500000,120332.0703125000,133444.9843750000,152264.8906250000,,,
34.1359999450,266,175876.8906250000,193986.5625000000,165820.2656250000,165355.5781250000,132539.6093750000,120787.4218750000,133951.6250000000,149749.5156250000,,,
34.1399999449,266,175734.2812500000,186137.7343750000,165594.9062500000,165044.5000000000,132220.6093750000,120507.7265625000,133647.1250000000,149501.8437500000,,,
34.1439999449,266,175400.6093750000,198066.0937500000,165128.9062500000,164275.3437500000,131487.3750000000,119827.3281250000,132887.4062500000,152286.1406250000,,,
34.1479999449,266,175358.4531250000,210569.6875000000,165121.6875000000,164216.0781250000,131474.4687500000,119792.4062500000,132842.1093750000,153668.0468750000,,,
34.1519999448,266,175633.1093750000,208460.4531250000,165506.5156250000,164801.4687500000,132048.4375000000,120313.9375000000,133422.2968750000,152280.3125000000,,,
34.1559999448,266,175876.5156250000,194132.1406250000,165822.8750000000,165338.6875000000,132546.5000000000,120776.2968750000,133954.5781250000,149772.2968750000,,,
34.1599999450,266,175737.2812500000,186231.2500000000,165604.3750000000,165053.3281250000,132235.3593750000,120502.1171875000,133652.9062500000,149512.7656250000,,,
34.1639999449,266,175401.9531250000,198105.0312500000,165135.7968750000,164283.4531250000,131495.4687500000,119825.3437500000,132880.9218750000,152289.8906250000,,,
34.1679999449,266,175363.0312500000,210670.4843750000,165133.3906250000,164216.0781250000,131485.0468750000,119791.9218750000,132851.7656250000,153687.4531250000,,,
34.1719999448,266,175652.2031250000,208578.5468750000,165533.5781250000,164816.6718750000,132072.9218750000,120322.6250000000,133461.0312500000,152306.7968750000,,,
34.1759999448,267,175889.7187500000,194243.0312500000,165839.0781250000,165350.5937500000,132556.0156250000,120783.8593750000,133967.9687500000,149791.7656250000,,,
34.1799999448,267,175744.5625000000,186277.1875000000,165608.4375000000,165057.5625000000,132233.8906250000,120507.8359375000,133650.7187500000,149514.4218750000,,,
34.1839999447,267,175406.0625000000,198105.4062500000,165131.3437500000,164283.4531250000,131488.5625000000,119821.9921875000,132871.2656250000,152288.5000000000,,,
34.1879999447,267,175367.2812500000,210775.5468750000,165122.9531250000,164216.5312500000,131472.0937500000,119784.9765625000,132824.1562500000,153709.7187500000,,,
34.1919999446,267,175656.4375000000,208809.3593750000,165524.7500000000,164814.5468750000,132062.7656250000,120314.4687500000,133434.3125000000,152341.2812500000,,,
34.1959999446,267,175904.1250000000,194459.3750000000,165848.8593750000,165359.9843750000,132569.6250000000,120788.5546875000,133976.3593750000,149813.6250000000,,,
34.1999999448,267,175753.8906250000,186329.7343750000,165621.3125000000,165061.7968750000,132252.4687500000,120510.2734375000,133669.1406250000,149500.7968750000,,,
34.2039999447,267,175409.1406250000,198122.9062500000,165138.5625000000,164276.0937500000,131499.4531250000,119819.4687500000,132880.1406250000,152284.7500000000,,,
34.2079999447,267,175373.7656250000,210939.3750000000,165135.9843750000,164218.1093750000,131485.3593750000,119786.5625000000,132842.2968750000,153740.4375000000,,,
34.2119999446,267,175665.0312500000,209070.9218750000,165541.3750000000,164822.2031250000,132075.1875000000,120317.4453125000,133450.4531250000,152373.0468750000,,,
34.2159999446,267,175915.8437500000,194600.7500000000,165868.7656250000,165381.6250000000,132585.1562500000,120800.8125000000,133989.4687500000,149798.6250000000,,,
34.2199999448,267,175772.4531250000,186246.8281250000,165643.4687500000,165092.2968750000,132273.8593750000,120530.8750000000,133682.9531250000,149467.3281250000,,,
34.2239999447,267,175425.1875000000,198135.8281250000,165149.0468750000,164282.2968750000,131508.8125000000,119814.5078125000,132890.9531250000,152316.9843750000,,,
34.2279999447,267,175376.8281250000,211281.0937500000,165128.5625000000,164195.0937500000,131475.9687500000,119759.2812500000,132839.7187500000,153826.7500000000,,,
34.2319999447,267,175663.3593750000,209460.5468750000,165536.8906250000,164807.3906250000,132073.0156250000,120316.4843750000,133455.5781250000,152406.2968750000,,,
34.2359999446,267,175932.7187500000,194407.0937500000,165902.9062500000,165408.2656250000,132629.0312500000,120851.7187500000,134054.8906250000,149674.0937500000,,,
34.2399999446,267,175792.5625000000,185393.0468750000,165677.7968750000,165117.7187500000,132317.8906250000,120572.2578125000,133759.6562500000,149279.9218750000,,,
34.2439999448,267,175410.4062500000,197744.7343750000,165111.3437500000,164244.5781250000,131465.9218750000,119777.6562500000,132855.2968750000,152352.7656250000,,,
34.2479999447,267,175350.4843750000,211799.7500000000,165077.3593750000,164154.5937500000,131410.3125000000,119706.0156250000,132766.9218750000,154008.4062500000,,,
34.2519999447,267,175671.1406250000,209916.8750000000,165555.2500000000,164840.4375000000,132084.1093750000,120334.4296875000,133476.5625000000,152444.8437500000,,,
34.2559999446,267,175953.7187500000,193921.2656250000,165957.7968750000,165474.4062500000,132688.4687500000,120915.2343750000,134132.1875000000,149482.4218750000,,,
34.2599999446,267,175792.2500000000,184364.5625000000,165690.2343750000,165142.3906250000,132337.0000000000,120608.1171875000,133776.9687500000,149099.8281250000,,,
34.2639999448,267,175392.8437500000,197217.2187500000,165079.4218750000,164204.3437500000,131433.1093750000,119747.8828125000,132813.8281250000,152379.2343750000,,,
34.2679999447,267,175346.2187500000,211826.8437500000,165063.3281250000,164123.2343750000,131392.1562500000,119678.4921875000,132746.6718750000,154104.4843750000,,,
34.2719999447,267,175684.2656250000,209973.3281250000,165570.6406250000,164850.9687500000,132095.9687500000,120340.7343750000,133486.2343750000,152479.7187500000,,,
34.2759999447,267,175972.1718750000,193813.4531250000,165980.5156250000,165509.0000000000,132708.4531250000,120938.8906250000,134153.7031250000,149473.0625000000,,,
34.2799999446,267,175800.1562500000,184186.6718750000,165699.4687500000,165170.8281250000,132344.6093750000,120606.1875000000,133792.6250000000,149088.8125000000,,,
34.2839999446,267,175391.0156250000,197063.3437500000,165074.9062500000,164216.4218750000,131427.0000000000,119740.6640625000,132817.5625000000,152375.0000000000,,,
34.2879999448,267,175327.3906250000,211807.2031250000,165036.1250000000,164111.1406250000,131363.0781250000,119675.7265625000,132726.8281250000,154119.8125000000,,,
34.2919999447,267,175641.3437500000,210162.8281250000,165518.0156250000,164805.5468750000,132044.4375000000,120328.9843750000,133450.8593750000,152518.4687500000,,,
34.2959999447,267,175931.0156250000,194130.6718750000,165936.5156250000,165469.2812500000,132668.4062500000,120932.0468750000,134133.7968750000,149518.0781250000,,,
34.2999999446,267,175770.2187500000,184452.3437500000,165671.7343750000,165146.9843750000,132322.4218750000,120610.6171875000,133785.6250000000,149112.0937500000,,,
34.3039999446,268,175365.0000000000,197254.5625000000,165055.2031250000,164200.9218750000,131412.4687500000,119738.7109375000,132808.9531250000,152383.4843750000,,,
34.3079999445,268,175306.2343750000,212055.5312500000,165024.2500000000,164091.2656250000,131356.1406250000,119666.4765625000,132721.3750000000,154144.0000000000,,,
34.3119999445,268,175634.3750000000,210491.5625000000,165521.6562500000,164793.2031250000,132050.2031250000,120328.7109375000,133457.1875000000,152555.4375000000,,,
34.3159999445,268,175933.7656250000,194423.8125000000,165950.3906250000,165468.3906250000,132681.0156250000,120938.9687500000,134143.8437500000,149533.8750000000,,,
34.3199999444,268,175775.0781250000,184563.2812500000,165684.2343750000,165150.9843750000,132335.2031250000,120625.6328125000,133796.4687500000,149092.1718750000,,,
34.3239999444,268,175374.4843750000,197228.0625000000,165064.8593750000,164206.3125000000,131425.0156250000,119762.2031250000,132826.1250000000,152361.5312500000,,,
34.3279999446,268,175320.7343750000,212081.7656250000,165034.1406250000,164097.4375000000,131365.2500000000,119683.8828125000,132739.5937500000,154151.1875000000,,,
34.3319999445,268,175648.0000000000,210600.2187500000,165528.6875000000,164799.1093750000,132052.2968750000,120343.2500000000,133467.4062500000,152578.3125000000,,,
34.3359999445,268,175949.1250000000,194552.0781250000,165960.6093750000,165477.2656250000,132688.0468750000,120964.6640625000,134168.3437500000,149557.6093750000,,,
34.3399999444,268,175794.1562500000,184573.4218750000,165703.1718750000,165166.7812500000,132354.6718750000,120658.0078125000,133844.0781250000,149092.8281250000,,,
34.3439999444,268,175394.3906250000,197137.8593750000,165082.0781250000,164219.7968750000,131445.0781250000,119789.5078125000,132871.1562500000,152354.5156250000,,,
34.3479999446,268,175337.8750000000,212062.7656250000,165045.2187500000,164101.6250000000,131381.3750000000,119709.4453125000,132771.4531250000,154164.8437500000,,,
34.3519999445,268,175664.4062500000,210641.2500000000,165545.3125000000,164803.4531250000,132076.3125000000,120359.3984375000,133502.2187500000,152595.6718750000,,,
34.3559999445,268,175961.9531250000,194565.8593750000,165975.9531250000,165485.5312500000,132711.6718750000,120978.4531250000,134196.9218750000,149558.3593750000,,,
34.3599999445,268,175807.1093750000,184444.2187500000,165716.6250000000,165178.3437500000,132379.7187500000,120687.8046875000,133879.4843750000,149068.3125000000,,,
34.3639999444,268,175396.6250000000,196918.2656250000,165083.6250000000,164213.3281250000,131456.7656250000,119808.8203125000,132902.2343750000,152318.9375000000,,,
34.3679999444,268,175335.8593750000,211893.5000000000,165043.2656250000,164093.4375000000,131384.8906250000,119713.2812500000,132795.1875000000,154142.5156250000,,,
34.3719999446,268,175652.3125000000,210535.0156250000,165530.0312500000,164784.8125000000,132066.2968750000,120365.6250000000,133520.9531250000,152581.8593750000,,,
34.3759999445,268,175952.4218750000,194464.9218750000,165963.9531250000,165469.5468750000,132704.2968750000,120990.3906250000,134221.6250000000,149545.2656250000,,,
34.3799999445,268,175809.0937500000,184243.0000000000,165719.2031250000,165162.8906250000,132386.5000000000,120699.0468750000,133906.9687500000,149043.1562500000,,,
34.3839999444,268,175408.0781250000,196611.1562500000,165098.4062500000,164206.0937500000,131478.9218750000,119831.1406250000,132936.3906250000,152292.1406250000,,,
34.3879999444,268,175349.4062500000,211606.7187500000,165061.7187500000,164087.9375000000,131411.6562500000,119748.0156250000,132835.6406250000,154138.0937500000,,,
34.3919999446,268,175673.1875000000,210378.2343750000,165554.7812500000,164783.1406250000,132096.7812500000,120391.3984375000,133557.8281250000,152609.6718750000,,,
34.3959999445,268,175976.2500000000,194448.5937500000,165991.0156250000,165466.5468750000,132737.3593750000,121008.6562500000,134258.8750000000,149594.1875000000,,,
34.3999999445,268,175831.6406250000,184219.3437500000,165746.2968750000,165175.8437500000,132419.2343750000,120715.8671875000,133944.4062500000,149072.3125000000,,,
34.4039999445,268,175442.5312500000,196506.7812500000,165137.2187500000,164240.6406250000,131519.7968750000,119858.6562500000,132980.7812500000,152303.6875000000,,,
34.4079999444,268,175390.6875000000,211549.0468750000,165101.5468750000,164121.4687500000,131451.8437500000,119777.4375000000,132876.4687500000,154169.7500000000,,,
34.4119999444,268,175697.8906250000,210440.4062500000,165575.0937500000,164796.9218750000,132116.0000000000,120412.2343750000,133576.2343750000,152660.7343750000,,,
34.4159999446,268,175994.4531250000,194605.9062500000,166002.8437500000,165477.1093750000,132744.0937500000,121033.0859375000,134259.2500000000,149654.4843750000,,,
34.4199999445,268,175852.1718750000,184288.5937500000,165762.2812500000,165196.8125000000,132431.7031250000,120751.3515625000,133945.2968750000,149104.0937500000,,,
34.4239999445,268,175456.0312500000,196372.3593750000,165150.0468750000,164264.5937500000,131531.0156250000,119884.3828125000,132980.9375000000,152285.8125000000,,,
34.4279999444,268,175394.2031250000,211343.5156250000,165106.2343750000,164138.7187500000,131453.9843750000,119785.4609375000,132866.4062500000,154141.2343750000,,,
34.4319999444,269,175704.3750000000,210300.3750000000,165580.7812500000,164815.4375000000,132116.4375000000,120412.2656250000,133561.3750000000,152660.6093750000,,,
34.4359999443,269,175997.2656250000,194610.2031250000,166003.3593750000,165492.7968750000,132741.5000000000,121012.7343750000,134240.1875000000,149682.2812500000,,,
34.4399999443,269,175855.2968750000,184291.3593750000,165765.5781250000,165218.6562500000,132437.2031250000,120734.8281250000,133936.2656250000,149116.2500000000,,,
34.4439999443,269,175453.2968750000,196187.2343750000,165145.4062500000,164276.7968750000,131531.6093750000,119870.4296875000,132969.1406250000,152247.4062500000,,,
34.4479999442,269,175371.0625000000,211099.5156250000,165079.0781250000,164127.5625000000,131429.4062500000,119749.4140625000,132829.9843750000,154086.8437500000,,,
34.4519999442,269,175671.4062500000,210192.2968750000,165540.5937500000,164779.6093750000,132075.8593750000,120367.2578125000,133506.8125000000,152639.1250000000,,,
34.4559999444,269,175964.7968750000,194638.0937500000,165963.9375000000,165444.8906250000,132699.8437500000,120972.7656250000,134186.0781250000,149674.2031250000,,,
34.4599999443,269,175826.1250000000,184196.0156250000,165734.7343750000,165190.7343750000,132402.7656250000,120702.7187500000,133887.2812500000,149061.1562500000,,,
34.4639999443,269,175419.5312500000,195816.2812500000,165117.9843750000,164267.6562500000,131501.5156250000,119847.8515625000,132921.5312500000,152135.2187500000,,,
34.4679999442,269,175335.7656250000,210611.2343750000,165052.0625000000,164112.7187500000,131400.6562500000,119725.8046875000,132794.5312500000,153978.9375000000,,,
34.4719999442,269,175627.7500000000,209795.6093750000,165501.8125000000,164759.4843750000,132034.5937500000,120320.6640625000,133462.1562500000,152563.2968750000,,,
34.4759999444,269,175918.2343750000,194417.5937500000,165921.2343750000,165426.5468750000,132653.9218750000,120914.5390625000,134128.4062500000,149636.2031250000,,,
34.4799999443,269,175785.9218750000,184013.9687500000,165701.6406250000,165164.2343750000,132371.3593750000,120656.1875000000,133849.3281250000,149021.2500000000,,,
34.4839999443,269,175402.1718750000,195536.6093750000,165106.9062500000,164256.1718750000,131494.1093750000,119819.0156250000,132915.7812500000,152085.0468750000,,,
34.4879999442,269,175324.5781250000,210397.1406250000,165041.3593750000,164106.0000000000,131390.5000000000,119696.3046875000,132774.4843750000,153956.2187500000,,,
34.4919999442,269,175615.7343750000,209738.2343750000,165489.4531250000,164733.9843750000,132020.2031250000,120296.3906250000,133434.9062500000,152569.5156250000,,,
34.4959999442,269,175910.8281250000,194398.5937500000,165913.3750000000,165400.0781250000,132643.2812500000,120909.5468750000,134113.8750000000,149635.8437500000,,,
34.4999999444,269,175796.1093750000,183847.8281250000,165710.1406250000,165169.5625000000,132375.4843750000,120670.7500000000,133852.0937500000,148997.8906250000,,,
34.5039999443,269,175411.3125000000,195287.7500000000,165109.6406250000,164266.6875000000,131491.0000000000,119835.1093750000,132905.9687500000,152071.5156250000,,,
34.5079999443,269,175325.6718750000,210236.2187500000,165035.8125000000,164101.4375000000,131382.0468750000,119706.5234375000,132759.2031250000,153968.8281250000,,,
34.5119999442,269,175629.5625000000,209594.6250000000,165500.7968750000,164758.3125000000,132030.3906250000,120311.1171875000,133442.1718750000,152579.3281250000,,,
34.5159999442,269,175928.1718750000,194176.2187500000,165929.8125000000,165427.6250000000,132661.8281250000,120926.5000000000,134128.8906250000,149619.6250000000,,,
34.5199999444,269,175801.0937500000,183459.1250000000,165713.8437500000,165170.2187500000,132386.7812500000,120682.1484375000,133867.3281250000,148949.4687500000,,,
34.5239999443,269,175412.6250000000,194833.6250000000,165107.4218750000,164251.7500000000,131497.1406250000,119842.2968750000,132922.1093750000,152027.8125000000,,,
34.5279999443,269,175335.9218750000,209906.3281250000,165039.9843750000,164090.7031250000,131389.4687500000,119713.0937500000,132781.4062500000,153963.7500000000,,,
34.5319999442,269,175631.7343750000,209442.6562500000,165494.2187500000,164727.7031250000,132027.7656250000,120319.0312500000,133460.3281250000,152601.0000000000,,,
34.5359999442,269,175938.5312500000,194095.6093750000,165934.8593750000,165415.8281250000,132673.1250000000,120955.5468750000,134164.8593750000,149643.7812500000,,,
34.5399999442,269,175821.8593750000,183299.2187500000,165731.2500000000,165186.6250000000,132412.1250000000,120729.1718750000,133916.0937500000,148953.5000000000,,,
34.5439999443,269,175436.2343750000,194660.4843750000,165127.0781250000,164259.8125000000,131523.3125000000,119875.1015625000,132970.4843750000,152040.3437500000,,,
34.5479999443,269,175359.0937500000,209874.8593750000,165056.6406250000,164093.1250000000,131412.0937500000,119749.7031250000,132816.3593750000,154001.6250000000,,,
34.5519999443,269,175665.4375000000,209421.9218750000,165528.6406250000,164755.4062500000,132068.4687500000,120355.5390625000,133515.3750000000,152625.5781250000,,,
34.5559999442,269,175969.0625000000,193964.0000000000,165973.2656250000,165440.7968750000,132714.2500000000,120995.7812500000,134223.5468750000,149643.9531250000,,,
34.5599999442,270,175850.0000000000,182988.4843750000,165770.1093750000,165208.9218750000,132451.6093750000,120764.3593750000,133971.3906250000,148925.3593750000,,,
34.5639999441,270,175465.1250000000,194072.8906250000,165171.6562500000,164304.0781250000,131568.1875000000,119921.6875000000,133037.1562500000,151960.5468750000,,,
34.5679999441,270,175384.5156250000,208990.1875000000,165105.8125000000,164153.5781250000,131460.1718750000,119798.7656250000,132896.0781250000,153868.9062500000,,,
34.5719999440,270,175676.4218750000,208299.3906250000,165559.2968750000,164800.2500000000,132096.6875000000,120407.1953125000,133569.3281250000,152475.0937500000,,,
34.5759999440,270,175970.2968750000,192840.5625000000,165983.5312500000,165477.1875000000,132722.5000000000,121016.6171875000,134246.1406250000,149538.8281250000,,,
34.5799999440,270,175843.9375000000,181945.2812500000,165771.7812500000,165233.0625000000,132455.3593750000,120772.5390625000,133986.1250000000,148846.9531250000,,,
34.5839999442,270,175458.8125000000,193058.4062500000,165174.0468750000,164310.2187500000,131574.5156250000,119928.6640625000,133054.3437500000,151875.3906250000,,,
34.5879999441,270,175378.4375000000,208146.9843750000,165102.6406250000,164143.7343750000,131461.6250000000,119801.4453125000,132907.9843750000,153824.9843750000,,,
34.5919999441,270,175664.9531250000,207804.2031250000,165544.8125000000,164775.5312500000,132085.2656250000,120395.1562500000,133558.6875000000,152502.0781250000,,,
34.5959999440,270,175952.3750000000,192685.3593750000,165958.9218750000,165448.8125000000,132698.4687500000,120975.1250000000,134218.5156250000,149597.3906250000,,,
34.5999999440,270,175838.4375000000,181964.4687500000,165756.7343750000,165223.4062500000,132438.8906250000,120754.2187500000,133968.6406250000,148916.1562500000,,,
34.6039999442,270,175462.0312500000,193145.4687500000,165168.3906250000,164308.8281250000,131565.6093750000,119922.3359375000,133041.8437500000,151943.4062500000,,,
34.6079999441,270,175377.6562500000,208496.3906250000,165088.5468750000,164127.8593750000,131439.0468750000,119774.9687500000,132870.8281250000,153941.3281250000,,,
34.6119999441,270,175668.2968750000,208671.0156250000,165529.6875000000,164750.9843750000,132057.0468750000,120350.5468750000,133507.7187500000,152713.6250000000,,,
34.6159999440,270,175968.1093750000,194090.9531250000,165956.6093750000,165419.8125000000,132686.5937500000,120955.5703125000,134181.1406250000,149878.6718750000,,,
34.6199999440,270,175853.7812500000,183605.7812500000,165759.3281250000,165197.9531250000,132437.2031250000,120725.0937500000,133938.7812500000,149174.4531250000,,,
34.6239999440,270,175471.5312500000,194936.1093750000,165162.3750000000,164284.4062500000,131554.9375000000,119888.2656250000,133003.0156250000,152186.5781250000,,,
34.6279999441,270,175393.0312500000,210524.8125000000,165087.7343750000,164110.5312500000,131431.2968750000,119748.6093750000,132834.8906250000,154192.7343750000,,,
34.6319999441,270,175673.0156250000,210723.1718750000,165525.2031250000,164736.2343750000,132047.5781250000,120316.6718750000,133477.1718750000,152894.6250000000,,,
34.6359999441,270,175964.7656250000,195805.3281250000,165957.2500000000,165419.8750000000,132685.5937500000,120924.6718750000,134169.5312500000,149936.3906250000,,,
34.6399999440,270,175851.9218750000,184798.7500000000,165767.3593750000,165211.2968750000,132443.9843750000,120707.1718750000,133933.9843750000,149144.2812500000,,,
34.6439999440,270,175462.6562500000,195851.9531250000,165154.8750000000,164286.3125000000,131543.1718750000,119857.0468750000,132969.9687500000,152167.4843750000,,,
34.6479999442,270,175376.7500000000,211373.0468750000,165069.9218750000,164106.9843750000,131408.7031250000,119709.9531250000,132786.8750000000,154184.7656250000,,,
34.6519999441,270,175666.5625000000,211344.2812500000,165523.7812500000,164751.4687500000,132044.5312500000,120302.5859375000,133452.6562500000,152847.0937500000,,,
34.6559999441,270,175970.4218750000,196088.3906250000,165968.4687500000,165453.9375000000,132697.9843750000,120932.0000000000,134162.5625000000,149845.3750000000,,,
34.6599999440,270,175864.0000000000,184751.5156250000,165780.4218750000,165245.9843750000,132461.5781250000,120727.0781250000,133934.3593750000,149043.4843750000,,,
34.6639999440,270,175463.0312500000,195589.4375000000,165152.7031250000,164304.0468750000,131544.0781250000,119860.9921875000,132955.5312500000,152083.5781250000,,,
34.6679999440,270,175363.8906250000,211167.1562500000,165054.4531250000,164103.6875000000,131392.0156250000,119678.3593750000,132758.2656250000,154139.8125000000,,,
34.6719999441,270,175647.7812500000,211290.3750000000,165501.5000000000,164730.8906250000,132018.8593750000,120267.9062500000,133409.4687500000,152824.1406250000,,,
34.6759999441,270,175957.7968750000,196068.1406250000,165949.9062500000,165439.5000000000,132676.2656250000,120908.7656250000,134122.2968750000,149812.5312500000,,,
34.6799999441,270,175850.4218750000,184631.0312500000,165763.0312500000,165237.3281250000,132444.2343750000,120701.2734375000,133899.8125000000,148989.9687500000,,,
34.6839999440,270,175442.7031250000,195495.8906250000,165128.9531250000,164275.0312500000,131518.4375000000,119824.0000000000,132913.4062500000,152067.8281250000,,,
34.6879999440,271,175328.8125000000,211259.6406250000,165013.9687500000,164051.3750000000,131343.6406250000,119637.3984375000,132695.5781250000,154151.3750000000,,,
34.6919999439,271,175608.4375000000,211434.4843750000,165460.4843750000,164687.5156250000,131968.0468750000,120229.6640625000,133353.7031250000,152806.5625000000,,,
34.6959999439,271,175922.8906250000,196033.3750000000,165924.8593750000,165406.9687500000,132647.7812500000,120896.6484375000,134093.5781250000,149737.3906250000,,,
34.6999999438,271,175832.0781250000,184202.6406250000,165759.1406250000,165222.6250000000,132442.4843750000,120723.6718750000,133894.7187500000,148866.2656250000,,,
34.7039999438,271,175442.1406250000,194656.2187500000,165144.1718750000,164286.4218750000,131535.1718750000,119853.6406250000,132926.7343750000,151912.4843750000,,,
34.7079999438,271,175337.5312500000,210148.1875000000,165040.7500000000,164074.5781250000,131371.1250000000,119664.3046875000,132720.9218750000,153988.3437500000,,,
34.7119999439,271,175633.2968750000,210214.3750000000,165501.5000000000,164722.8125000000,132013.8125000000,120275.1796875000,133395.9062500000,152679.6406250000,,,
34.7159999439,271,175952.8593750000,194797.8906250000,165966.4218750000,165443.5000000000,132697.8593750000,120933.6093750000,134137.2343750000,149637.2187500000,,,
34.7199999439,271,175857.2656250000,182837.1250000000,165797.6562500000,165256.1562500000,132490.6093750000,120746.4140625000,133940.5000000000,148735.7500000000,,,
34.7239999438,271,175463.7343750000,192939.1562500000,165186.5000000000,164346.4531250000,131584.7187500000,119885.5859375000,132974.5781250000,151710.8281250000,,,
34.7279999438,271,175362.4218750000,208177.3750000000,165085.2343750000,164149.1718750000,131421.0937500000,119713.8750000000,132768.7187500000,153780.4218750000,,,
34.7319999440,271,175640.2500000000,208338.7656250000,165516.7031250000,164747.7187500000,132032.0000000000,120285.5000000000,133411.6718750000,152531.5156250000,,,
34.7359999439,271,175945.5000000000,193354.7656250000,165950.7656250000,165446.7968750000,132679.0781250000,120905.6015625000,134112.2656250000,149593.9531250000,,,
34.7399999439,271,175840.9531250000,181813.1406250000,165765.0781250000,165267.3125000000,132449.5312500000,120706.1015625000,133893.3750000000,148743.5000000000,,,
34.7439999438,271,175438.1093750000,192099.0000000000,165152.6406250000,164341.7343750000,131541.8750000000,119847.0468750000,132941.2343750000,151693.3750000000,,,
34.7479999438,271,175314.6562500000,207566.5000000000,165028.2968750000,164103.6093750000,131353.5937500000,119658.8359375000,132714.3593750000,153767.8750000000,,,
34.7519999437,271,175592.2812500000,208146.6406250000,165453.1093750000,164708.5781250000,131953.8906250000,120212.1953125000,133334.0781250000,152584.9687500000,,,
34.7559999439,271,175896.9843750000,193655.2968750000,165884.5156250000,165395.1718750000,132598.0312500000,120831.0390625000,134027.2187500000,149703.7343750000,,,
34.7599999439,271,175805.6093750000,182405.4687500000,165719.2656250000,165215.1718750000,132391.7343750000,120654.8203125000,133827.3281250000,148860.4531250000,,,
34.7639999439,271,175412.9531250000,192868.3125000000,165118.2343750000,164293.0000000000,131498.1093750000,119801.3671875000,132882.7187500000,151812.1093750000,,,
34.7679999438,271,175291.9531250000,208676.5312500000,164996.8593750000,164054.2500000000,131312.8906250000,119594.0312500000,132660.2500000000,153928.4062500000,,,
34.7719999438,271,175563.9687500000,209600.2031250000,165416.3125000000,164658.6406250000,131908.7187500000,120155.0156250000,133274.5000000000,152764.9062500000,,,
34.7759999440,271,175886.5000000000,195207.7656250000,165869.7343750000,165359.7656250000,132577.9062500000,120805.9843750000,133995.4218750000,149855.3281250000,,,
34.7799999439,271,175793.1093750000,183824.9531250000,165703.6250000000,165179.4062500000,132374.1093750000,120627.5390625000,133801.9843750000,148955.9062500000,,,
34.7839999439,271,175398.2031250000,194269.0156250000,165090.6093750000,164253.6406250000,131468.1718750000,119769.8203125000,132836.5312500000,151922.2187500000,,,
34.7879999438,271,175272.6250000000,210366.1718750000,164956.2500000000,163996.5312500000,131266.1718750000,119527.3750000000,132592.2343750000,154098.5937500000,,,
34.7919999438,271,175550.0625000000,211490.5468750000,165390.3437500000,164603.6718750000,131877.2031250000,120104.1875000000,133236.6562500000,152935.5000000000,,,
34.7959999437,271,175890.7812500000,196657.9218750000,165884.4843750000,165363.6250000000,132589.0156250000,120811.3515625000,134004.5781250000,149881.5312500000,,,
34.7999999439,271,175809.9531250000,184478.6875000000,165737.4687500000,165207.8125000000,132411.6718750000,120654.1718750000,133841.5000000000,148861.0312500000,,,
34.8039999439,271,175396.1406250000,194667.4375000000,165090.4218750000,164251.0468750000,131472.1718750000,119752.1718750000,132843.6406250000,151878.2812500000,,,
34.8079999438,271,175274.5781250000,210876.1875000000,164957.2968750000,163997.8750000000,131270.0937500000,119533.0390625000,132594.5625000000,154121.8906250000,,,
34.8119999438,271,175567.3906250000,211809.7812500000,165415.9843750000,164641.8750000000,131907.0312500000,120145.5156250000,133261.8437500000,152913.0000000000,,,
34.8159999438,272,175906.8750000000,196792.9218750000,165909.3750000000,165393.1875000000,132618.4375000000,120827.8437500000,134035.2031250000,149852.6250000000,,,
34.8199999437,272,175826.9843750000,184618.0312500000,165755.0468750000,165245.6875000000,132430.3125000000,120666.1328125000,133852.5156250000,148874.3750000000,,,
34.8239999437,272,175419.6562500000,194796.0781250000,165110.7968750000,164289.7031250000,131491.5000000000,119777.9765625000,132845.2187500000,151909.2812500000,,,
34.8279999436,272,175300.1875000000,211070.4531250000,164982.3750000000,164033.8125000000,131293.1562500000,119556.1015625000,132606.6406250000,154170.5781250000,,,
34.8319999436,272,175601.3750000000,212058.3125000000,165454.7343750000,164678.8906250000,131942.2500000000,120151.9531250000,133293.5000000000,152963.8281250000,,,
34.8359999435,272,175953.5000000000,196921.8125000000,165963.1562500000,165463.3750000000,132668.8125000000,120870.7343750000,134085.1718750000,149873.2812500000,,,
34.8399999437,272,175878.5781250000,184379.3125000000,165817.3750000000,165326.0156250000,132495.4062500000,120713.8515625000,133923.6562500000,148825.3437500000,,,
34.8439999437,272,175471.1875000000,194216.3125000000,165171.0937500000,164361.5468750000,131557.2500000000,119803.5625000000,132917.3437500000,151819.0625000000,,,
34.8479999437,272,175354.1875000000,210277.5937500000,165045.7031250000,164100.6875000000,131362.5781250000,119606.5000000000,132677.6562500000,154068.8125000000,,,
34.8519999436,272,175640.3281250000,211037.5468750000,165504.2500000000,164725.9062500000,131998.0156250000,120195.0625000000,133349.6093750000,152837.3281250000,,,
34.8559999436,272,175969.4375000000,195731.9843750000,165987.7031250000,165473.7656250000,132703.3593750000,120883.3671875000,134124.1718750000,149729.4375000000,,,
34.8599999438,272,175895.5937500000,183018.7812500000,165842.2343750000,165334.1718750000,132531.5937500000,120748.5312500000,133961.8281250000,148677.3281250000,,,
34.8639999437,272,175494.1718750000,192544.5468750000,165208.4687500000,164390.5781250000,131605.0156250000,119873.3281250000,132970.9062500000,151632.5625000000,,,
34.8679999437,272,175376.2031250000,208261.4843750000,165087.5156250000,164128.5000000000,131413.5937500000,119668.8359375000,132742.5468750000,153830.3437500000,,,
34.8719999436,272,175654.8281250000,208747.3906250000,165534.9375000000,164755.4687500000,132035.2656250000,120254.2265625000,133400.2187500000,152578.6875000000,,,
34.8759999436,272,175977.2031250000,193352.3750000000,166005.3125000000,165503.1093750000,132724.7343750000,120934.9218750000,134148.5312500000,149503.8906250000,,,
34.8799999435,272,175894.4843750000,180599.8437500000,165851.7812500000,165354.6093750000,132544.9687500000,120780.5859375000,133979.2812500000,148471.3125000000,,,
34.8839999437,272,175491.2968750000,190025.5000000000,165217.0156250000,164402.2500000000,131617.3750000000,119898.5703125000,133000.5937500000,151412.6718750000,,,
34.8879999437,272,175355.5000000000,205983.0937500000,165067.7031250000,164122.7031250000,131392.7187500000,119670.5781250000,132731.5156250000,153686.3281250000,,,
34.8919999436,272,175619.8906250000,207280.0468750000,165485.1562500000,164712.6562500000,131982.4375000000,120200.5546875000,133347.9687500000,152621.5156250000,,,
34.8959999436,272,175927.7500000000,193027.7500000000,165924.1250000000,165417.7031250000,132637.7812500000,120841.5546875000,134049.0781250000,149729.2656250000,,,
34.8999999436,272,175835.2656250000,181134.4218750000,165762.2343750000,165259.9375000000,132446.7812500000,120683.3281250000,133867.2500000000,148729.0781250000,,,
34.9039999438,272,175440.3593750000,190806.9375000000,165153.0468750000,164336.0781250000,131548.4218750000,119822.3671875000,132923.9687500000,151565.8593750000,,,
34.9079999437,272,175322.5937500000,206806.4687500000,165027.0937500000,164089.1718750000,131347.6875000000,119615.8359375000,132685.4375000000,153784.1875000000,,,
34.9119999437,272,175586.5937500000,208238.1250000000,165436.9062500000,164675.7812500000,131925.3750000000,120153.3750000000,133288.0000000000,152728.3750000000,,,
34.9159999436,272,175901.2812500000,194175.0937500000,165881.4843750000,165368.0312500000,132586.5156250000,120790.1875000000,133999.5312500000,149857.7968750000,,,
34.9199999436,272,175836.2343750000,182250.8906250000,165754.8281250000,165244.3750000000,132436.5781250000,120662.4062500000,133866.2343750000,148840.9218750000,,,
34.9239999435,272,175452.5468750000,191698.9843750000,165166.2500000000,164354.0937500000,131558.6406250000,119819.1718750000,132940.1875000000,151628.6250000000,,,
34.9279999437,272,175321.2968750000,207595.3281250000,165026.7968750000,164089.7968750000,131343.7968750000,119607.7890625000,132681.2031250000,153826.2656250000,,,
34.9319999437,272,175596.6093750000,209121.5156250000,165445.1875000000,164676.3593750000,131932.8125000000,120157.5078125000,133292.4531250000,152818.2968750000,,,
34.9359999436,272,175930.5156250000,195216.1093750000,165911.7968750000,165402.8437500000,132617.0468750000,120802.5000000000,134029.7812500000,149994.7031250000,,,
34.9399999436,272,175853.4531250000,183328.4531250000,165771.4375000000,165283.9062500000,132456.5937500000,120665.0390625000,133883.1250000000,148963.6875000000,,,
34.9439999436,273,175453.5156250000,192784.2812500000,165163.0312500000,164364.9375000000,131559.2343750000,119812.2812500000,132938.1250000000,151742.7031250000,,,
34.9479999435,273,175323.5000000000,208860.7812500000,165020.8750000000,164090.9375000000,131336.0937500000,119589.2265625000,132683.2343750000,153981.7031250000,,,
34.9519999435,273,175582.5000000000,210617.8125000000,165425.2656250000,164656.0000000000,131908.3437500000,120123.7109375000,133263.4062500000,152982.6093750000,,,
34.9559999434,273,175913.2187500000,196814.1093750000,165888.5156250000,165365.7968750000,132591.2187500000,120795.7109375000,133986.2812500000,150143.2656250000,,,
34.9599999434,273,175849.9687500000,184815.5781250000,165759.5468750000,165262.2656250000,132443.7656250000,120639.1015625000,133880.5312500000,149071.4375000000,,,
34.9639999433,273,175467.3281250000,194221.4062500000,165165.2031250000,164356.6406250000,131554.4531250000,119809.1406250000,132930.8125000000,151879.1875000000,,,
34.9679999435,273,175347.2343750000,210575.7031250000,165023.8125000000,164079.9531250000,131329.8437500000,119578.8750000000,132654.4531250000,154203.1093750000,,,
34.9719999435,273,175607.3281250000,212585.6718750000,165430.6562500000,164651.9062500000,131907.3906250000,120112.7421875000,133252.3750000000,153223.0312500000,,,
34.9759999434,273,175939.0625000000,198609.1875000000,165908.6250000000,165398.5468750000,132612.5312500000,120795.2031250000,134014.0156250000,150281.2187500000,,,
34.9799999434,273,175881.2187500000,186150.0468750000,165788.4687500000,165300.3281250000,132477.3281250000,120695.9609375000,133893.2343750000,149133.1562500000,,,
34.9839999434,273,175478.0781250000,195339.8593750000,165167.5312500000,164350.0468750000,131562.0000000000,119822.8750000000,132930.2656250000,151946.4687500000,,,
34.9879999436,273,175339.3281250000,211548.6718750000,165023.4218750000,164062.9375000000,131331.3281250000,119586.6796875000,132659.8281250000,154227.4687500000,,,
34.9919999435,273,175609.1875000000,213025.7656250000,165454.2031250000,164665.6875000000,131937.0156250000,120162.1484375000,133291.3750000000,153123.9062500000,,,
34.9959999435,273,175955.1875000000,198281.2031250000,165949.0156250000,165433.5000000000,132666.8437500000,120865.3203125000,134081.2031250000,150069.0000000000,,,
34.9999999434,273,175895.4843750000,185117.9062500000,165827.0781250000,165348.7968750000,132532.3437500000,120764.6562500000,133965.0937500000,148864.9843750000,,,
35.0039999434,273,175494.0312500000,193823.2656250000,165202.0781250000,164405.0312500000,131610.4687500000,119894.5468750000,132996.1250000000,151694.2812500000,,,
35.0079999433,273,175354.3750000000,209810.2968750000,165051.4375000000,164109.9687500000,131368.7187500000,119634.4218750000,132697.2968750000,154011.3593750000,,,
35.0119999435,273,175622.3750000000,211207.8750000000,165476.4687500000,164709.7500000000,131967.4687500000,120197.6875000000,133317.4218750000,152938.1250000000,,,
35.0159999435,273,175956.5781250000,196571.7187500000,165953.5312500000,165462.4375000000,132676.1250000000,120863.6015625000,134081.5312500000,149923.7812500000,,,
35.0199999434,273,175894.8125000000,183543.2343750000,165833.0468750000,165368.9062500000,132542.9375000000,120742.7109375000,133957.7500000000,148751.1718750000,,,
35.0239999434,273,175491.2187500000,192125.0000000000,165214.1406250000,164430.9218750000,131625.1093750000,119906.9921875000,132996.0312500000,151537.2656250000,,,
35.0279999434,273,175347.5312500000,208020.2812500000,165057.2343750000,164126.7031250000,131376.3281250000,119671.6796875000,132712.5000000000,153838.6875000000,,,
35.0319999435,273,175614.5468750000,209652.0000000000,165469.5000000000,164712.8906250000,131954.7500000000,120182.9609375000,133301.6562500000,152833.3437500000,,,
35.0359999435,273,175946.4375000000,195586.3906250000,165932.5781250000,165455.6875000000,132644.3125000000,120849.2500000000,134039.9843750000,149944.5468750000,,,
35.0399999435,273,175885.9062500000,182904.4218750000,165821.4531250000,165367.3593750000,132521.8750000000,120732.8125000000,133929.6406250000,148763.7343750000,,,
35.0439999434,273,175499.7968750000,191068.9531250000,165243.8437500000,164481.8750000000,131646.9687500000,119919.4062500000,132991.5312500000,151382.0156250000,,,
35.0479999434,273,175352.9531250000,206304.7031250000,165082.9843750000,164201.8750000000,131398.4375000000,119687.0781250000,132725.4062500000,153553.7500000000,,,
35.0519999433,273,175596.2500000000,207576.1250000000,165470.0312500000,164725.6406250000,131957.0000000000,120207.0234375000,133302.4843750000,152541.5625000000,,,
35.0559999435,273,175913.5312500000,193549.0000000000,165911.5156250000,165421.1093750000,132626.8593750000,120865.4765625000,134018.4375000000,149717.6875000000,,,
35.0599999435,273,175858.5000000000,180930.8750000000,165799.9375000000,165338.5000000000,132503.1875000000,120764.4375000000,133904.6406250000,148577.8437500000,,,
35.0639999434,273,175459.8906250000,189108.4218750000,165201.2656250000,164430.7812500000,131609.0156250000,119921.4218750000,132956.7968750000,151206.1250000000,,,
35.0679999434,273,175284.6406250000,204834.2968750000,165005.7343750000,164092.9062500000,131318.9062500000,119642.8437500000,132616.0000000000,153496.7812500000,,,
35.0719999433,274,175509.9218750000,207262.9062500000,165351.0937500000,164596.4375000000,131824.9375000000,120115.1796875000,133135.1718750000,152709.0468750000,,,
35.0759999433,274,175823.0937500000,194466.3750000000,165784.9531250000,165290.9062500000,132477.1093750000,120722.8359375000,133830.6562500000,150018.1406250000,,,
35.0799999433,274,175788.9687500000,182520.8125000000,165704.0312500000,165232.4062500000,132387.3125000000,120659.4062500000,133752.7500000000,148870.8750000000,,,
35.0839999432,274,175428.0468750000,190760.9843750000,165154.8750000000,164370.5937500000,131549.3281250000,119878.0781250000,132878.9062500000,151412.6250000000,,,
35.0879999432,274,175290.6250000000,206261.1718750000,165005.2343750000,164091.1093750000,131311.1562500000,119647.2734375000,132600.1718750000,153616.8593750000,,,
35.0919999431,274,175533.2812500000,208286.7031250000,165375.7187500000,164642.1718750000,131844.0312500000,120142.0312500000,133138.2500000000,152731.8125000000,,,
35.0959999433,274,175843.1875000000,195008.1875000000,165811.2656250000,165333.4218750000,132501.8437500000,120763.8203125000,133840.6718750000,149969.1093750000,,,
35.0999999433,274,175774.6562500000,182540.3125000000,165695.3593750000,165237.7031250000,132379.6093750000,120661.8437500000,133734.2031250000,148741.3593750000,,,
35.1039999432,274,175379.4531250000,190335.9843750000,165107.3906250000,164358.2343750000,131505.1875000000,119852.4609375000,132823.0156250000,151217.5781250000,,,
35.1079999432,274,175223.4531250000,205766.2031250000,164932.7031250000,164038.3281250000,131238.8437500000,119580.6484375000,132520.5937500000,153458.0000000000,,,
35.1119999432,274,175447.0156250000,208089.2656250000,165280.2031250000,164535.1718750000,131744.7812500000,120042.2265625000,133042.5468750000,152665.5625000000,,,
35.1159999433,274,175758.0156250000,195327.5312500000,165712.0468750000,165224.0156250000,132391.3593750000,120662.8906250000,133728.0937500000,150016.8906250000,,,
35.1199999433,274,175720.0468750000,183376.1406250000,165618.0000000000,165146.3906250000,132287.6093750000,120580.3593750000,133633.6250000000,148910.8125000000,,,
35.1239999433,274,175346.7812500000,192181.6718750000,165027.5937500000,164249.0156250000,131409.2187500000,119749.5703125000,132706.0312500000,151621.3281250000,,,
35.1279999432,274,175194.9687500000,209152.0156250000,164844.2187500000,163922.7968750000,131130.2968750000,119457.0781250000,132380.7343750000,154092.7343750000,,,
35.1319999432,274,175455.9531250000,212031.9843750000,165262.1562500000,164503.2343750000,131713.5937500000,120009.2343750000,132991.7187500000,153195.7500000000,,,
35.1359999431,274,175801.3437500000,198666.4687500000,165759.8906250000,165258.7187500000,132438.2187500000,120698.9921875000,133767.6875000000,150284.9687500000,,,
35.1399999433,274,175783.0937500000,185524.0781250000,165706.1718750000,165232.5156250000,132386.7500000000,120671.8750000000,133742.7187500000,148926.6718750000,,,
35.1439999433,274,175420.8125000000,192960.6406250000,165140.9531250000,164365.6093750000,131543.8906250000,119885.2656250000,132857.8437500000,151427.1875000000,,,
35.1479999432,274,175291.9062500000,208279.3281250000,164999.6250000000,164077.4062500000,131314.0000000000,119644.6406250000,132591.6875000000,153659.4843750000,,,
35.1519999432,274,175556.0468750000,209541.3593750000,165424.1875000000,164664.6406250000,131904.1093750000,120203.1562500000,133212.5000000000,152616.6406250000,,,
35.1559999431,274,175888.7187500000,194761.8281250000,165909.4218750000,165416.3906250000,132612.6718750000,120887.8203125000,133984.4843750000,149626.1093750000,,,
35.1599999433,274,175844.6875000000,181054.2812500000,165805.7343750000,165341.3906250000,132503.5781250000,120802.8984375000,133889.6718750000,148387.8750000000,,,
35.1639999433,274,175455.4687500000,188530.8281250000,165193.9531250000,164431.9687500000,131608.2656250000,119967.5546875000,132944.2500000000,151015.2031250000,,,
35.1679999433,274,175302.5000000000,204245.7343750000,165012.5000000000,164108.6718750000,131331.7812500000,119699.4687500000,132623.1875000000,153386.3593750000,,,
35.1719999432,274,175528.9531250000,206618.9843750000,165371.6718750000,164627.4375000000,131844.6250000000,120166.4375000000,133153.0625000000,152605.4843750000,,,
35.1759999432,274,175850.3750000000,193563.9531250000,165822.5468750000,165338.9218750000,132507.3906250000,120803.6562500000,133861.1875000000,149924.5000000000,,,
35.1799999431,274,175824.4843750000,180878.5781250000,165751.4218750000,165306.4687500000,132432.8593750000,120753.6015625000,133796.6250000000,148700.9843750000,,,
35.1839999433,274,175473.9218750000,188350.8906250000,165207.3593750000,164477.9843750000,131614.7812500000,119988.2343750000,132942.2656250000,151139.0625000000,,,
35.1879999433,274,175332.8125000000,203860.3125000000,165045.3281250000,164178.2500000000,131364.0937500000,119730.5546875000,132658.0312500000,153409.8750000000,,,
35.1919999432,274,175565.2187500000,206419.4531250000,165399.6250000000,164684.8593750000,131874.1562500000,120195.0078125000,133185.3281250000,152701.6718750000,,,
35.1959999432,274,175883.7031250000,193887.4218750000,165834.7343750000,165377.2500000000,132519.2187500000,120806.3906250000,133859.3125000000,150135.8125000000,,,
35.1999999431,275,175879.7968750000,181639.3593750000,165790.6875000000,165366.6093750000,132472.9062500000,120771.1484375000,133826.6718750000,148950.9531250000,,,
35.2039999431,275,175526.5156250000,189048.3125000000,165258.3750000000,164537.9375000000,131669.5000000000,120024.4687500000,132992.6093750000,151285.5468750000,,,
35.2079999431,275,175353.6718750000,204429.0156250000,165066.5937500000,164188.6093750000,131387.8906250000,119741.0937500000,132671.7031250000,153479.5937500000,,,
35.2119999430,275,175555.5625000000,207080.1875000000,165383.1562500000,164650.5937500000,131857.2812500000,120156.1953125000,133150.6875000000,152780.6875000000,,,
35.2159999430,275,175848.1406250000,194858.2968750000,165780.9843750000,165306.9843750000,132462.5000000000,120729.7578125000,133787.6093750000,150257.6718750000,,,
35.2199999429,275,175822.4531250000,182888.7812500000,165718.0468750000,165270.6093750000,132399.2968750000,120677.0000000000,133744.3281250000,149065.2812500000,,,
35.2239999431,275,175488.2656250000,190230.5781250000,165219.2187500000,164470.3750000000,131631.6250000000,119961.9765625000,132953.2500000000,151356.2187500000,,,
35.2279999431,275,175354.9062500000,205608.2187500000,165065.7968750000,164169.6093750000,131385.7812500000,119716.2343750000,132668.3281250000,153580.1250000000,,,
35.2319999430,275,175573.4843750000,208468.4531250000,165386.7187500000,164642.8906250000,131855.1406250000,120142.6250000000,133137.6250000000,152943.5156250000,,,
35.2359999430,275,175877.5312500000,196552.6250000000,165794.0468750000,165299.4218750000,132468.1562500000,120713.6406250000,133782.8593750000,150474.0312500000,,,
35.2399999429,275,175863.7031250000,184736.7187500000,165748.2812500000,165274.8437500000,132424.2500000000,120677.8281250000,133756.6562500000,149279.0000000000,,,
35.2439999431,275,175525.4687500000,191922.0937500000,165250.2812500000,164487.9375000000,131659.5468750000,119969.3750000000,132972.5468750000,151514.4218750000,,,
35.2479999431,275,175374.6250000000,207232.1875000000,165079.9062500000,164169.7500000000,131396.4218750000,119716.0703125000,132670.4687500000,153720.9375000000,,,
35.2519999431,275,175581.3750000000,210204.2187500000,165388.4375000000,164618.3437500000,131855.0781250000,120141.2265625000,133131.8437500000,153099.5937500000,,,
35.2559999430,275,175871.6406250000,198403.2968750000,165780.9531250000,165247.1093750000,132458.6093750000,120714.0156250000,133770.1718750000,150620.0312500000,,,
35.2599999430,275,175845.2656250000,186447.9062500000,165721.5468750000,165226.6250000000,132403.4062500000,120679.1171875000,133735.7656250000,149373.4531250000,,,
35.2639999429,275,175495.8125000000,193457.4843750000,165209.9062500000,164431.6093750000,131623.9218750000,119962.2734375000,132929.0625000000,151588.6093750000,,,
35.2679999431,275,175334.0468750000,208821.1562500000,165026.5000000000,164095.9843750000,131342.4843750000,119679.3750000000,132605.5156250000,153813.1250000000,,,
35.2719999431,275,175537.0000000000,211929.3593750000,165334.0937500000,164557.2812500000,131798.7031250000,120095.0390625000,133067.9218750000,153196.7031250000,,,
35.2759999430,275,175831.3281250000,200079.5625000000,165740.4218750000,165226.9218750000,132417.6250000000,120684.4531250000,133726.3281250000,150672.0156250000,,,
35.2799999430,275,175814.0312500000,187857.6875000000,165690.7500000000,165233.0625000000,132377.3593750000,120658.6562500000,133706.6562500000,149387.0156250000,,,
35.2839999429,275,175460.0781250000,195094.4687500000,165151.8437500000,164415.2500000000,131567.2187500000,119903.2109375000,132861.3437500000,151746.1875000000,,,
35.2879999431,275,175274.3906250000,211849.7500000000,164909.0000000000,164000.2812500000,131214.1093750000,119544.1406250000,132449.2500000000,154314.4531250000,,,
35.2919999431,275,175478.3750000000,216473.1562500000,165224.3437500000,164445.2187500000,131675.7500000000,119961.8671875000,132914.3125000000,153841.0625000000,,,
35.2959999430,275,175835.0312500000,204098.6718750000,165754.8281250000,165242.9843750000,132436.0781250000,120692.9609375000,133740.6406250000,150932.4218750000,,,
35.2999999430,275,175838.2187500000,190411.1250000000,165741.9218750000,165282.6562500000,132445.4687500000,120720.6406250000,133780.8593750000,149354.4531250000,,,
35.3039999430,275,175460.5312500000,197355.4375000000,165147.2812500000,164388.9687500000,131572.7031250000,119894.3046875000,132861.2343750000,151839.6250000000,,,
35.3079999429,275,175295.1718750000,213872.2187500000,164945.4687500000,164012.7656250000,131257.5156250000,119568.6328125000,132495.4843750000,154344.8125000000,,,
35.3119999431,275,175554.5156250000,216757.8750000000,165362.1562500000,164577.5468750000,131829.8437500000,120093.7265625000,133088.9843750000,153492.8125000000,,,
35.3159999431,275,175925.2500000000,202797.9375000000,165901.4375000000,165397.4687500000,132604.0937500000,120844.9609375000,133926.3593750000,150465.2656250000,,,
35.3199999430,275,175906.6093750000,188266.5781250000,165847.2812500000,165394.5312500000,132569.8281250000,120837.7968750000,133915.5000000000,148943.0312500000,,,
35.3239999430,275,175501.3281250000,195072.6093750000,165204.0312500000,164439.7656250000,131641.8437500000,119960.4218750000,132936.0625000000,151566.4218750000,,,
35.3279999429,276,175321.2968750000,211979.0625000000,164973.2656250000,164031.8906250000,131291.0937500000,119610.0937500000,132532.9843750000,154227.1406250000,,,
35.3319999429,276,175561.8906250000,215354.1093750000,165366.5000000000,164577.3906250000,131836.8750000000,120121.3515625000,133101.1875000000,153470.6875000000,,,
35.3359999429,276,175923.3750000000,201777.5468750000,165893.6875000000,165393.9062500000,132598.7187500000,120859.8750000000,133925.2343750000,150476.7500000000,,,
35.3399999428,276,175919.0625000000,187443.6250000000,165853.9843750000,165421.0468750000,132578.0937500000,120856.5468750000,133930.8906250000,148951.7500000000,,,
35.3439999428,276,175528.7968750000,194301.0156250000,165230.2968750000,164495.5000000000,131669.3593750000,119999.7656250000,132969.2187500000,151562.0781250000,,,
35.3479999427,276,175339.0781250000,211287.6093750000,164992.8593750000,164079.1093750000,131310.7812500000,119642.3125000000,132556.4843750000,154209.4218750000,,,
35.3519999429,276,175577.7812500000,214677.3593750000,165386.2187500000,164617.2187500000,131855.4843750000,120151.4218750000,133127.3281250000,153430.6406250000,,,
35.3559999429,276,175929.0937500000,200951.2343750000,165908.7656250000,165408.7968750000,132613.0156250000,120865.1328125000,133950.2656250000,150381.9843750000,,,
35.3599999428,276,175907.2500000000,186275.5312500000,165854.2500000000,165401.1562500000,132582.3125000000,120862.8750000000,133941.5937500000,148787.9687500000,,,
35.3639999428,276,175481.9062500000,192833.5625000000,165195.0000000000,164443.1250000000,131638.4843750000,119984.0468750000,132945.9843750000,151340.7968750000,,,
35.3679999427,276,175273.5781250000,209599.7187500000,164942.1406250000,164025.3125000000,131264.6718750000,119611.9453125000,132523.0312500000,153947.7656250000,,,
35.3719999429,276,175503.2031250000,212850.6406250000,165323.2812500000,164558.4218750000,131799.6406250000,120119.4765625000,133078.5937500000,153163.4375000000,,,
35.3759999429,276,175866.7031250000,199246.3906250000,165848.0625000000,165356.5781250000,132559.9843750000,120854.1562500000,133897.0156250000,150193.7812500000,,,
35.3799999428,276,175864.3125000000,184718.2343750000,165810.6718750000,165394.1250000000,132544.4375000000,120844.2343750000,133900.5625000000,148654.2968750000,,,
35.3839999428,276,175458.5468750000,191349.1093750000,165176.4375000000,164465.1875000000,131622.7500000000,119967.2578125000,132924.0000000000,151213.0625000000,,,
35.3879999428,276,175264.5468750000,208250.4687500000,164934.9843750000,164032.0781250000,131256.3593750000,119604.0078125000,132510.6093750000,153852.6875000000,,,
35.3919999427,276,175509.9375000000,211784.6718750000,165327.9062500000,164573.7656250000,131796.4687500000,120102.3593750000,133075.4531250000,153139.4375000000,,,
35.3959999429,276,175885.8281250000,198527.3281250000,165863.3281250000,165384.6093750000,132563.0156250000,120831.8437500000,133902.6718750000,150233.3593750000,,,
35.3999999429,276,175883.0625000000,184118.3125000000,165830.4843750000,165399.8906250000,132553.9531250000,120848.7109375000,133918.8750000000,148666.0625000000,,,
35.4039999428,276,175491.0000000000,190523.5781250000,165214.4375000000,164482.4062500000,131654.9375000000,120011.0078125000,132969.0312500000,151153.1250000000,,,
35.4079999428,276,175302.3906250000,207314.6406250000,164974.1406250000,164081.5000000000,131289.7500000000,119642.6875000000,132546.6875000000,153791.9843750000,,,
35.4119999427,276,175523.6718750000,211048.1406250000,165334.5781250000,164579.5156250000,131799.8593750000,120110.6250000000,133076.2343750000,153135.4843750000,,,
35.4159999429,276,175866.7031250000,198184.0000000000,165830.2187500000,165316.3593750000,132525.8750000000,120817.6250000000,133859.8437500000,150282.0000000000,,,
35.4199999429,276,175859.5468750000,184146.8906250000,165790.7656250000,165343.4062500000,132507.6875000000,120821.6250000000,133860.7500000000,148737.9531250000,,,
35.4239999428,276,175459.0312500000,190450.8906250000,165177.4062500000,164450.2812500000,131614.1875000000,119973.8281250000,132923.3437500000,151130.2968750000,,,
35.4279999428,276,175244.1406250000,206983.8750000000,164917.7343750000,164024.9375000000,131232.5468750000,119592.7968750000,132494.5468750000,153674.6093750000,,,
35.4319999428,276,175451.9218750000,210559.5312500000,165263.6406250000,164506.0781250000,131728.2343750000,120051.0234375000,133008.2500000000,152987.4843750000,,,
35.4359999427,276,175807.2187500000,197679.5781250000,165770.7812500000,165293.6406250000,132463.4843750000,120758.2421875000,133796.5781250000,150166.3281250000,,,
35.4399999429,276,175821.5937500000,183578.7187500000,165761.0156250000,165361.9062500000,132477.6250000000,120785.7656250000,133832.3750000000,148631.3125000000,,,
35.4439999429,276,175461.6406250000,189450.6250000000,165195.1562500000,164498.3125000000,131639.1093750000,119999.8515625000,132955.0781250000,150961.3906250000,,,
35.4479999428,276,175278.4687500000,205583.7812500000,164968.7187500000,164086.1718750000,131293.1562500000,119652.8515625000,132565.1875000000,153493.4218750000,,,
35.4519999428,276,175498.9218750000,209100.0625000000,165320.7968750000,164566.9062500000,131791.2968750000,120109.8203125000,133079.1406250000,152871.5000000000,,,
35.4559999427,277,175835.0468750000,196410.1250000000,165802.8437500000,165316.0468750000,132496.0781250000,120787.9921875000,133833.1250000000,150109.1718750000,,,
35.4599999427,277,175838.7500000000,182427.2812500000,165782.1093750000,165347.7500000000,132498.4062500000,120805.2656250000,133853.5468750000,148586.1406250000,,,
35.4639999426,277,175470.2656250000,188306.5000000000,165204.8125000000,164473.6406250000,131648.7656250000,120000.1953125000,132963.5000000000,150901.0781250000,,,
35.4679999426,277,175283.8906250000,204789.5000000000,164964.1718750000,164054.1406250000,131284.6562500000,119633.9453125000,132550.5468750000,153520.8750000000,,,
35.4719999426,277,175489.7500000000,209040.8593750000,165293.5156250000,164518.2187500000,131757.0781250000,120071.2734375000,133033.7968750000,153032.6250000000,,,
35.4759999425,277,175825.2031250000,197115.1406250000,165772.0000000000,165257.1406250000,132455.6562500000,120741.7734375000,133779.1875000000,150370.8281250000,,,
35.4799999427,277,175835.4062500000,183808.4375000000,165752.9687500000,165296.9531250000,132460.6093750000,120758.4843750000,133798.1562500000,148916.8750000000,,,
35.4839999427,277,175477.2656250000,190216.1718750000,165184.9687500000,164444.6250000000,131622.7500000000,119971.5000000000,132915.6562500000,151268.5156250000,,,
35.4879999426,277,175292.4218750000,207078.3906250000,164951.6875000000,164034.2500000000,131269.8750000000,119628.0703125000,132519.9531250000,153870.4062500000,,,
35.4919999426,277,175518.9218750000,211106.7968750000,165323.1250000000,164542.2812500000,131788.7968750000,120108.3437500000,133057.1718750000,153243.5000000000,,,
35.4959999425,277,175867.7500000000,198194.1093750000,165848.0000000000,165328.1093750000,132541.8281250000,120834.6562500000,133868.5625000000,150315.7812500000,,,
35.4999999427,277,175886.2812500000,183047.7031250000,165863.8281250000,165409.4062500000,132593.0312500000,120907.3203125000,133953.5937500000,148525.8906250000,,,
35.5039999427,277,175523.7343750000,188194.6250000000,165271.2500000000,164532.2812500000,131734.6250000000,120096.9140625000,133051.6406250000,150840.0312500000,,,
35.5079999426,277,175324.9843750000,204656.3593750000,165006.3906250000,164082.2500000000,131344.1250000000,119705.3671875000,132613.2031250000,153521.4375000000,,,
35.5119999426,277,175536.8125000000,208444.7343750000,165364.4531250000,164580.6562500000,131844.9687500000,120176.1796875000,133137.1250000000,152912.4687500000,,,
35.5159999426,277,175888.0468750000,195305.1093750000,165889.3125000000,165379.7812500000,132596.5781250000,120906.9687500000,133949.1875000000,150011.3906250000,,,
35.5199999425,277,175916.8281250000,180155.4531250000,165906.8281250000,165469.0937500000,132645.4687500000,120975.7968750000,134025.1406250000,148285.2968750000,,,
35.5239999427,277,175565.4375000000,184593.1562500000,165354.3750000000,164642.9375000000,131826.8125000000,120208.8203125000,133174.6718750000,150401.6406250000,,,
35.5279999427,277,175379.3750000000,199940.0937500000,165115.3125000000,164227.1250000000,131462.3750000000,119847.1484375000,132764.0000000000,152922.8125000000,,,
35.5319999426,277,175579.6718750000,203544.0468750000,165430.2031250000,164679.6562500000,131914.7343750000,120261.7421875000,133218.7968750000,152471.8750000000,,,
35.5359999426,277,175908.0625000000,191583.5937500000,165884.1093750000,165392.8906250000,132585.5312500000,120899.2500000000,133926.3593750000,149958.5937500000,,,
35.5399999425,277,175934.1093750000,178116.1718750000,165880.1093750000,165446.7500000000,132607.5000000000,120927.4375000000,133968.9218750000,148534.6093750000,,,
35.5439999427,277,175608.1406250000,183681.7500000000,165364.2656250000,164645.8906250000,131826.8125000000,120205.8437500000,133162.3281250000,150711.3125000000,,,
35.5479999427,277,175395.4062500000,199688.7500000000,165108.9843750000,164212.1562500000,131449.3906250000,119837.0390625000,132742.7343750000,153175.0312500000,,,
35.5519999426,277,175555.1093750000,203951.1562500000,165379.7187500000,164618.5312500000,131856.7968750000,120206.5156250000,133150.6718750000,152723.1250000000,,,
35.5559999426,277,175853.2968750000,192785.4375000000,165793.6406250000,165292.6093750000,132482.1875000000,120799.9765625000,133812.0468750000,150254.9218750000,,,
35.5599999425,277,175857.3437500000,179828.6718750000,165775.7812500000,165339.6718750000,132491.1718750000,120817.6015625000,133843.5312500000,148788.6718750000,,,
35.5639999425,277,175522.0625000000,185343.2968750000,165270.0468750000,164550.9687500000,131726.8125000000,120122.7734375000,133061.2187500000,150839.4375000000,,,
35.5679999427,277,175337.7187500000,201203.9218750000,165048.1718750000,164153.2500000000,131382.6562500000,119770.6015625000,132679.0312500000,153260.6406250000,,,
35.5719999427,277,175520.0000000000,205589.7187500000,165333.1875000000,164573.0937500000,131802.7968750000,120151.5781250000,133099.3281250000,152863.4843750000,,,
35.5759999426,277,175829.9375000000,194725.8281250000,165751.4687500000,165250.5781250000,132434.3593750000,120747.5703125000,133756.9843750000,150463.0468750000,,,
35.5799999426,277,175852.0625000000,181936.3750000000,165751.4687500000,165326.1250000000,132462.5781250000,120790.2656250000,133805.0781250000,149006.9531250000,,,
35.5839999425,278,175534.8593750000,187312.2031250000,165272.6406250000,164568.6406250000,131722.3906250000,120121.3281250000,133051.7500000000,151009.2968750000,,,
35.5879999425,278,175345.4687500000,203068.2968750000,165044.9062500000,164144.8906250000,131368.2656250000,119778.3515625000,132652.2656250000,153415.7812500000,,,
35.5919999424,278,175522.5468750000,207541.8281250000,165318.2187500000,164540.6718750000,131777.0312500000,120144.9531250000,133055.6406250000,153046.8437500000,,,
35.5959999424,278,175823.0156250000,196880.6875000000,165724.9687500000,165199.2343750000,132403.9375000000,120731.3125000000,133740.2968750000,150670.1406250000,,,
35.5999999424,278,175841.0937500000,184212.3750000000,165725.8125000000,165271.0625000000,132441.7031250000,120782.2500000000,133816.1718750000,149206.7500000000,,,
35.6039999423,278,175525.7187500000,189459.2343750000,165256.9062500000,164522.1093750000,131715.7187500000,120120.3906250000,133075.0312500000,151174.9531250000,,,
35.6079999425,278,175350.5625000000,205167.6718750000,165046.6093750000,164121.1406250000,131380.0000000000,119798.1171875000,132704.7968750000,153596.1562500000,,,
35.6119999425,278,175530.8125000000,209738.6875000000,165321.4375000000,164525.3593750000,131789.0468750000,120162.4687500000,133114.6718750000,153246.5312500000,,,
35.6159999424,278,175836.1250000000,199153.5156250000,165731.5468750000,165195.2656250000,132418.0156250000,120741.5625000000,133776.4062500000,150863.4687500000,,,
35.6199999424,278,175858.6093750000,186324.9843750000,165740.5312500000,165265.6250000000,132467.1093750000,120796.9453125000,133854.0781250000,149356.2343750000,,,
35.6239999423,278,175539.4531250000,191334.0937500000,165269.5937500000,164520.9375000000,131739.6875000000,120136.4531250000,133116.7656250000,151296.9375000000,,,
35.6279999425,278,175363.5937500000,206945.2812500000,165061.2343750000,164126.1093750000,131401.7343750000,119811.8281250000,132751.5000000000,153720.9843750000,,,
35.6319999425,278,175553.0937500000,211424.9687500000,165348.9218750000,164539.0312500000,131821.9531250000,120185.7265625000,133179.5625000000,153350.0937500000,,,
35.6359999424,278,175867.3437500000,200646.2187500000,165770.3593750000,165223.6406250000,132464.4843750000,120790.2656250000,133858.9843750000,150919.4687500000,,,
35.6399999424,278,175900.1718750000,187500.1406250000,165790.8750000000,165313.2812500000,132528.6406250000,120853.7578125000,133953.1093750000,149366.9062500000,,,
35.6439999423,278,175579.8125000000,192189.3906250000,165316.3906250000,164561.0000000000,131798.2187500000,120182.1328125000,133210.7500000000,151292.1093750000,,,
35.6479999423,278,175395.4062500000,207682.7812500000,165096.5000000000,164162.4531250000,131447.6250000000,119843.3671875000,132830.2968750000,153729.6562500000,,,
35.6519999425,278,175580.5312500000,212160.4062500000,165378.1718750000,164571.7343750000,131862.9375000000,120210.1640625000,133244.1718750000,153371.9843750000,,,
35.6559999424,278,175888.9375000000,201352.9531250000,165794.0625000000,165236.4062500000,132497.7656250000,120799.5781250000,133909.9531250000,150934.0625000000,,,
35.6599999424,278,175926.9687500000,188112.9687500000,165819.8437500000,165337.2812500000,132563.4218750000,120868.8828125000,134007.9843750000,149375.4843750000,,,
35.6639999424,278,175612.5312500000,192680.1875000000,165356.1718750000,164582.2187500000,131841.9375000000,120209.6484375000,133282.7656250000,151311.4531250000,,,
35.6679999423,278,175436.1562500000,208248.8593750000,165144.6718750000,164178.8750000000,131494.1406250000,119862.4921875000,132897.0625000000,153791.0156250000,,,
35.6719999425,278,175614.2500000000,212848.7656250000,165420.6562500000,164573.2031250000,131902.7500000000,120217.4843750000,133304.5781250000,153447.1406250000,,,
35.6759999425,278,175899.6093750000,202052.4218750000,165813.4531250000,165227.8281250000,132518.6093750000,120800.4062500000,133952.5625000000,150981.4375000000,,,
35.6799999424,278,175908.6718750000,188651.8281250000,165810.8125000000,165307.0781250000,132558.8906250000,120848.9843750000,134017.1250000000,149369.7968750000,,,
35.6839999424,278,175589.9218750000,193177.7968750000,165333.5937500000,164557.7500000000,131819.4062500000,120158.3671875000,133259.8281250000,151318.7968750000,,,
35.6879999423,278,175387.4218750000,209002.1875000000,165086.0468750000,164113.8750000000,131432.1562500000,119773.8984375000,132833.6562500000,153847.7187500000,,,
35.6919999423,278,175545.3437500000,213859.3906250000,165341.9218750000,164494.6250000000,131819.9218750000,120118.1875000000,133223.0937500000,153511.2187500000,,,
35.6959999425,278,175857.5625000000,203046.7031250000,165771.4531250000,165190.1718750000,132474.0000000000,120728.4140625000,133912.8906250000,151008.9218750000,,,
35.6999999424,278,175888.0468750000,189398.2031250000,165788.2500000000,165296.4687500000,132538.2343750000,120796.5156250000,133991.6250000000,149367.9531250000,,,
35.7039999424,278,175539.3593750000,194233.6875000000,165257.8437500000,164500.3906250000,131742.2343750000,120054.4296875000,133163.4687500000,151442.6093750000,,,
35.7079999424,278,175311.0625000000,211202.3750000000,164965.4843750000,163993.6562500000,131300.0781250000,119617.2578125000,132673.0937500000,154201.9687500000,,,
35.7119999423,279,175496.2343750000,216924.4375000000,165262.2656250000,164402.5156250000,131727.2656250000,120000.1406250000,133102.8437500000,153915.1562500000,,,
35.7159999423,279,175866.3593750000,205648.1875000000,165787.5156250000,165208.1093750000,132488.6250000000,120721.0937500000,133910.1875000000,151166.3906250000,,,
35.7199999422,279,175923.5937500000,190782.5781250000,165847.0625000000,165368.9687500000,132606.5312500000,120845.7890625000,134057.4218750000,149286.0312500000,,,
35.7239999422,279,175558.2187500000,195049.1875000000,165282.8437500000,164521.8906250000,131775.4218750000,120070.3359375000,133190.9531250000,151385.0781250000,,,
35.7279999421,279,175334.9843750000,211927.2031250000,164990.7656250000,164028.1250000000,131325.6875000000,119625.0390625000,132688.4375000000,154195.9843750000,,,
35.7319999421,279,175527.5937500000,217284.7031250000,165301.3437500000,164468.5156250000,131765.5937500000,120018.4375000000,133134.5937500000,153850.2656250000,,,
35.7359999423,279,175895.9062500000,205672.6406250000,165825.0000000000,165253.2343750000,132527.1406250000,120748.0234375000,133944.3281250000,151076.6250000000,,,
35.7399999422,279,175939.2343750000,190454.8593750000,165871.0156250000,165396.6718750000,132634.4687500000,120867.4921875000,134081.7656250000,149155.8125000000,,,
35.7439999422,279,175568.3593750000,194747.3125000000,165285.8125000000,164541.5781250000,131777.0000000000,120060.7343750000,133176.2812500000,151342.1562500000,,,
35.7479999422,279,175341.0156250000,211952.4531250000,164989.0312500000,164019.6562500000,131319.9531250000,119606.2343750000,132665.1406250000,154221.9218750000,,,
35.7519999421,279,175541.1875000000,217005.3281250000,165331.5156250000,164479.1406250000,131800.0468750000,120049.3359375000,133162.1718750000,153753.8750000000,,,
35.7559999423,279,175911.6875000000,204690.1250000000,165868.2500000000,165302.0625000000,132582.2500000000,120794.9921875000,133998.8281250000,150856.5156250000,,,
35.7599999423,279,175962.4843750000,189222.5156250000,165906.1250000000,165446.4218750000,132680.7968750000,120900.5078125000,134119.4531250000,148998.5000000000,,,
35.7639999422,279,175585.6093750000,193604.8437500000,165303.8437500000,164572.5625000000,131804.9687500000,120069.7187500000,133192.8281250000,151262.4687500000,,,
35.7679999422,279,175339.4062500000,211138.8281250000,164981.4687500000,164027.8125000000,131316.4687500000,119588.6406250000,132650.7500000000,154217.4687500000,,,
35.7719999421,279,175529.1250000000,216646.8593750000,165311.1093750000,164462.4843750000,131776.6250000000,120016.6953125000,133128.9375000000,153813.5468750000,,,
35.7759999421,279,175902.5156250000,204584.6875000000,165858.2812500000,165285.5000000000,132567.8281250000,120776.0234375000,133974.9687500000,150913.6875000000,,,
35.7799999423,279,175953.0937500000,189066.2031250000,165906.3437500000,165445.9687500000,132676.4531250000,120886.8046875000,134109.1875000000,149006.6093750000,,,
35.7839999422,279,175566.8593750000,193319.5937500000,165292.2187500000,164561.0625000000,131791.5312500000,120051.6171875000,133178.0000000000,151235.2031250000,,,
35.7879999422,279,175329.8281250000,210900.5937500000,164973.4687500000,164027.0781250000,131305.1406250000,119572.8437500000,132631.6093750000,154207.4843750000,,,
35.7919999422,279,175528.4531250000,216477.2500000000,165312.6718750000,164484.9843750000,131776.5156250000,120009.9375000000,133116.7968750000,153811.9375000000,,,
35.7959999421,279,175910.6406250000,204359.9531250000,165871.5000000000,165311.8906250000,132580.1093750000,120783.7500000000,133979.7968750000,150891.9843750000,,,
35.7999999423,279,175967.7343750000,188598.6875000000,165925.3906250000,165456.4062500000,132698.3593750000,120912.1250000000,134124.4687500000,148941.0468750000,,,
35.8039999423,279,175595.5781250000,192576.0937500000,165323.4531250000,164581.0625000000,131825.0468750000,120085.0859375000,133201.2343750000,151147.3593750000,,,
35.8079999422,279,175353.8906250000,210047.6250000000,165001.5000000000,164033.3906250000,131336.2656250000,119598.5078125000,132654.4531250000,154118.9218750000,,,
35.8119999422,279,175559.5156250000,215584.6718750000,165349.0156250000,164491.2968750000,131816.6718750000,120044.2656250000,133149.5625000000,153732.1250000000,,,
35.8159999421,279,175934.1093750000,203427.6875000000,165899.1875000000,165320.9062500000,132611.7343750000,120808.5312500000,134005.7031250000,150810.6250000000,,,
35.8199999421,279,175989.3906250000,187545.5312500000,165952.2031250000,165482.0937500000,132726.4218750000,120931.2734375000,134146.6250000000,148849.2968750000,,,
35.8239999423,279,175611.2031250000,191386.4531250000,165345.9843750000,164606.4062500000,131849.3437500000,120099.3281250000,133223.7343750000,151033.8906250000,,,
35.8279999422,279,175362.6093750000,208834.7812500000,165015.1875000000,164048.5156250000,131351.7656250000,119603.8203125000,132669.7500000000,154007.7968750000,,,
35.8319999422,279,175554.9218750000,214474.4531250000,165347.7187500000,164495.6093750000,131812.9218750000,120029.6250000000,133142.9375000000,153642.1250000000,,,
35.8359999422,279,175921.9843750000,202509.7656250000,165891.4531250000,165320.8437500000,132595.5000000000,120788.8437500000,133982.7500000000,150758.5156250000,,,
35.8399999421,280,175971.7968750000,186812.9531250000,165938.3906250000,165477.1093750000,132707.2656250000,120912.0156250000,134120.2812500000,148816.2656250000,,,
35.8439999421,280,175592.3906250000,190608.8281250000,165330.2031250000,164611.3281250000,131834.1562500000,120077.9843750000,133201.5000000000,150962.7968750000,,,
35.8479999420,280,175348.4531250000,208048.8750000000,164998.6562500000,164075.2031250000,131335.2968750000,119588.1328125000,132644.6718750000,153939.9062500000,,,
35.8519999420,280,175535.9375000000,213902.0625000000,165319.3437500000,164513.0937500000,131782.4218750000,120003.3593750000,133103.6406250000,153633.2031250000,,,
35.8559999419,280,175893.3125000000,202307.3906250000,165848.0625000000,165315.0781250000,132548.8906250000,120745.5859375000,133929.8750000000,150813.3437500000,,,
35.8599999419,280,175947.4062500000,186868.9687500000,165902.1093750000,165482.5000000000,132666.2031250000,120869.3125000000,134075.5468750000,148882.8437500000,,,
35.8639999421,280,175581.0156250000,190643.1093750000,165314.0000000000,164615.5625000000,131813.8593750000,120068.9140625000,133181.2500000000,150992.8593750000,,,
35.8679999420,280,175343.0312500000,208081.9375000000,164991.4375000000,164068.5000000000,131323.1406250000,119584.9140625000,132634.9843750000,153961.2031250000,,,
35.8719999420,280,175528.7187500000,214052.9375000000,165312.9062500000,164500.2812500000,131771.0156250000,119995.1796875000,133091.6562500000,153671.6406250000,,,
35.8759999420,280,175885.0781250000,202593.6875000000,165840.8750000000,165298.2656250000,132538.2187500000,120732.1171875000,133916.8437500000,150863.2500000000,,,
35.8799999419,280,175946.2031250000,187153.8750000000,165902.6406250000,165464.1562500000,132666.5000000000,120867.1640625000,134074.2031250000,148915.3750000000,,,
35.8839999421,280,175597.3750000000,190716.3750000000,165332.2187500000,164632.4843750000,131834.7500000000,120083.1328125000,133199.5156250000,150984.0000000000,,,
35.8879999421,280,175369.0468750000,207991.5000000000,165019.1562500000,164099.4687500000,131355.2500000000,119613.0703125000,132666.3125000000,153940.6875000000,,,
35.8919999420,280,175551.2500000000,213737.0625000000,165340.7812500000,164528.7031250000,131804.1406250000,120028.2812500000,133128.0312500000,153605.8125000000,,,
35.8959999420,280,175908.9218750000,201870.6718750000,165876.4062500000,165343.6718750000,132578.0156250000,120774.4453125000,133964.3906250000,150722.8125000000,,,
35.8999999419,280,175959.8750000000,185911.7187500000,165928.5468750000,165509.3281250000,132698.3593750000,120908.0468750000,134113.3906250000,148701.0468750000,,,
35.9039999419,280,175604.1875000000,188929.0312500000,165354.2343750000,164652.6250000000,131864.5781250000,120122.5312500000,133231.3437500000,150710.7500000000,,,
35.9079999421,280,175364.9375000000,205844.2500000000,165027.3906250000,164085.5468750000,131368.8750000000,119629.5937500000,132683.5625000000,153653.4687500000,,,
35.9119999420,280,175534.0625000000,211666.0937500000,165328.6562500000,164501.0781250000,131795.5312500000,120020.4218750000,133138.9687500000,153396.4062500000,,,
35.9159999420,280,175898.4375000000,199921.6718750000,165876.3593750000,165325.2656250000,132581.7187500000,120773.2109375000,133990.4375000000,150542.0000000000,,,
35.9199999420,280,175961.5468750000,183674.3750000000,165953.7656250000,165514.7656250000,132727.8750000000,120919.6015625000,134162.2031250000,148451.0625000000,,,
35.9239999419,280,175610.2500000000,186183.7656250000,165389.3437500000,164691.3906250000,131905.9687500000,120143.8046875000,133303.6406250000,150372.1718750000,,,
35.9279999421,280,175376.0156250000,202764.4062500000,165060.1875000000,164152.2812500000,131405.4375000000,119655.1015625000,132748.8437500000,153307.5000000000,,,
35.9319999421,280,175536.0625000000,208674.5156250000,165334.6562500000,164541.0156250000,131800.0156250000,120025.8359375000,133146.7187500000,153140.8593750000,,,
35.9359999420,280,175863.5937500000,197783.9218750000,165815.2812500000,165277.8281250000,132510.3125000000,120702.3203125000,133899.8125000000,150511.0468750000,,,
35.9399999420,280,175925.0625000000,182717.6250000000,165879.6562500000,165454.7187500000,132638.9062500000,120830.0156250000,134054.0937500000,148612.9843750000,,,
35.9439999419,280,175590.8593750000,185759.9843750000,165348.3125000000,164659.5156250000,131858.0312500000,120097.6718750000,133253.0000000000,150501.9375000000,,,
35.9479999419,280,175362.7500000000,202263.4218750000,165047.0937500000,164123.1562500000,131394.6250000000,119644.1640625000,132742.5156250000,153308.7812500000,,,
35.9519999421,280,175533.2031250000,208130.7031250000,165332.3750000000,164515.3750000000,131799.2343750000,120010.0390625000,133144.2500000000,153122.0000000000,,,
35.9559999420,280,175862.4375000000,197615.7968750000,165802.9218750000,165253.3125000000,132494.3593750000,120668.6015625000,133879.9062500000,150592.4843750000,,,
35.9599999420,280,175918.1250000000,182956.2343750000,165860.0781250000,165418.8750000000,132616.1875000000,120797.9375000000,134030.5937500000,148743.7500000000,,,
35.9639999419,280,175586.2500000000,185912.4687500000,165346.8906250000,164645.8906250000,131856.2343750000,120093.6171875000,133250.3593750000,150534.7656250000,,,
35.9679999419,281,175361.4531250000,202165.2500000000,165054.3750000000,164139.3593750000,131400.9062500000,119656.0937500000,132752.0312500000,153276.2187500000,,,
35.9719999419,281,175525.0625000000,208151.8437500000,165322.8281250000,164520.9062500000,131785.6718750000,120006.5781250000,133136.1250000000,153145.9531250000,,,
35.9759999418,281,175845.8125000000,198063.0625000000,165775.9375000000,165229.7343750000,132460.4843750000,120646.1562500000,133847.6875000000,150710.2343750000,,,
35.9799999418,281,175906.3437500000,183707.4375000000,165837.4062500000,165389.2656250000,132589.7343750000,120786.9687500000,134002.8125000000,148886.2812500000,,,
35.9839999417,281,175596.4218750000,186569.8125000000,165356.2187500000,164653.6718750000,131864.4375000000,120111.9687500000,133259.1562500000,150613.7031250000,,,
35.9879999417,281,175384.4687500000,202638.0468750000,165079.9062500000,164159.0468750000,131427.9062500000,119684.3671875000,132779.9375000000,153317.2656250000,,,
35.9919999419,281,175540.8906250000,208675.0625000000,165337.6562500000,164517.9531250000,131802.9375000000,120017.8984375000,133147.6406250000,153221.1250000000,,,
35.9959999418,281,175854.6093750000,198858.3125000000,165776.6093750000,165216.8593750000,132463.0312500000,120637.9765625000,133836.6406250000,150845.4687500000,,,
35.9999999418,281,175912.3593750000,184709.1718750000,165838.1406250000,165383.6406250000,132591.4218750000,120776.2109375000,133990.7656250000,149033.4218750000,,,
36.0039999417,281,175600.4687500000,187468.3906250000,165365.6875000000,164665.2812500000,131875.0156250000,120116.0703125000,133263.5312500000,150700.3125000000,,,
36.0079999417,281,175374.1093750000,203390.0312500000,165075.7500000000,164160.9843750000,131422.0625000000,119675.8671875000,132772.5312500000,153355.9375000000,,,
36.0119999419,281,175513.7500000000,209450.0000000000,165307.3593750000,164492.0468750000,131769.4375000000,119985.3906250000,133116.7343750000,153263.6093750000,,,
36.0159999419,281,175832.4843750000,199788.9531250000,165740.3125000000,165191.2656250000,132422.9531250000,120597.4687500000,133798.7187500000,150931.6718750000,,,
36.0199999418,281,175907.2500000000,185798.0156250000,165817.0312500000,165377.6250000000,132567.0468750000,120745.5000000000,133962.5156250000,149148.5156250000,,,
36.0239999418,281,175611.6562500000,188488.5937500000,165364.8281250000,164668.2656250000,131873.7187500000,120116.2578125000,133254.2812500000,150799.3593750000,,,
36.0279999417,281,175391.8906250000,204360.5625000000,165082.6093750000,164159.9531250000,131428.0937500000,119687.1562500000,132768.1875000000,153456.2031250000,,,
36.0319999417,281,175526.3593750000,210496.4687500000,165309.2656250000,164494.1093750000,131769.8593750000,119982.7656250000,133103.3281250000,153374.7187500000,,,
36.0359999419,281,175837.7656250000,200949.0937500000,165735.4062500000,165191.0312500000,132416.0625000000,120582.7187500000,133774.5000000000,151049.0312500000,,,
36.0399999418,281,175902.8125000000,187018.8437500000,165803.4062500000,165380.3437500000,132553.5000000000,120720.6093750000,133936.1250000000,149244.5468750000,,,
36.0439999418,281,175600.1250000000,189562.9218750000,165350.6718750000,164674.2187500000,131862.4218750000,120086.5937500000,133236.1250000000,150845.8750000000,,,
36.0479999417,281,175385.4062500000,205344.8593750000,165076.7968750000,164168.7343750000,131424.1562500000,119663.2031250000,132759.6875000000,153494.9843750000,,,
36.0519999417,281,175531.4062500000,211534.5625000000,165314.4687500000,164496.0468750000,131775.3125000000,119970.8515625000,133098.6250000000,153441.2031250000,,,
36.0559999419,281,175846.8750000000,202050.2500000000,165742.7812500000,165189.0625000000,132426.7343750000,120577.5390625000,133774.0937500000,151122.1093750000,,,
36.0599999418,281,175921.9218750000,188016.3906250000,165820.2968750000,165382.5625000000,132576.2500000000,120727.7968750000,133948.7031250000,149297.7031250000,,,
36.0639999418,281,175615.6718750000,190364.7656250000,165362.6093750000,164668.8750000000,131879.3593750000,120094.6953125000,133241.3750000000,150881.4062500000,,,
36.0679999418,281,175373.1250000000,206106.5468750000,165060.5625000000,164127.9531250000,131408.2500000000,119648.7500000000,132732.6718750000,153533.9062500000,,,
36.0719999417,281,175505.7656250000,212360.0156250000,165283.6718750000,164453.7656250000,131743.9843750000,119948.2187500000,133062.1250000000,153485.0937500000,,,
36.0759999417,281,175829.7968750000,202931.0312500000,165722.9687500000,165154.2500000000,132404.7656250000,120565.7421875000,133750.0937500000,151170.6875000000,,,
36.0799999419,281,175909.6718750000,188790.8437500000,165809.6562500000,165349.9687500000,132563.7656250000,120720.9843750000,133933.6562500000,149322.0625000000,,,
36.0839999418,281,175608.8125000000,191023.0312500000,165355.5000000000,164655.4218750000,131870.8281250000,120092.7343750000,133228.2656250000,150909.1406250000,,,
36.0879999418,281,175385.4843750000,206860.8593750000,165067.2968750000,164148.4843750000,131410.6718750000,119652.7187500000,132731.0937500000,153613.0625000000,,,
36.0919999417,281,175526.5156250000,213246.8906250000,165296.5156250000,164472.7343750000,131751.0937500000,119957.0703125000,133061.2187500000,153584.8906250000,,,
36.0959999417,282,175841.8906250000,203765.8593750000,165730.7187500000,165157.1250000000,132409.1093750000,120573.3593750000,133748.6093750000,151221.0625000000,,,
36.0999999417,282,175905.9687500000,189367.6250000000,165804.0468750000,165342.1093750000,132562.1875000000,120725.8437500000,133932.1562500000,149303.1406250000,,,
36.1039999416,282,175603.7343750000,191446.7187500000,165346.2187500000,164644.6875000000,131868.7031250000,120089.5937500000,133223.3750000000,150903.5625000000,,,
36.1079999416,282,175360.9218750000,207471.3593750000,165036.5625000000,164108.3281250000,131382.9062500000,119629.0312500000,132695.7187500000,153667.0156250000,,,
36.1119999415,282,175488.8906250000,214090.3593750000,165259.4218750000,164423.5625000000,131713.6250000000,119914.9531250000,133019.9062500000,153650.4375000000,,,
36.1159999415,282,175809.2500000000,204624.8437500000,165705.1718750000,165136.7656250000,132385.0781250000,120540.9296875000,133724.0625000000,151243.4062500000,,,
36.1199999417,282,175892.9375000000,189915.3906250000,165800.5781250000,165354.7500000000,132562.4531250000,120729.1718750000,133936.9062500000,149281.3750000000,,,
36.1239999416,282,175584.3437500000,192097.9843750000,165317.1250000000,164617.8125000000,131837.5625000000,120061.5390625000,133191.7812500000,150980.4375000000,,,
36.1279999416,282,175333.7812500000,208918.3125000000,164979.9062500000,164032.6093750000,131316.5156250000,119550.8750000000,132620.2656250000,153919.2812500000,,,
36.1319999415,282,175465.5468750000,216148.4375000000,165209.6875000000,164349.4062500000,131654.6406250000,119853.7500000000,132956.7968750000,153929.2031250000,,,
36.1359999415,282,175819.3125000000,206443.3593750000,165716.4375000000,165135.3906250000,132394.7656250000,120556.4062500000,133744.3281250000,151366.9218750000,,,
36.1399999417,282,175919.5937500000,190979.9375000000,165840.0937500000,165401.9218750000,132607.5468750000,120766.0234375000,133988.2656250000,149250.2343750000,,,
36.1439999416,282,175577.4218750000,193098.3125000000,165299.7968750000,164609.0156250000,131820.3437500000,120020.7968750000,133163.2500000000,151027.9375000000,,,
36.1479999416,282,175302.2031250000,210535.5156250000,164928.2812500000,163977.2187500000,131256.7031250000,119471.8593750000,132544.7031250000,154099.1718750000,,,
36.1519999416,282,175467.6718750000,217561.4843750000,165224.3906250000,164362.5156250000,131666.4062500000,119851.3359375000,132966.0000000000,153973.3281250000,,,
36.1559999415,282,175852.9218750000,206716.4531250000,165787.6562500000,165202.0000000000,132474.1406250000,120629.0390625000,133835.7031250000,151168.6250000000,,,
36.1599999415,282,175954.6250000000,190214.7031250000,165908.0156250000,165468.8750000000,132688.1250000000,120845.7656250000,134083.8593750000,148958.3750000000,,,
36.1639999417,282,175602.3125000000,191841.6406250000,165341.7656250000,164663.0625000000,131873.4843750000,120083.9609375000,133226.6562500000,150792.6093750000,,,
36.1679999416,282,175324.6875000000,209227.8281250000,164957.1406250000,164035.2968750000,131292.9218750000,119517.0234375000,132585.5000000000,153953.1250000000,,,
36.1719999416,282,175482.2343750000,216394.0625000000,165240.4062500000,164411.2343750000,131687.6250000000,119882.5546875000,132988.1562500000,153898.7656250000,,,
36.1759999415,282,175861.5468750000,205780.6875000000,165797.9531250000,165239.4687500000,132488.7031250000,120651.4140625000,133849.4375000000,151146.8125000000,,,
36.1799999415,282,175964.4375000000,189473.8125000000,165919.5625000000,165500.1718750000,132703.5468750000,120870.8984375000,134098.1562500000,148958.6718750000,,,
36.1839999417,282,175618.4062500000,191074.3281250000,165361.0468750000,164691.7656250000,131897.7812500000,120112.2578125000,133250.5781250000,150762.4531250000,,,
36.1879999416,282,175334.2812500000,208414.2656250000,164973.6875000000,164045.6093750000,131314.2343750000,119537.8671875000,132608.2187500000,153899.0312500000,,,
36.1919999416,282,175480.8906250000,215598.6250000000,165247.1093750000,164395.4062500000,131699.1875000000,119890.3359375000,133005.7812500000,153837.2031250000,,,
36.1959999416,282,175858.9531250000,205036.5937500000,165799.2187500000,165217.2343750000,132492.6875000000,120653.5859375000,133857.4375000000,151096.2031250000,,,
36.1999999415,282,175963.3750000000,188762.2500000000,165924.9531250000,165482.4531250000,132710.1718750000,120873.7890625000,134108.5312500000,148912.2187500000,,,
36.2039999415,282,175625.6562500000,190233.5312500000,165380.8437500000,164695.5625000000,131919.8281250000,120135.0312500000,133284.4531250000,150687.6718750000,,,
36.2079999417,282,175353.1875000000,207442.9062500000,165003.9375000000,164063.0000000000,131344.7656250000,119577.5625000000,132655.1250000000,153812.8593750000,,,
36.2119999416,282,175497.2031250000,214686.6875000000,165270.6562500000,164424.2968750000,131719.0937500000,119920.4843750000,133038.7187500000,153785.1406250000,,,
36.2159999416,282,175861.0937500000,204416.2187500000,165804.5000000000,165225.0937500000,132492.1093750000,120664.1484375000,133864.8593750000,151105.8281250000,,,
36.2199999415,282,175959.5625000000,188262.2968750000,165925.5781250000,165481.1406250000,132706.1406250000,120878.5390625000,134109.9375000000,148912.8593750000,,,
36.2239999415,283,175623.0000000000,189461.4531250000,165391.4218750000,164703.7500000000,131932.7343750000,120161.3203125000,133305.4375000000,150587.5468750000,,,
36.2279999414,283,175345.5781250000,206195.1093750000,165017.5468750000,164077.8281250000,131367.0781250000,119610.6562500000,132689.9375000000,153602.6718750000,,,
36.2319999414,283,175493.0156250000,213067.9843750000,165285.5468750000,164429.8750000000,131742.6093750000,119953.4765625000,133073.6406250000,153539.5312500000,,,
36.2359999414,283,175854.2500000000,202623.1406250000,165811.4218750000,165228.5000000000,132503.4531250000,120677.6718750000,133886.2968750000,150880.4687500000,,,
36.2399999413,283,175952.2343750000,186380.7031250000,165929.1093750000,165479.3906250000,132714.2187500000,120890.9843750000,134130.2656250000,148713.1718750000,,,
36.2439999413,283,175630.1250000000,187182.9218750000,165419.6875000000,164732.6093750000,131969.2031250000,120196.6171875000,133360.5000000000,150309.4843750000,,,
36.2479999415,283,175376.7500000000,203246.3750000000,165078.0000000000,164157.5156250000,131438.6406250000,119680.4765625000,132782.0781250000,153231.7812500000,,,
36.2519999414,283,175511.6562500000,209940.2343750000,165322.2343750000,164489.2500000000,131787.3281250000,119993.2734375000,133132.1562500000,153240.2031250000,,,
36.2559999414,283,175850.0468750000,200149.5156250000,165799.3281250000,165230.8593750000,132490.2343750000,120655.5937500000,133868.3437500000,150795.4531250000,,,
36.2599999413,283,175940.4843750000,184806.3125000000,165902.0000000000,165452.2500000000,132680.6562500000,120843.0000000000,134086.1718750000,148766.7031250000,,,
36.2639999413,283,175630.7187500000,185715.8593750000,165425.5000000000,164736.0937500000,131972.9843750000,120194.6015625000,133366.3906250000,150249.3437500000,,,
36.2679999415,283,175387.2656250000,201441.0000000000,165101.3281250000,164172.4531250000,131462.4531250000,119707.7578125000,132817.1875000000,153062.7187500000,,,
36.2719999414,283,175509.2500000000,208349.5000000000,165313.6562500000,164465.6718750000,131773.5937500000,119977.3203125000,133121.6406250000,153161.5000000000,,,
36.2759999414,283,175823.8437500000,199442.4687500000,165745.7343750000,165156.0781250000,132423.1718750000,120584.8671875000,133800.4375000000,150897.4843750000,,,
36.2799999414,283,175915.8906250000,184770.7812500000,165848.4687500000,165391.6875000000,132612.7968750000,120779.4609375000,134015.5937500000,148931.7968750000,,,
36.2839999413,283,175629.1406250000,185799.6250000000,165410.1093750000,164726.8750000000,131947.4062500000,120177.9218750000,133339.2031250000,150347.1093750000,,,
36.2879999413,283,175383.8750000000,201418.8750000000,165093.0781250000,164167.7343750000,131448.1406250000,119691.9296875000,132803.6718750000,153085.6250000000,,,
36.2919999415,283,175492.8281250000,208488.2187500000,165285.7656250000,164448.2968750000,131739.0937500000,119951.7265625000,133086.6093750000,153214.0781250000,,,
36.2959999414,283,175799.1406250000,200027.9843750000,165703.5468750000,165124.1250000000,132374.0937500000,120548.6796875000,133748.0468750000,151032.7500000000,,,
36.2999999414,283,175890.1250000000,185667.6562500000,165808.6875000000,165351.0468750000,132569.5156250000,120745.0234375000,133970.2968750000,149079.9531250000,,,
36.3039999413,283,175599.0468750000,186682.9531250000,165374.8593750000,164683.4531250000,131913.0156250000,120150.2109375000,133311.3281250000,150435.1406250000,,,
36.3079999413,283,175356.5937500000,202238.7812500000,165062.6093750000,164140.1093750000,131416.6250000000,119679.6171875000,132781.4843750000,153149.2812500000,,,
36.3119999415,283,175477.7031250000,209402.7187500000,165265.9375000000,164429.2031250000,131715.6250000000,119939.5781250000,133068.0312500000,153310.0156250000,,,
36.3159999414,283,175784.8750000000,201075.0156250000,165680.5312500000,165102.2656250000,132345.5468750000,120524.6250000000,133716.2968750000,151153.6562500000,,,
36.3199999414,283,175877.2500000000,186925.0156250000,165788.3750000000,165329.4062500000,132541.8593750000,120716.0234375000,133939.2656250000,149221.2343750000,,,
36.3239999413,283,175604.6562500000,187887.0781250000,165376.7968750000,164694.0937500000,131909.9375000000,120137.2812500000,133302.1093750000,150549.0312500000,,,
36.3279999413,283,175373.4375000000,203384.0468750000,165075.1875000000,164165.9375000000,131423.8906250000,119672.5156250000,132777.7812500000,153254.3125000000,,,
36.3319999413,283,175487.8125000000,210562.3906250000,165270.2656250000,164437.9687500000,131719.6093750000,119930.8359375000,133065.9062500000,153416.7968750000,,,
36.3359999415,283,175786.8281250000,202189.0937500000,165677.4687500000,165093.7656250000,132348.0468750000,120519.5000000000,133723.0468750000,151246.1093750000,,,
36.3399999414,283,175878.5625000000,188048.6562500000,165783.1562500000,165327.5312500000,132544.1093750000,120716.0234375000,133944.9531250000,149307.2968750000,,,
36.3439999414,283,175604.7343750000,188836.7187500000,165373.6562500000,164689.2968750000,131915.9062500000,120150.1875000000,133314.9062500000,150595.9687500000,,,
36.3479999413,283,175372.0781250000,204201.6718750000,165071.5937500000,164150.3281250000,131429.0625000000,119687.1015625000,132797.3593750000,153290.7656250000,,,
36.3519999413,284,175485.6406250000,211363.0156250000,165265.7031250000,164424.5625000000,131719.5468750000,119937.7578125000,133077.9843750000,153461.3437500000,,,
36.3559999412,284,175800.1562500000,202995.4062500000,165688.7656250000,165100.0468750000,132358.7968750000,120531.5937500000,133737.0000000000,151302.3906250000,,,
36.3599999412,284,175908.1718750000,188769.6250000000,165813.2968750000,165351.3125000000,132570.8750000000,120736.5468750000,133975.1718750000,149357.3281250000,,,
36.3639999412,284,175635.5156250000,189384.2656250000,165404.4218750000,164720.6250000000,131944.5312500000,120165.5546875000,133346.8750000000,150623.0625000000,,,
36.3679999411,284,175395.8125000000,204692.7031250000,165093.7656250000,164170.3906250000,131449.2031250000,119694.5859375000,132819.0156250000,153319.6718750000,,,
36.3719999411,284,175495.1562500000,211931.4687500000,165270.0781250000,164428.2656250000,131721.0468750000,119934.6953125000,133076.9062500000,153500.3437500000,,,
36.3759999413,284,175802.3593750000,203671.1875000000,165688.6093750000,165103.5625000000,132353.9687500000,120523.7656250000,133733.7500000000,151350.3437500000,,,
36.3799999412,284,175906.3750000000,189329.6250000000,165810.6718750000,165356.9531250000,132566.0781250000,120734.5625000000,133970.6250000000,149373.4531250000,,,
36.3839999412,284,175633.1875000000,189810.3906250000,165401.2812500000,164722.3593750000,131938.9843750000,120166.2812500000,133337.4843750000,150628.6718750000,,,
36.3879999411,284,175387.8281250000,205171.2812500000,165082.2656250000,164158.9687500000,131434.2343750000,119688.7421875000,132795.3593750000,153351.8125000000,,,
36.3919999411,284,175490.5468750000,212525.7187500000,165265.6718750000,164413.8906250000,131713.0312500000,119925.8750000000,133059.7187500000,153553.0000000000,,,
36.3959999413,284,175806.2500000000,204288.4375000000,165694.9062500000,165100.0781250000,132358.7968750000,120523.0937500000,133726.6718750000,151392.1562500000,,,
36.3999999412,284,175915.7812500000,189813.1406250000,165823.7812500000,165366.0625000000,132580.2656250000,120745.1562500000,133971.6093750000,149386.6250000000,,,
36.4039999412,284,175641.4843750000,190155.9843750000,165408.9062500000,164730.8593750000,131951.4218750000,120177.4375000000,133339.0468750000,150636.3437500000,,,
36.4079999411,284,175385.8125000000,205556.7031250000,165076.0625000000,164150.8906250000,131430.7031250000,119683.0546875000,132783.2031250000,153379.1718750000,,,
36.4119999411,284,175485.0000000000,212987.5156250000,165256.9062500000,164409.7031250000,131704.4531250000,119920.3750000000,133047.6406250000,153587.3593750000,,,
36.4159999411,284,175801.3593750000,204694.8750000000,165691.9531250000,165099.5312500000,132355.5312500000,120528.0000000000,133727.9531250000,151403.7187500000,,,
36.4199999413,284,175909.9687500000,190006.6718750000,165822.7187500000,165369.7187500000,132583.5156250000,120751.2968750000,133982.8437500000,149359.3593750000,,,
36.4239999412,284,175633.5937500000,190176.6406250000,165401.4531250000,164727.7812500000,131950.0625000000,120171.1328125000,133340.5468750000,150604.2812500000,,,
36.4279999412,284,175390.2656250000,205656.9531250000,165079.2656250000,164148.6875000000,131436.3281250000,119679.4609375000,132790.5000000000,153398.4218750000,,,
36.4319999411,284,175499.5312500000,213200.0000000000,165271.5468750000,164410.6875000000,131721.5937500000,119924.3984375000,133062.0781250000,153627.9218750000,,,
36.4359999411,284,175815.4218750000,204830.2656250000,165707.6406250000,165103.5312500000,132378.9218750000,120538.8359375000,133745.5000000000,151405.2968750000,,,
36.4399999413,284,175930.7812500000,189906.2500000000,165845.4531250000,165381.8593750000,132617.6875000000,120775.4921875000,134013.5937500000,149318.0312500000,,,
36.4439999412,284,175645.3125000000,190008.2812500000,165406.5625000000,164723.7656250000,131962.0468750000,120176.5234375000,133345.0468750000,150594.1406250000,,,
36.4479999412,284,175376.1875000000,205941.0625000000,165044.0625000000,164111.7812500000,131399.4062500000,119634.7500000000,132738.2031250000,153497.2031250000,,,
36.4519999411,284,175491.4062500000,213979.0000000000,165240.3281250000,164383.2187500000,131684.8437500000,119883.3046875000,133011.5625000000,153784.9843750000,,,
36.4559999411,284,175822.6093750000,205598.0000000000,165711.6718750000,165115.8437500000,132378.6406250000,120534.7578125000,133740.7343750000,151480.3281250000,,,
36.4599999411,284,175940.3593750000,190315.4375000000,165862.5468750000,165409.7031250000,132633.2968750000,120784.3671875000,134027.8281250000,149300.2812500000,,,
36.4639999412,284,175635.5156250000,190676.0156250000,165380.3125000000,164705.9218750000,131929.9375000000,120128.2734375000,133296.5781250000,150710.3437500000,,,
36.4679999412,284,175355.1562500000,207720.3281250000,164984.8125000000,164056.8750000000,131326.1406250000,119544.5937500000,132635.2812500000,153844.9531250000,,,
36.4719999412,284,175474.7812500000,216195.3906250000,165213.6718750000,164347.0937500000,131648.0468750000,119835.1875000000,132962.0312500000,154053.8750000000,,,
36.4759999411,284,175829.7968750000,207140.8281250000,165742.1406250000,165131.8593750000,132408.9062500000,120561.2109375000,133778.8750000000,151493.3281250000,,,
36.4799999411,285,175964.6875000000,190702.9687500000,165919.4843750000,165469.0937500000,132696.1875000000,120852.6562500000,134103.3593750000,149120.4843750000,,,
36.4839999410,285,175644.6093750000,190571.7500000000,165397.9375000000,164732.3125000000,131949.0312500000,120153.2421875000,133318.6562500000,150585.0781250000,,,
36.4879999410,285,175336.1406250000,208017.1875000000,164952.7656250000,164021.8281250000,131289.3437500000,119507.6875000000,132589.1406250000,153882.3281250000,,,
36.4919999409,285,175461.7656250000,216804.8125000000,165193.7343750000,164335.2656250000,131623.1562500000,119811.9843750000,132927.2343750000,154121.0625000000,,,
36.4959999409,285,175846.5312500000,207447.5468750000,165770.2812500000,165188.6406250000,132436.7500000000,120603.0234375000,133801.3906250000,151463.7968750000,,,
36.4999999409,285,175979.0312500000,190403.9843750000,165952.7968750000,165533.9218750000,132735.9375000000,120904.1015625000,134144.8750000000,148993.9375000000,,,
36.5039999411,285,175645.6562500000,189797.6718750000,165415.8437500000,164767.6718750000,131978.4062500000,120194.0390625000,133353.8125000000,150420.2343750000,,,
36.5079999410,285,175344.5625000000,206884.7343750000,164977.8125000000,164061.2500000000,131323.9531250000,119555.4609375000,132635.3593750000,153699.2656250000,,,
36.5119999410,285,175466.0937500000,215587.0781250000,165206.0000000000,164357.9843750000,131640.0468750000,119839.0468750000,132951.5937500000,153981.6718750000,,,
36.5159999409,285,175827.0937500000,206662.4687500000,165747.0156250000,165164.5312500000,132414.6093750000,120583.4453125000,133781.8750000000,151434.2187500000,,,
36.5199999409,285,175954.9218750000,189803.3281250000,165924.3125000000,165507.3437500000,132709.4687500000,120880.9531250000,134116.5312500000,148976.8281250000,,,
36.5239999411,285,175622.8593750000,189292.3437500000,165385.5468750000,164751.5156250000,131950.2968750000,120169.2578125000,133326.8125000000,150395.4218750000,,,
36.5279999410,285,175321.2968750000,206534.3906250000,164946.7656250000,164051.1406250000,131294.5781250000,119525.8750000000,132606.8437500000,153681.2968750000,,,
36.5319999410,285,175440.0937500000,215418.6718750000,165173.9687500000,164328.6093750000,131609.7187500000,119801.9843750000,132919.1093750000,153968.8437500000,,,
36.5359999409,285,175817.8281250000,206556.8906250000,165733.8281250000,165142.9375000000,132400.6406250000,120562.7343750000,133768.8906250000,151416.4375000000,,,
36.5399999409,285,175954.0937500000,189817.6250000000,165920.5312500000,165480.8906250000,132704.9375000000,120868.1875000000,134115.9687500000,148965.3750000000,,,
36.5439999409,285,175626.7031250000,189240.7656250000,165390.6562500000,164723.1093750000,131959.7656250000,120162.7109375000,133336.3593750000,150360.3906250000,,,
36.5479999410,285,175329.0468750000,206483.1562500000,164955.4218750000,164017.3437500000,131309.9531250000,119525.2031250000,132622.6250000000,153664.9218750000,,,
36.5519999410,285,175458.6250000000,215434.3281250000,165194.6718750000,164320.9218750000,131636.2968750000,119818.7968750000,132950.3906250000,153978.6718750000,,,
36.5559999410,285,175822.1250000000,206490.0000000000,165742.1093750000,165135.0156250000,132415.7656250000,120571.9921875000,133792.1718750000,151390.4218750000,,,
36.5599999409,285,175952.6093750000,189773.8437500000,165920.6718750000,165473.6562500000,132708.3437500000,120865.1796875000,134128.3906250000,148935.7656250000,,,
36.5639999409,285,175626.6250000000,189082.7187500000,165392.1875000000,164731.3750000000,131963.9218750000,120166.0390625000,133346.2812500000,150312.1718750000,,,
36.5679999411,285,175320.4218750000,206288.1093750000,164946.0625000000,164021.9531250000,131299.3281250000,119516.0546875000,132615.2187500000,153623.2187500000,,,
36.5719999410,285,175446.8906250000,215282.8750000000,165183.5625000000,164327.5468750000,131621.6718750000,119807.2656250000,132934.4218750000,153949.2656250000,,,
36.5759999410,285,175828.2656250000,206334.9687500000,165751.7968750000,165154.7968750000,132421.9843750000,120574.2421875000,133788.7656250000,151372.8437500000,,,
36.5799999409,285,175979.4062500000,189587.8593750000,165952.1250000000,165513.0468750000,132739.2187500000,120885.0546875000,134147.2968750000,148929.3593750000,,,
36.5839999409,285,175665.6250000000,188790.9843750000,165433.2343750000,164793.3125000000,132005.2031250000,120202.2734375000,133379.0000000000,150306.7031250000,,,
36.5879999408,285,175347.6718750000,205978.2812500000,164974.5781250000,164062.6406250000,131326.0468750000,119546.9843750000,132635.9843750000,153621.2968750000,,,
36.5919999410,285,175448.3593750000,215057.1093750000,165186.5000000000,164321.9843750000,131623.3125000000,119820.8671875000,132935.9375000000,153949.2187500000,,,
36.5959999410,285,175817.3281250000,206218.4843750000,165743.0000000000,165136.8437500000,132411.1250000000,120580.4687500000,133784.0781250000,151377.0312500000,,,
36.5999999410,285,175970.3125000000,189414.4375000000,165944.8125000000,165509.7812500000,132728.9375000000,120899.1953125000,134143.9375000000,148912.8125000000,,,
36.6039999409,285,175649.3125000000,188452.0781250000,165418.3437500000,164792.2343750000,131987.1562500000,120204.1250000000,133368.1406250000,150248.9531250000,,,
36.6079999409,286,175324.9843750000,205546.6406250000,164952.4687500000,164035.2968750000,131303.9062500000,119543.8750000000,132624.4687500000,153548.0156250000,,,
36.6119999408,286,175434.7031250000,214569.4218750000,165175.7968750000,164309.2968750000,131613.3906250000,119817.2968750000,132934.2656250000,153873.9062500000,,,
36.6159999408,286,175810.8906250000,205719.4843750000,165739.0625000000,165147.2812500000,132407.7500000000,120574.1093750000,133777.2812500000,151314.1875000000,,,
36.6199999407,286,175953.1562500000,188820.4531250000,165932.5156250000,165499.1562500000,132722.0000000000,120887.1796875000,134128.1250000000,148841.4843750000,,,
36.6239999407,286,175618.9218750000,187698.8125000000,165403.1562500000,164744.7656250000,131981.7656250000,120189.5312500000,133366.5312500000,150144.0000000000,,,
36.6279999407,286,175305.2031250000,204627.0937500000,164947.9375000000,164016.0000000000,131307.0781250000,119537.0859375000,132636.0000000000,153425.0937500000,,,
36.6319999408,286,175414.2343750000,213724.8750000000,165159.9375000000,164290.2656250000,131600.1562500000,119804.8750000000,132926.8906250000,153797.7500000000,,,
36.6359999408,286,175775.6406250000,205223.5625000000,165701.7656250000,165093.8281250000,132368.3437500000,120539.1875000000,133749.2343750000,151313.6562500000,,,
36.6399999408,286,175925.2500000000,188580.5625000000,165905.5156250000,165464.6406250000,132690.6406250000,120859.5781250000,134113.6093750000,148855.5625000000,,,
36.6439999407,286,175627.3437500000,187237.4687500000,165420.5625000000,164786.8437500000,131997.8281250000,120215.9531250000,133398.6718750000,150078.2812500000,,,
36.6479999407,286,175334.1562500000,203684.9218750000,164992.3281250000,164095.6875000000,131355.1718750000,119593.8671875000,132699.0625000000,153268.4218750000,,,
36.6519999409,286,175442.1406250000,212454.4062500000,165201.7343750000,164358.8750000000,131647.8750000000,119856.6718750000,132987.5625000000,153621.0156250000,,,
36.6559999408,286,175796.1093750000,203889.5937500000,165728.4843750000,165138.8281250000,132400.4531250000,120570.5937500000,133786.0000000000,151176.8593750000,,,
36.6599999408,286,175941.1406250000,187304.3906250000,165925.3593750000,165492.3437500000,132716.9218750000,120885.9140625000,134139.4687500000,148752.9218750000,,,
36.6639999407,286,175652.5625000000,185549.0781250000,165465.7968750000,164836.3281250000,132054.4531250000,120275.7656250000,133455.2812500000,149870.4062500000,,,
36.6679999407,286,175363.7656250000,201203.5468750000,165059.1718750000,164163.6406250000,131435.6093750000,119683.2968750000,132787.4375000000,152922.9687500000,,,
36.6719999406,286,175448.7031250000,209576.4375000000,165236.4375000000,164393.3593750000,131694.0156250000,119915.1718750000,133042.7656250000,153287.1718750000,,,
36.6759999408,286,175778.8281250000,201350.7500000000,165710.1093750000,165120.5156250000,132385.3750000000,120570.2734375000,133772.1406250000,150999.8281250000,,,
36.6799999408,286,175917.5000000000,185554.5781250000,165882.9843750000,165441.7812500000,132671.1406250000,120847.8593750000,134087.1875000000,148742.6250000000,,,
36.6839999408,286,175635.0937500000,184176.8281250000,165442.6406250000,164801.6718750000,132030.2343750000,120258.0390625000,133436.7187500000,149848.6875000000,,,
36.6879999407,286,175362.9531250000,199718.0625000000,165063.0625000000,164168.1718750000,131439.0937500000,119700.2734375000,132806.4531250000,152819.6562500000,,,
36.6919999407,286,175466.8906250000,208270.9531250000,165243.8125000000,164409.5312500000,131697.9062500000,119924.2109375000,133053.4843750000,153248.9218750000,,,
36.6959999409,286,175787.3125000000,200765.9218750000,165688.5000000000,165099.4062500000,132357.0000000000,120538.2734375000,133742.2343750000,151117.9375000000,,,
36.6999999408,286,175921.9218750000,185778.0781250000,165852.3593750000,165411.1093750000,132632.5937500000,120809.2343750000,134043.5156250000,148954.1406250000,,,
36.7039999408,286,175656.8437500000,184599.6875000000,165443.8750000000,164804.0156250000,132026.2812500000,120258.3593750000,133426.0781250000,149986.4375000000,,,
36.7079999407,286,175377.1718750000,199960.4843750000,165071.9843750000,164167.5000000000,131444.5625000000,119701.7500000000,132802.3750000000,152850.9062500000,,,
36.7119999407,286,175458.8437500000,208600.0937500000,165232.5468750000,164376.2500000000,131680.0937500000,119900.5000000000,133024.5468750000,153294.5468750000,,,
36.7159999406,286,175774.5937500000,201534.3125000000,165664.0625000000,165057.8281250000,132321.7812500000,120500.2421875000,133688.9843750000,151254.2968750000,,,
36.7199999408,286,175899.2656250000,186906.5468750000,165818.3125000000,165374.3281250000,132585.2656250000,120754.9687500000,133974.7500000000,149104.4531250000,,,
36.7239999408,286,175635.7031250000,185703.3593750000,165424.0312500000,164784.3437500000,131993.7812500000,120214.9609375000,133380.2343750000,150072.5156250000,,,
36.7279999407,286,175358.4531250000,200909.9531250000,165054.8281250000,164157.8906250000,131416.0312500000,119665.3515625000,132767.9375000000,152892.9687500000,,,
36.7319999407,286,175428.1875000000,209585.5312500000,165194.7031250000,164357.1562500000,131633.7187500000,119845.2421875000,132967.4218750000,153345.2968750000,,,
36.7359999407,287,175740.3125000000,202696.1718750000,165619.6093750000,165031.8125000000,132272.1093750000,120439.3515625000,133627.7187500000,151340.2031250000,,,
36.7399999406,287,175886.7968750000,188170.7500000000,165797.2656250000,165364.0781250000,132563.6406250000,120727.6640625000,133951.9843750000,149214.4687500000,,,
36.7439999406,287,175655.1875000000,186858.3437500000,165436.4218750000,164808.1875000000,132009.8750000000,120224.5078125000,133398.2343750000,150173.1562500000,,,
36.7479999405,287,175391.9843750000,201960.0468750000,165083.7656250000,164191.0156250000,131449.7968750000,119692.3593750000,132804.7968750000,152995.6718750000,,,
36.7519999405,287,175463.1406250000,210654.9843750000,165229.1875000000,164380.0312500000,131672.2656250000,119880.7890625000,133010.9531250000,153471.1718750000,,,
36.7559999404,287,175772.5781250000,203818.2500000000,165652.9062500000,165047.2812500000,132307.1093750000,120466.7109375000,133664.0937500000,151473.5937500000,,,
36.7599999406,287,175917.3125000000,189218.5468750000,165831.3437500000,165379.5000000000,132599.3437500000,120750.9765625000,133982.5000000000,149320.9843750000,,,
36.7639999406,287,175674.2812500000,187706.3281250000,165462.2187500000,164811.4375000000,132038.4375000000,120243.6875000000,133422.4843750000,150238.3593750000,,,
36.7679999406,287,175405.6093750000,202715.1093750000,165104.3125000000,164188.6093750000,131469.8593750000,119700.5390625000,132821.4843750000,153053.7031250000,,,
36.7719999405,287,175477.9687500000,211421.6406250000,165246.0156250000,164390.1718750000,131686.1250000000,119877.5937500000,133019.7187500000,153532.6718750000,,,
36.7759999405,287,175785.1562500000,204584.7968750000,165662.5312500000,165056.6718750000,132315.2187500000,120461.6718750000,133666.8593750000,151525.9531250000,,,
36.7799999407,287,175926.9375000000,189909.3906250000,165836.6875000000,165384.4687500000,132607.1718750000,120746.2031250000,133985.4218750000,149353.7031250000,,,
36.7839999406,287,175672.1406250000,188249.1562500000,165454.5781250000,164804.8437500000,132034.9687500000,120227.3828125000,133412.2656250000,150245.0625000000,,,
36.7879999406,287,175391.7031250000,203252.2187500000,165080.9687500000,164164.8125000000,131449.0781250000,119676.8046875000,132795.8437500000,153072.8906250000,,,
36.7919999405,287,175462.0937500000,212061.5312500000,165222.1875000000,164362.2812500000,131662.4687500000,119859.1406250000,132996.1406250000,153577.1093750000,,,
36.7959999405,287,175769.3125000000,205278.6875000000,165643.4687500000,165029.6718750000,132295.9218750000,120449.8671875000,133647.5468750000,151570.6562500000,,,
36.7999999404,287,175907.3593750000,190500.7812500000,165818.3437500000,165367.2187500000,132589.1406250000,120735.1250000000,133969.6562500000,149363.6093750000,,,
36.8039999406,287,175664.2187500000,188703.0625000000,165446.3437500000,164821.8281250000,132026.0156250000,120227.7031250000,133406.3281250000,150251.0156250000,,,
36.8079999406,287,175388.7031250000,203772.1718750000,165072.8750000000,164185.1406250000,131434.5312500000,119674.9218750000,132780.9843750000,153114.0312500000,,,
36.8119999405,287,175455.0625000000,212709.0781250000,165213.6875000000,164347.2031250000,131646.2656250000,119850.8515625000,132979.7500000000,153624.2343750000,,,
36.8159999405,287,175768.3125000000,205871.0468750000,165645.4531250000,165004.1875000000,132292.6250000000,120456.4687500000,133647.0156250000,151582.6718750000,,,
36.8199999405,287,175926.0937500000,190818.7031250000,165838.6250000000,165361.5625000000,132608.6406250000,120766.4218750000,133989.8750000000,149331.7968750000,,,
36.8239999407,287,175677.9062500000,188811.5781250000,165455.5781250000,164793.9218750000,132036.9531250000,120248.4062500000,133415.3281250000,150219.1718750000,,,
36.8279999406,287,175386.9375000000,204036.0468750000,165061.0000000000,164121.3593750000,131425.9062500000,119667.5781250000,132765.9062500000,153150.6718750000,,,
36.8319999406,287,175452.1875000000,213180.2343750000,165198.8281250000,164304.3906250000,131636.2343750000,119844.6562500000,132962.2656250000,153694.1093750000,,,
36.8359999405,287,175777.5156250000,206231.2656250000,165653.7031250000,165014.6718750000,132307.0312500000,120472.8593750000,133660.6875000000,151597.8593750000,,,
36.8399999405,287,175931.2343750000,190797.8125000000,165854.6562500000,165385.9375000000,132633.5312500000,120790.6406250000,134017.7656250000,149269.4843750000,,,
36.8439999404,287,175661.1093750000,188851.2187500000,165428.7812500000,164778.0781250000,132015.0937500000,120222.7109375000,133385.3125000000,150250.5312500000,,,
36.8479999406,287,175340.0781250000,205357.7343750000,164964.5625000000,164034.3437500000,131317.9062500000,119550.5781250000,132629.2500000000,153500.5156250000,,,
36.8519999406,287,175409.4062500000,216013.4687500000,165106.1093750000,164217.2812500000,131522.4062500000,119717.7343750000,132814.0468750000,154226.5781250000,,,
36.8559999405,287,175781.2812500000,209034.9062500000,165661.3281250000,165022.5781250000,132305.8281250000,120469.4531250000,133650.5468750000,151877.1250000000,,,
36.8599999405,287,175968.8750000000,192142.7031250000,165931.1093750000,165474.7187500000,132717.6250000000,120883.4765625000,134118.1406250000,149172.9843750000,,,
36.8639999405,288,175690.8593750000,189343.5156250000,165476.0625000000,164852.3750000000,132069.8750000000,120274.5625000000,133447.3125000000,150145.2812500000,,,
36.8679999404,288,175356.5156250000,205788.0625000000,164987.9531250000,164075.5156250000,131344.3906250000,119568.1171875000,132660.6875000000,153472.0468750000,,,
36.8719999404,288,175435.4062500000,215697.6718750000,165164.3125000000,164279.7968750000,131590.1562500000,119785.1640625000,132902.4843750000,154019.0625000000,,,
36.8759999403,288,175803.1875000000,207930.8281250000,165711.9843750000,165093.5625000000,132367.9218750000,120529.6093750000,133733.7500000000,151599.0937500000,,,
36.8799999403,288,175977.2343750000,190966.9531250000,165949.3750000000,165521.6406250000,132743.0000000000,120897.5546875000,134151.5312500000,149005.0781250000,,,
36.8839999402,288,175678.7656250000,188392.1718750000,165462.5937500000,164834.1093750000,132062.9218750000,120258.5781250000,133442.4375000000,150065.7500000000,,,
36.8879999404,288,175341.6875000000,205203.4687500000,164965.6406250000,164032.0937500000,131325.6093750000,119544.2734375000,132641.5312500000,153475.4375000000,,,
36.8919999404,288,175427.5156250000,215550.0781250000,165144.3906250000,164244.0781250000,131571.8906250000,119762.6875000000,132876.4062500000,154092.3437500000,,,
36.8959999403,288,175805.2187500000,208074.4531250000,165706.3593750000,165062.2031250000,132363.9218750000,120520.3281250000,133719.5312500000,151689.7500000000,,,
36.8999999403,288,175986.4843750000,191125.4218750000,165954.5468750000,165498.2812500000,132751.6562500000,120903.5625000000,134154.7187500000,149059.9531250000,,,
36.9039999403,288,175694.3437500000,188384.5781250000,165474.0468750000,164831.2031250000,132078.0000000000,120272.0937500000,133458.8593750000,150070.4218750000,,,
36.9079999404,288,175359.0937500000,205073.2500000000,164980.5468750000,164035.2343750000,131341.4687500000,119555.6171875000,132658.4843750000,153455.7187500000,,,
36.9119999404,288,175439.6718750000,215393.7187500000,165157.9062500000,164255.1718750000,131584.2812500000,119771.2734375000,132895.4062500000,154070.3750000000,,,
36.9159999404,288,175797.9375000000,207933.1562500000,165701.4843750000,165055.6562500000,132356.9531250000,120516.9218750000,133722.2500000000,151662.7968750000,,,
36.9199999403,288,175966.3125000000,190924.3906250000,165941.3750000000,165464.2343750000,132737.7343750000,120898.2031250000,134152.2031250000,149014.8125000000,,,
36.9239999403,288,175667.9843750000,188045.0312500000,165457.0781250000,164795.7812500000,132063.1093750000,120268.7421875000,133455.8437500000,150004.6718750000,,,
36.9279999402,288,175320.9531250000,204739.1562500000,164945.9843750000,163998.8593750000,131309.9531250000,119542.2109375000,132639.4687500000,153405.7187500000,,,
36.9319999404,288,175397.0000000000,215207.8281250000,165116.4375000000,164214.3750000000,131544.2343750000,119747.8828125000,132868.0468750000,154050.2343750000,,,
36.9359999404,288,175761.7812500000,207854.8125000000,165669.7187500000,165035.6250000000,132323.4218750000,120498.8984375000,133705.5156250000,151655.2343750000,,,
36.9399999403,288,175936.9843750000,190820.6875000000,165918.3593750000,165473.1718750000,132712.2812500000,120885.2734375000,134144.7500000000,148989.5468750000,,,
36.9439999403,288,175650.2968750000,187790.5468750000,165443.7187500000,164823.2656250000,132050.6406250000,120256.8828125000,133455.9062500000,149953.3125000000,,,
36.9479999403,288,175315.2656250000,204422.6250000000,164942.0937500000,164037.5937500000,131307.7968750000,119534.7031250000,132648.3125000000,153360.5312500000,,,
36.9519999404,288,175392.7031250000,214918.8125000000,165112.7812500000,164246.3750000000,131543.2187500000,119746.7031250000,132881.3125000000,154015.1406250000,,,
36.9559999404,288,175758.6562500000,207574.7343750000,165667.3906250000,165056.4062500000,132322.7812500000,120498.2031250000,133717.0625000000,151617.8906250000,,,
36.9599999404,288,175938.4531250000,190434.1562500000,165922.0625000000,165505.0000000000,132717.1718750000,120888.1718750000,134161.3281250000,148932.5937500000,,,
36.9639999403,288,175647.6250000000,187160.6562500000,165446.6718750000,164858.2187500000,132055.8906250000,120271.9843750000,133478.7812500000,149855.0156250000,,,
36.9679999403,288,175310.8906250000,203574.5468750000,164945.9531250000,164061.5156250000,131315.3125000000,119553.0703125000,132674.9218750000,153235.2968750000,,,
36.9719999402,288,175393.9843750000,213953.4843750000,165125.3906250000,164272.2968750000,131558.9687500000,119762.8984375000,132911.0156250000,153889.1406250000,,,
36.9759999404,288,175760.0312500000,206590.7187500000,165677.2031250000,165077.3593750000,132336.9687500000,120508.8515625000,133741.6093750000,151513.2812500000,,,
36.9799999404,288,175941.7968750000,189519.5468750000,165927.4062500000,165502.8906250000,132729.6093750000,120896.5937500000,134177.4687500000,148868.6875000000,,,
36.9839999403,288,175659.2656250000,186246.8750000000,165462.5781250000,164849.8281250000,132080.7343750000,120285.6406250000,133505.8750000000,149794.0937500000,,,
36.9879999403,288,175323.0468750000,202549.7031250000,164964.9375000000,164055.5468750000,131341.2500000000,119572.8437500000,132701.8281250000,153141.3125000000,,,
36.9919999402,289,175394.1718750000,212978.7656250000,165124.2656250000,164237.6875000000,131559.7968750000,119762.1484375000,132911.1406250000,153815.4062500000,,,
36.9959999402,289,175745.0156250000,205945.3437500000,165652.5468750000,165009.5781250000,132309.2031250000,120478.1640625000,133710.2812500000,151512.1875000000,,,
36.9999999402,289,175930.5156250000,189099.4687500000,165911.0937500000,165455.9218750000,132709.9062500000,120874.7890625000,134153.6562500000,148884.4843750000,,,
37.0039999401,289,175674.0625000000,185479.9062500000,165492.7812500000,164872.7812500000,132110.3750000000,120316.6406250000,133538.5156250000,149689.3593750000,,,
37.0079999401,289,175366.0156250000,200963.8750000000,165037.6562500000,164138.8437500000,131419.2187500000,119657.2500000000,132797.0781250000,152877.7343750000,,,
37.0119999400,289,175436.9843750000,210820.8281250000,165193.1406250000,164325.8750000000,131637.2812500000,119849.0546875000,133011.1406250000,153532.1093750000,,,
37.0159999402,289,175776.3125000000,203898.5781250000,165690.8281250000,165072.9062500000,132351.5000000000,120528.8359375000,133764.0156250000,151369.4375000000,,,
37.0199999402,289,175947.4375000000,187626.2656250000,165920.8750000000,165479.4687500000,132715.9375000000,120887.8203125000,134164.6718750000,148889.9062500000,,,
37.0239999401,289,175696.6562500000,184225.9687500000,165515.0156250000,164911.1093750000,132130.0937500000,120346.4687500000,133564.5625000000,149675.6562500000,,,
37.0279999401,289,175384.8437500000,199459.9062500000,165067.4375000000,164178.9687500000,131451.3593750000,119698.6640625000,132836.1718750000,152757.4843750000,,,
37.0319999401,289,175431.3593750000,209316.1875000000,165190.4375000000,164331.4375000000,131636.4218750000,119855.0390625000,133007.2968750000,153426.0468750000,,,
37.0359999402,289,175745.1718750000,202877.2500000000,165645.2656250000,165029.2968750000,132303.4843750000,120482.7265625000,133708.4531250000,151381.3281250000,,,
37.0399999402,289,175906.1093750000,187347.7343750000,165856.2343750000,165425.6718750000,132643.2812500000,120811.9140625000,134083.0625000000,149005.0781250000,,,
37.0439999402,289,175661.9375000000,184184.3906250000,165469.8750000000,164879.6718750000,132080.7343750000,120297.9531250000,133511.5000000000,149731.3593750000,,,
37.0479999401,289,175358.5312500000,199201.4687500000,165044.6093750000,164175.5625000000,131427.7500000000,119679.0859375000,132814.2343750000,152714.0312500000,,,
37.0519999401,289,175407.5312500000,209089.5625000000,165164.4218750000,164314.8281250000,131608.9375000000,119830.2812500000,132980.0781250000,153412.7968750000,,,
37.0559999400,289,175717.9218750000,203072.7343750000,165601.2656250000,164992.2187500000,132254.7500000000,120434.8515625000,133654.0156250000,151465.2031250000,,,
37.0599999402,289,175890.1406250000,187997.6406250000,165819.8437500000,165384.4375000000,132604.3750000000,120770.6328125000,134033.3750000000,149155.6250000000,,,
37.0639999402,289,175661.8281250000,184891.9687500000,165461.2812500000,164848.5312500000,132075.9531250000,120288.1328125000,133500.7812500000,149838.7031250000,,,
37.0679999401,289,175377.8437500000,199717.2812500000,165064.4531250000,164168.5937500000,131451.9375000000,119692.9765625000,132840.3906250000,152766.3593750000,,,
37.0719999401,289,175427.4687500000,209629.1250000000,165180.6250000000,164314.7812500000,131624.7812500000,119831.7265625000,132995.0781250000,153480.0156250000,,,
37.0759999400,289,175744.6875000000,203865.7812500000,165619.9687500000,164996.2187500000,132270.0937500000,120434.0468750000,133658.8906250000,151593.2656250000,,,
37.0799999402,289,175912.7343750000,188997.8906250000,165835.9843750000,165381.9218750000,132618.7343750000,120767.3906250000,134038.1875000000,149297.3593750000,,,
37.0839999402,289,175685.3593750000,185809.5781250000,165487.0312500000,164854.1093750000,132100.4687500000,120297.5234375000,133521.3750000000,149938.7187500000,,,
37.0879999402,289,175400.2968750000,200460.6093750000,165089.7500000000,164178.3906250000,131475.4687500000,119709.3671875000,132859.2968750000,152832.5000000000,,,
37.0919999401,289,175451.2031250000,210340.0937500000,165204.8125000000,164319.1406250000,131645.5156250000,119846.7500000000,133009.1250000000,153552.9531250000,,,
37.0959999401,289,175755.6093750000,204637.2343750000,165625.8593750000,164980.3593750000,132273.5000000000,120431.5781250000,133659.3750000000,151673.1250000000,,,
37.0999999400,289,175917.8593750000,189826.3437500000,165833.6562500000,165370.3281250000,132613.8750000000,120757.3828125000,134027.4531250000,149371.3750000000,,,
37.1039999402,289,175698.9375000000,186534.5000000000,165496.5781250000,164874.5781250000,132105.5468750000,120292.4765625000,133512.4218750000,149980.1562500000,,,
37.1079999402,289,175415.2656250000,201048.4687500000,165105.8906250000,164202.2031250000,131483.9375000000,119702.4687500000,132853.0000000000,152852.4062500000,,,
37.1119999401,289,175454.7187500000,210936.9687500000,165209.7812500000,164325.5312500000,131643.2968750000,119833.5000000000,133002.6562500000,153584.1875000000,,,
37.1159999401,289,175754.4843750000,205369.0781250000,165626.2343750000,164974.1718750000,132267.1718750000,120416.1562500000,133648.7343750000,151732.1562500000,,,
37.1199999400,290,175926.6250000000,190513.1718750000,165845.5156250000,165384.1718750000,132620.9843750000,120757.9218750000,134031.9375000000,149423.1250000000,,,
37.1239999400,290,175712.5000000000,187013.7031250000,165511.2031250000,164889.6562500000,132119.0937500000,120312.3515625000,133534.8437500000,150009.2968750000,,,
37.1279999400,290,175408.4687500000,201429.6093750000,165100.1562500000,164181.8125000000,131477.2031250000,119713.6875000000,132861.1250000000,152870.1093750000,,,
37.1319999399,290,175442.1875000000,211338.0156250000,165197.8593750000,164303.9062500000,131630.2031250000,119836.9843750000,132994.9687500000,153609.4843750000,,,
37.1359999399,290,175746.2968750000,205851.2812500000,165618.4843750000,164961.9062500000,132256.4687500000,120413.3359375000,133639.0781250000,151773.4843750000,,,
37.1399999398,290,175912.2968750000,190966.9531250000,165830.6562500000,165364.8906250000,132607.1718750000,120747.0859375000,134018.3906250000,149445.6718750000,,,
37.1439999400,290,175690.1562500000,187349.6718750000,165489.6093750000,164875.3593750000,132101.9843750000,120294.1640625000,133517.6406250000,150002.5937500000,,,
37.1479999400,290,175393.0312500000,201723.0625000000,165083.2031250000,164194.7968750000,131463.3906250000,119694.5625000000,132848.3750000000,152868.3125000000,,,
37.1519999399,290,175423.9218750000,211728.0625000000,165174.4843750000,164303.2656250000,131606.6562500000,119805.8984375000,132976.3437500000,153624.7031250000,,,
37.1559999399,290,175727.8125000000,206273.9375000000,165595.0781250000,164952.9843750000,132233.0000000000,120387.4843750000,133618.3906250000,151785.9062500000,,,
37.1599999398,290,175907.2343750000,191404.9062500000,165824.8125000000,165360.1875000000,132600.2812500000,120737.9921875000,134012.8593750000,149467.5625000000,,,
37.1639999400,290,175694.7500000000,187744.1093750000,165494.4843750000,164874.2812500000,132106.4531250000,120291.5937500000,133520.1093750000,150025.9687500000,,,
37.1679999400,290,175399.5625000000,202186.5781250000,165087.6562500000,164175.1718750000,131468.3281250000,119690.0546875000,132846.3750000000,152920.5625000000,,,
37.1719999400,290,175433.3906250000,212322.1718750000,165183.7031250000,164290.6562500000,131615.1250000000,119803.5937500000,132973.2968750000,153698.7500000000,,,
37.1759999399,290,175744.2031250000,206844.6093750000,165612.3281250000,164963.0625000000,132249.8437500000,120392.1250000000,133627.3281250000,151839.3125000000,,,
37.1799999399,290,175922.5781250000,191867.8593750000,165839.9843750000,165364.8906250000,132615.3281250000,120746.8203125000,134023.0625000000,149489.0781250000,,,
37.1839999398,290,175697.4531250000,188102.2187500000,165494.4843750000,164850.3593750000,132107.9062500000,120289.8515625000,133520.0000000000,150038.5781250000,,,
37.1879999400,290,175399.4062500000,202712.7187500000,165075.3437500000,164155.0156250000,131454.2812500000,119675.1171875000,132828.6093750000,152994.0625000000,,,
37.1919999400,290,175435.7812500000,213127.3437500000,165170.1250000000,164281.0000000000,131597.0781250000,119788.1718750000,132948.3750000000,153815.1562500000,,,
37.1959999399,290,175753.6250000000,207705.6875000000,165615.6406250000,164954.1093750000,132249.6562500000,120396.2812500000,133627.6250000000,151928.5937500000,,,
37.1999999399,290,175940.4062500000,192455.9843750000,165860.3750000000,165380.5000000000,132637.2343750000,120774.3359375000,134050.8750000000,149506.5156250000,,,
37.2039999398,290,175710.8906250000,188561.9687500000,165499.2343750000,164866.2968750000,132112.7812500000,120293.5781250000,133521.0312500000,150082.2500000000,,,
37.2079999400,290,175384.0625000000,203854.4375000000,165028.0781250000,164100.8125000000,131395.3437500000,119608.7265625000,132753.9218750000,153225.8281250000,,,
37.2119999400,290,175411.9062500000,215110.1406250000,165118.1718750000,164205.0781250000,131531.9843750000,119713.6562500000,132871.8593750000,154138.0781250000,,,
37.2159999399,290,175753.7812500000,209510.2500000000,165623.3750000000,164953.4687500000,132255.6093750000,120402.6875000000,133636.7343750000,152056.7031250000,,,
37.2199999399,290,175970.2656250000,193044.5312500000,165925.9531250000,165455.4062500000,132715.2656250000,120858.1015625000,134142.9531250000,149348.5312500000,,,
37.2239999399,290,175742.9531250000,188247.6406250000,165551.7343750000,164937.7187500000,132179.2187500000,120367.8984375000,133596.8593750000,149883.5000000000,,,
37.2279999398,290,175399.3281250000,203457.6718750000,165047.1562500000,164129.0000000000,131422.5937500000,119642.9843750000,132787.5000000000,153129.0468750000,,,
37.2319999400,290,175422.9062500000,214583.7031250000,165138.4843750000,164235.2812500000,131558.4531250000,119749.1718750000,132904.1718750000,154029.6562500000,,,
37.2359999400,290,175766.6093750000,208806.4531250000,165647.2656250000,164995.6250000000,132283.9687500000,120437.0468750000,133670.3437500000,151940.2187500000,,,
37.2399999399,290,175972.4375000000,192258.0937500000,165936.5781250000,165490.8906250000,132729.1562500000,120873.4453125000,134163.5781250000,149246.5312500000,,,
37.2439999399,290,175717.3906250000,187767.9531250000,165519.3593750000,164916.2812500000,132145.9687500000,120328.5000000000,133566.7812500000,149891.4843750000,,,
37.2479999398,291,175347.8593750000,203986.7968750000,164968.1875000000,164059.5156250000,131334.3593750000,119543.6875000000,132690.7500000000,153344.5625000000,,,
37.2519999398,291,175390.1250000000,215807.8281250000,165093.0937500000,164196.9687500000,131502.1875000000,119689.0859375000,132846.7656250000,154260.6406250000,,,
37.2559999397,291,175769.9531250000,209716.6875000000,165667.1718750000,165034.9687500000,132299.2031250000,120453.3593750000,133699.5000000000,151982.9218750000,,,
37.2599999397,291,176004.8125000000,192399.9218750000,165994.1093750000,165578.7187500000,132786.4218750000,120932.6640625000,134238.2812500000,149141.3593750000,,,
37.2639999397,291,175741.9062500000,187307.7500000000,165558.1875000000,164976.1562500000,132189.1718750000,120379.0859375000,133619.4687500000,149738.9218750000,,,
37.2679999396,291,175358.5000000000,203213.7812500000,164985.5468750000,164067.4218750000,131357.8593750000,119577.5859375000,132718.0000000000,153195.4062500000,,,
37.2719999398,291,175385.0625000000,215047.3906250000,165087.2031250000,164162.2187500000,131502.8593750000,119695.5781250000,132848.5156250000,154166.6562500000,,,
37.2759999398,291,175749.1093750000,209234.7812500000,165638.0468750000,164968.1875000000,132273.3750000000,120432.7578125000,133670.9375000000,151967.6250000000,,,
37.2799999397,291,175971.2031250000,192183.6875000000,165952.2031250000,165502.2656250000,132746.8125000000,120898.0156250000,134193.1093750000,149157.8750000000,,,
37.2839999397,291,175715.2656250000,187166.0156250000,165528.9531250000,164933.4843750000,132162.7812500000,120350.1484375000,133589.7187500000,149741.5312500000,,,
37.2879999396,291,175344.8281250000,203018.3593750000,164971.6250000000,164063.2656250000,131347.8750000000,119563.3203125000,132709.0937500000,153164.9687500000,,,
37.2919999398,291,175378.5468750000,214745.4062500000,165083.2343750000,164180.5000000000,131500.5468750000,119694.0234375000,132849.9843750000,154108.7343750000,,,
37.2959999398,291,175739.3281250000,208848.2500000000,165632.5937500000,164979.0468750000,132268.8125000000,120427.4765625000,133669.7031250000,151904.8593750000,,,
37.2999999397,291,175963.9062500000,191786.9062500000,165947.8125000000,165502.2187500000,132743.5937500000,120893.6953125000,134194.2343750000,149110.9687500000,,,
37.3039999397,291,175714.0312500000,186706.7968750000,165529.6875000000,164932.8125000000,132164.5000000000,120351.1875000000,133595.6718750000,149690.6406250000,,,
37.3079999397,291,175351.9531250000,202550.0937500000,164981.8437500000,164076.0312500000,131356.0000000000,119568.5234375000,132716.8125000000,153131.1093750000,,,
37.3119999396,291,175389.9687500000,214413.6406250000,165097.5312500000,164184.8437500000,131513.9843750000,119701.6953125000,132862.2500000000,154114.8125000000,,,
37.3159999398,291,175750.8593750000,208731.0937500000,165642.3593750000,164967.7812500000,132279.0625000000,120434.7421875000,133675.9843750000,151947.1406250000,,,
37.3199999398,291,175976.4531250000,191749.0781250000,165957.7656250000,165488.5156250000,132756.5937500000,120901.6875000000,134200.9375000000,149147.1562500000,,,
37.3239999397,291,175728.8125000000,186605.0156250000,165543.3281250000,164925.2656250000,132182.9843750000,120362.9140625000,133610.8593750000,149704.8281250000,,,
37.3279999397,291,175369.6562500000,202451.2656250000,164995.7343750000,164076.7812500000,131373.4843750000,119583.6250000000,132735.9375000000,153151.8750000000,,,
37.3319999396,291,175404.6718750000,214436.4218750000,165106.9687500000,164196.2812500000,131522.0000000000,119708.3750000000,132867.1562500000,154153.3906250000,,,
37.3359999398,291,175756.0156250000,208845.8906250000,165645.2031250000,164979.9062500000,132279.4375000000,120436.3281250000,133674.9062500000,151982.2500000000,,,
37.3399999398,291,175973.5312500000,191860.5312500000,165956.3125000000,165504.3281250000,132753.0000000000,120902.9765625000,134200.3281250000,149160.9843750000,,,
37.3439999397,291,175724.0156250000,186579.2812500000,165541.7031250000,164951.4531250000,132182.2500000000,120369.2187500000,133611.0625000000,149690.7187500000,,,
37.3479999397,291,175362.6093750000,202349.4375000000,164992.0937500000,164087.9375000000,131371.2656250000,119583.5703125000,132730.9843750000,153136.1250000000,,,
37.3519999397,291,175396.2500000000,214387.4687500000,165100.7656250000,164196.2187500000,131519.4062500000,119704.6171875000,132862.2968750000,154151.0312500000,,,
37.3559999396,291,175748.0625000000,208845.4062500000,165640.7031250000,164979.9375000000,132277.3437500000,120431.0937500000,133671.3125000000,151981.5781250000,,,
37.3599999398,291,175967.3593750000,191811.6562500000,165955.0781250000,165503.6093750000,132755.1250000000,120903.8593750000,134200.1406250000,149145.4375000000,,,
37.3639999398,291,175710.2812500000,186372.6562500000,165533.8593750000,164945.5781250000,132178.7968750000,120370.0234375000,133607.4218750000,149644.3750000000,,,
37.3679999397,291,175337.6875000000,202033.9687500000,164969.3437500000,164075.2812500000,131351.7656250000,119575.4687500000,132713.4687500000,153077.8750000000,,,
37.3719999397,291,175357.1875000000,214083.6875000000,165064.6093750000,164171.0937500000,131483.4843750000,119682.0859375000,132830.2812500000,154094.8906250000,,,
37.3759999396,292,175707.5468750000,208602.4218750000,165601.3281250000,164950.4843750000,132237.9687500000,120404.6718750000,133639.1718750000,151938.6093750000,,,
37.3799999396,292,175934.4843750000,191558.9375000000,165924.3437500000,165484.9687500000,132725.1406250000,120881.3046875000,134180.4218750000,149100.1562500000,,,
37.3839999395,292,175701.3437500000,185899.3437500000,165533.0625000000,164947.0000000000,132179.7812500000,120371.6328125000,133617.3125000000,149561.9062500000,,,
37.3879999395,292,175352.7656250000,201272.7187500000,164997.3906250000,164101.2968750000,131380.7343750000,119604.2265625000,132750.5937500000,152960.3593750000,,,
37.3919999395,292,175386.5312500000,213186.8593750000,165101.6250000000,164205.1875000000,131522.2968750000,119722.3984375000,132875.2656250000,153993.1718750000,,,
37.3959999394,292,175733.9062500000,207794.1718750000,165628.1406250000,164974.2500000000,132266.0781250000,120427.8750000000,133664.5000000000,151890.2187500000,,,
37.3999999396,292,175953.3593750000,190971.4531250000,165938.7968750000,165488.3750000000,132739.1875000000,120887.9296875000,134183.2968750000,149103.7812500000,,,
37.4039999396,292,175728.5937500000,185288.3125000000,165561.7031250000,164975.1406250000,132210.3593750000,120396.4687500000,133642.9062500000,149531.9687500000,,,
37.4079999395,292,175387.0156250000,200238.2968750000,165046.4062500000,164154.5468750000,131434.1406250000,119653.6562500000,132809.2968750000,152816.5781250000,,,
37.4119999395,292,175423.1718750000,211712.0781250000,165157.2031250000,164265.0156250000,131582.6250000000,119777.2500000000,132941.9375000000,153789.3906250000,,,
37.4159999394,292,175770.2968750000,206121.4843750000,165676.6875000000,165024.0000000000,132316.1718750000,120475.8046875000,133718.5781250000,151712.7031250000,,,
37.4199999396,292,175990.0625000000,189374.0468750000,165978.8437500000,165533.0625000000,132778.7031250000,120924.4296875000,134221.1093750000,148996.4843750000,,,
37.4239999396,292,175770.5781250000,183585.1406250000,165612.9062500000,165031.4687500000,132264.9531250000,120449.1484375000,133696.0156250000,149398.5000000000,,,
37.4279999395,292,175437.0468750000,198016.0156250000,165120.2656250000,164239.5625000000,131515.5156250000,119734.2265625000,132898.2187500000,152571.2812500000,,,
37.4319999395,292,175455.8906250000,209293.2500000000,165205.6250000000,164319.4687500000,131633.6562500000,119826.0703125000,132998.4062500000,153570.3750000000,,,
37.4359999395,292,175764.9687500000,204296.1875000000,165662.2656250000,165007.3281250000,132295.5000000000,120447.9375000000,133690.8437500000,151673.1406250000,,,
37.4399999394,292,175964.2031250000,188552.5937500000,165928.1562500000,165473.0625000000,132715.5312500000,120855.0156250000,134146.2968750000,149121.8906250000,,,
37.4439999396,292,175751.9375000000,183175.7968750000,165584.6093750000,164999.5937500000,132225.7031250000,120408.0234375000,133650.6250000000,149472.9375000000,,,
37.4479999396,292,175427.5156250000,197350.5312500000,165114.2031250000,164231.4375000000,131504.2500000000,119730.6875000000,132884.0781250000,152509.8593750000,,,
37.4519999395,292,175440.0781250000,208606.7656250000,165183.5625000000,164291.9218750000,131607.7812500000,119809.1718750000,132968.7812500000,153519.6406250000,,,
37.4559999395,292,175743.7968750000,204115.7656250000,165616.6718750000,164959.0625000000,132244.9687500000,120403.2031250000,133631.3750000000,151751.3281250000,,,
37.4599999394,292,175948.5625000000,189007.4687500000,165884.1406250000,165422.0468750000,132665.5156250000,120804.5937500000,134084.7968750000,149294.5937500000,,,
37.4639999396,292,175743.2968750000,183846.7031250000,165559.5937500000,164961.6250000000,132197.7343750000,120380.2109375000,133614.4687500000,149607.4218750000,,,
37.4679999396,292,175431.5937500000,197898.1093750000,165114.5000000000,164219.2031250000,131503.3125000000,119730.1250000000,132879.5781250000,152574.6718750000,,,
37.4719999395,292,175445.8125000000,209204.9843750000,165184.7031250000,164282.6093750000,131605.8437500000,119803.6718750000,132958.2187500000,153600.9843750000,,,
37.4759999395,292,175737.9375000000,205084.2500000000,165604.3281250000,164922.3750000000,132225.3593750000,120375.4921875000,133597.8750000000,151899.5000000000,,,
37.4799999394,292,175938.4531250000,190228.4843750000,165871.7500000000,165390.0468750000,132650.8437500000,120779.6718750000,134057.4218750000,149452.2031250000,,,
37.4839999394,292,175745.8125000000,184992.0937500000,165565.0937500000,164959.2031250000,132206.9843750000,120378.3359375000,133614.6406250000,149725.6250000000,,,
37.4879999396,292,175433.4218750000,198919.6562500000,165121.6875000000,164218.3750000000,131512.3750000000,119729.1875000000,132884.1093750000,152664.0625000000,,,
37.4919999395,292,175436.9531250000,210304.5781250000,165176.5625000000,164267.9375000000,131596.8593750000,119789.0546875000,132949.5781250000,153704.7656250000,,,
37.4959999395,292,175723.0468750000,206574.0312500000,165580.4843750000,164895.7500000000,132196.9218750000,120347.6796875000,133569.5781250000,152060.6250000000,,,
37.4999999395,292,175928.7187500000,191668.1406250000,165852.3750000000,165381.3281250000,132632.4687500000,120766.1015625000,134036.3906250000,149562.7656250000,,,
37.5039999394,293,175739.2500000000,186137.9218750000,165549.0000000000,164959.3906250000,132190.2500000000,120367.5234375000,133596.2031250000,149787.2031250000,,,
37.5079999394,293,175420.8593750000,200033.9218750000,165098.0625000000,164215.1093750000,131484.4843750000,119704.8046875000,132852.3593750000,152740.1093750000,,,
37.5119999393,293,175422.5625000000,211513.0312500000,165151.0312500000,164261.3750000000,131565.6093750000,119761.1562500000,132907.9843750000,153799.9218750000,,,
37.5159999393,293,175718.8906250000,207779.0625000000,165568.2031250000,164902.1718750000,132181.0000000000,120332.3593750000,133543.3750000000,152145.2656250000,,,
37.5199999392,293,175928.4687500000,192682.0937500000,165851.7656250000,165394.8437500000,132634.2656250000,120757.4687500000,134030.4531250000,149601.0625000000,,,
37.5239999392,293,175731.0156250000,186918.7187500000,165543.0156250000,164958.0468750000,132190.2500000000,120354.4609375000,133588.9062500000,149802.0156250000,,,
37.5279999394,293,175407.0312500000,200853.1406250000,165083.7656250000,164192.4687500000,131474.7500000000,119679.2734375000,132836.1718750000,152805.4375000000,,,
37.5319999394,293,175417.1093750000,212482.4218750000,165145.5625000000,164248.2031250000,131564.3750000000,119744.9843750000,132902.3281250000,153901.5000000000,,,
37.5359999393,293,175731.6875000000,208462.0312500000,165589.1406250000,164914.9218750000,132212.1406250000,120352.5625000000,133574.9062500000,152174.0781250000,,,
37.5399999393,293,175949.8281250000,193085.8906250000,165881.6093750000,165413.8125000000,132669.1250000000,120793.5156250000,134067.5781250000,149586.2031250000,,,
37.5439999392,293,175754.5625000000,187255.3437500000,165563.5000000000,164976.2812500000,132212.8906250000,120382.1406250000,133608.6562500000,149822.3750000000,,,
37.5479999394,293,175403.5937500000,201761.7187500000,165051.0468750000,164149.8437500000,131435.0468750000,119643.1171875000,132779.7968750000,152998.4531250000,,,
37.5519999394,293,175396.5625000000,214244.0000000000,165091.6718750000,164164.0312500000,131498.2343750000,119676.6953125000,132814.6406250000,154208.8281250000,,,
37.5559999393,293,175731.5000000000,210058.8593750000,165588.4218750000,164893.4843750000,132206.6406250000,120349.6328125000,133559.6718750000,152306.3437500000,,,
37.5599999393,293,175982.2031250000,193780.5625000000,165940.0937500000,165463.9218750000,132727.6562500000,120861.9375000000,134132.7031250000,149496.4062500000,,,
37.5639999392,293,175771.7187500000,187427.2968750000,165594.8125000000,164993.5937500000,132246.8125000000,120421.5468750000,133647.3281250000,149718.0781250000,,,
37.5679999392,293,175405.6250000000,202040.4531250000,165048.0312500000,164124.5468750000,131432.1250000000,119645.1796875000,132777.0312500000,153000.5781250000,,,
37.5719999394,293,175404.9062500000,214471.1562500000,165105.1093750000,164164.5468750000,131513.5000000000,119700.0078125000,132837.0625000000,154181.9531250000,,,
37.5759999393,293,175746.7812500000,210033.2031250000,165613.8437500000,164910.5000000000,132236.8906250000,120382.8125000000,133599.1875000000,152239.4687500000,,,
37.5799999393,293,175992.3125000000,193675.2343750000,165955.0468750000,165471.6875000000,132748.2812500000,120882.5078125000,134159.2812500000,149448.4687500000,,,
37.5839999393,293,175773.2500000000,187397.6562500000,165594.0781250000,164993.0468750000,132249.7343750000,120415.0546875000,133650.2343750000,149719.0000000000,,,
37.5879999392,293,175397.0781250000,202504.7656250000,165024.5468750000,164111.2187500000,131404.9531250000,119602.2109375000,132741.6250000000,153118.0312500000,,,
37.5919999394,293,175404.0156250000,215259.5312500000,165100.2812500000,164178.4687500000,131502.5312500000,119680.1562500000,132823.2187500000,154288.5468750000,,,
37.5959999394,293,175759.2031250000,210493.0312500000,165642.2343750000,164961.4531250000,132264.6562500000,120410.4687500000,133637.8906250000,152198.3750000000,,,
37.5999999393,293,176011.4843750000,193401.7343750000,165994.0312500000,165543.0156250000,132793.8750000000,120931.1953125000,134220.1718750000,149276.5468750000,,,
37.6039999393,293,175794.2343750000,186584.2500000000,165624.0625000000,165065.3437500000,132289.1093750000,120463.6796875000,133701.8906250000,149538.1875000000,,,
37.6079999392,293,175406.0312500000,201528.0937500000,165034.2187500000,164145.3750000000,131425.2812500000,119636.8359375000,132772.2812500000,152979.9218750000,,,
37.6119999392,293,175398.2031250000,214418.9843750000,165087.6875000000,164153.8750000000,131500.3593750000,119691.0156250000,132827.0781250000,154223.7968750000,,,
37.6159999394,293,175739.9218750000,210073.6718750000,165611.4062500000,164906.6562500000,132237.6406250000,120393.9453125000,133612.4843750000,152226.9687500000,,,
37.6199999393,293,175987.9062500000,193211.1875000000,165966.9375000000,165489.3906250000,132770.6562500000,120910.8046875000,134200.6406250000,149313.8281250000,,,
37.6239999393,293,175774.5156250000,186345.9062500000,165604.1875000000,165024.2812500000,132272.5312500000,120445.8984375000,133688.3437500000,149539.1875000000,,,
37.6279999393,293,175391.8125000000,201287.0937500000,165020.3281250000,164113.0937500000,131411.5156250000,119615.6250000000,132757.2343750000,152969.8906250000,,,
37.6319999392,294,175392.8593750000,214300.1093750000,165081.8125000000,164146.2812500000,131489.3593750000,119671.0078125000,132814.1875000000,154236.5937500000,,,
37.6359999392,294,175737.1562500000,210109.8281250000,165604.6250000000,164896.7343750000,132223.8281250000,120374.5546875000,133594.5000000000,152258.0781250000,,,
37.6399999391,294,175986.7656250000,193287.3593750000,165963.2031250000,165483.0312500000,132762.5312500000,120905.3359375000,134186.6250000000,149335.6562500000,,,
37.6439999391,294,175770.3593750000,186298.5937500000,165602.9843750000,165008.6875000000,132270.6875000000,120448.2890625000,133682.4687500000,149527.5156250000,,,
37.6479999390,294,175387.2343750000,201154.2031250000,165018.1250000000,164104.0312500000,131409.8125000000,119619.1093750000,132751.9531250000,152953.9062500000,,,
37.6519999390,294,175377.8906250000,214214.1718750000,165069.1718750000,164132.2500000000,131478.6250000000,119664.2265625000,132800.9687500000,154227.5468750000,,,
37.6559999392,294,175719.5781250000,210002.0312500000,165593.0156250000,164886.8125000000,132217.7343750000,120367.3359375000,133588.2968750000,152237.1093750000,,,
37.6599999391,294,175964.6250000000,193171.0312500000,165945.6718750000,165466.4375000000,132749.6250000000,120885.7265625000,134171.3750000000,149305.6093750000,,,
37.6639999391,294,175743.0781250000,186080.3125000000,165578.6250000000,164989.5625000000,132253.0937500000,120421.3281250000,133659.3437500000,149466.3593750000,,,
37.6679999391,294,175346.1875000000,200853.7031250000,164974.8125000000,164067.8281250000,131371.5625000000,119578.4218750000,132711.9375000000,152873.5468750000,,,
37.6719999390,294,175335.8906250000,213993.8281250000,165024.6718750000,164092.5000000000,131434.7812500000,119619.9687500000,132753.5625000000,154162.6718750000,,,
37.6759999392,294,175682.2500000000,209834.5468750000,165558.0000000000,164863.4531250000,132179.2500000000,120331.4531250000,133542.7812500000,152179.4218750000,,,
37.6799999392,294,175936.4062500000,193006.7656250000,165923.2968750000,165457.3437500000,132723.6093750000,120860.8906250000,134140.3750000000,149252.8593750000,,,
37.6839999391,294,175735.5156250000,185852.0625000000,165580.4531250000,165010.5468750000,132253.6093750000,120417.7109375000,133659.5937500000,149418.4218750000,,,
37.6879999391,294,175364.2187500000,200615.6562500000,165002.4687500000,164111.2500000000,131399.0000000000,119586.4375000000,132736.5312500000,152858.0937500000,,,
37.6919999390,294,175360.3750000000,213868.7500000000,165054.0468750000,164136.5468750000,131465.2812500000,119634.4218750000,132782.5000000000,154189.7343750000,,,
37.6959999390,294,175697.0781250000,209855.3593750000,165572.4687500000,164886.6562500000,132197.3281250000,120354.7890625000,133567.9687500000,152233.0312500000,,,
37.6999999392,294,175949.3437500000,193042.5312500000,165934.1562500000,165473.0625000000,132740.5000000000,120894.7656250000,134166.3593750000,149299.3593750000,,,
37.7039999391,294,175745.7656250000,185755.7656250000,165583.9687500000,165022.5000000000,132263.5781250000,120446.8125000000,133677.4062500000,149433.7500000000,,,
37.7079999391,294,175365.4218750000,200478.3906250000,164992.6562500000,164113.5625000000,131394.1406250000,119608.2968750000,132742.5156250000,152864.9375000000,,,
37.7119999391,294,175372.1250000000,213823.5937500000,165055.8125000000,164149.3906250000,131468.5937500000,119652.9296875000,132796.4062500000,154218.0312500000,,,
37.7159999390,294,175711.7500000000,209922.9531250000,165583.5625000000,164896.1406250000,132204.1718750000,120353.6562500000,133579.0156250000,152270.3750000000,,,
37.7199999392,294,175961.2031250000,193069.9687500000,165949.7656250000,165486.0156250000,132749.7343750000,120891.8437500000,134183.2343750000,149308.6250000000,,,
37.7239999392,294,175742.1406250000,185629.6250000000,165589.1718750000,165017.8593750000,132263.7343750000,120446.2734375000,133690.8593750000,149403.5625000000,,,
37.7279999391,294,175349.5937500000,200290.5312500000,164984.2343750000,164098.0000000000,131383.7031250000,119607.0937500000,132748.4218750000,152827.1875000000,,,
37.7319999391,294,175342.8750000000,213702.9062500000,165032.9843750000,164116.9687500000,131445.7500000000,119644.6171875000,132792.6718750000,154195.6093750000,,,
37.7359999390,294,175686.5937500000,209890.4218750000,165564.8437500000,164869.3750000000,132186.7343750000,120347.9453125000,133584.3750000000,152264.7812500000,,,
37.7399999390,294,175945.7812500000,193056.9843750000,165939.9843750000,165465.1718750000,132744.2656250000,120893.8828125000,134200.1562500000,149304.5468750000,,,
37.7439999392,294,175750.7968750000,185524.8281250000,165599.8281250000,165017.9218750000,132281.1562500000,120462.2890625000,133726.0781250000,149393.9375000000,,,
37.7479999391,294,175384.3281250000,200126.1562500000,165017.5625000000,164128.7968750000,131421.1250000000,119629.0625000000,132792.8125000000,152829.5781250000,,,
37.7519999391,294,175379.5937500000,213622.6875000000,165064.2187500000,164145.7968750000,131478.6250000000,119658.0781250000,132824.0625000000,154215.2656250000,,,
37.7559999391,294,175722.0781250000,209902.7031250000,165592.4531250000,164898.0781250000,132215.2812500000,120361.9453125000,133613.0312500000,152291.1875000000,,,
37.7599999390,295,175982.2812500000,193108.4531250000,165970.9375000000,165499.6406250000,132774.2187500000,120910.2968750000,134231.1093750000,149330.5937500000,,,
37.7639999390,295,175781.1093750000,185482.1562500000,165629.7343750000,165053.5937500000,132310.1406250000,120481.9218750000,133756.9062500000,149393.5156250000,,,
37.7679999389,295,175395.7031250000,200001.0312500000,165027.9687500000,164139.8906250000,131430.4375000000,119640.9921875000,132807.8750000000,152815.8750000000,,,
37.7719999389,295,175387.6562500000,213559.2812500000,165070.3750000000,164150.2500000000,131482.6562500000,119672.1328125000,132837.1250000000,154225.2500000000,,,
37.7759999388,295,175728.3281250000,209919.0937500000,165598.7812500000,164906.2812500000,132219.3750000000,120376.2421875000,133623.8906250000,152320.7187500000,,,
37.7799999388,295,175978.6250000000,193157.3281250000,165969.2187500000,165503.7656250000,132771.2500000000,120917.9921875000,134232.1406250000,149354.9062500000,,,
37.7839999390,295,175782.5312500000,185440.2812500000,165633.2187500000,165070.0312500000,132316.0937500000,120494.2031250000,133766.2343750000,149398.8437500000,,,
37.7879999389,295,175405.7343750000,199888.5468750000,165042.4375000000,164160.4375000000,131447.0937500000,119656.3359375000,132830.0625000000,152817.7031250000,,,
37.7919999389,295,175383.2656250000,213515.9687500000,165069.0468750000,164158.5156250000,131483.0625000000,119670.9296875000,132842.7187500000,154232.9062500000,,,
37.7959999389,295,175714.1875000000,209991.4531250000,165584.4218750000,164899.0937500000,132205.5312500000,120366.0468750000,133614.5000000000,152336.7031250000,,,
37.7999999388,295,175975.3125000000,193266.4843750000,165963.8281250000,165506.8281250000,132768.1562500000,120921.2421875000,134237.0937500000,149370.1718750000,,,
37.8039999390,295,175780.3125000000,185428.3281250000,165632.4375000000,165076.5468750000,132319.2656250000,120506.4140625000,133781.3906250000,149384.6875000000,,,
37.8079999390,295,175396.9687500000,199786.2656250000,165031.8437500000,164149.9843750000,131439.7968750000,119667.6875000000,132840.2343750000,152792.7500000000,,,
37.8119999389,295,175385.8593750000,213477.2031250000,165069.6562500000,164148.2343750000,131484.5625000000,119693.7578125000,132867.5625000000,154243.5625000000,,,
37.8159999389,295,175727.0156250000,210062.6250000000,165598.1093750000,164904.3593750000,132218.6875000000,120392.0390625000,133651.6562500000,152376.1562500000,,,
37.8199999388,295,175991.1250000000,193350.1250000000,165983.5156250000,165523.8593750000,132787.1718750000,120954.1250000000,134277.9687500000,149403.6718750000,,,
37.8239999388,295,175791.7656250000,185392.5156250000,165650.1875000000,165083.2343750000,132340.7812500000,120548.5234375000,133836.6718750000,149389.1875000000,,,
37.8279999390,295,175408.9375000000,199686.6875000000,165051.6250000000,164155.3125000000,131466.3750000000,119706.8984375000,132898.0625000000,152794.7656250000,,,
37.8319999389,295,175398.9531250000,213450.5937500000,165089.6093750000,164152.4531250000,131510.2031250000,119718.8046875000,132909.2187500000,154263.1718750000,,,
37.8359999389,295,175736.6406250000,210117.0937500000,165613.7968750000,164902.6093750000,132241.7968750000,120423.1015625000,133692.8437500000,152405.3125000000,,,
37.8399999388,295,175999.9843750000,193421.7343750000,165997.3750000000,165524.7968750000,132813.2500000000,120997.8437500000,134336.7968750000,149430.5312500000,,,
37.8439999388,295,175809.2031250000,185379.5000000000,165669.3125000000,165099.1875000000,132373.6875000000,120598.6015625000,133898.5781250000,149403.2187500000,,,
37.8479999390,295,175423.6250000000,199606.2343750000,165063.8593750000,164172.1406250000,131489.1406250000,119754.9921875000,132950.1250000000,152806.7031250000,,,
37.8519999390,295,175407.6406250000,213424.5000000000,165091.9687500000,164160.6093750000,131520.6406250000,119768.9140625000,132957.7343750000,154284.2031250000,,,
37.8559999389,295,175744.3437500000,210165.2968750000,165611.7812500000,164897.5156250000,132245.2031250000,120458.0000000000,133726.1875000000,152426.1250000000,,,
37.8599999389,295,176013.5000000000,193502.9062500000,165999.3593750000,165520.8281250000,132819.3281250000,121017.9921875000,134359.1093750000,149445.5937500000,,,
37.8639999388,295,175824.0312500000,185363.8125000000,165675.5937500000,165112.4687500000,132388.1093750000,120619.1406250000,133922.6093750000,149394.1250000000,,,
37.8679999388,295,175438.7812500000,199505.3437500000,165074.4062500000,164182.7500000000,131508.1875000000,119765.7187500000,132970.2812500000,152788.4062500000,,,
37.8719999390,295,175419.8125000000,213378.7656250000,165103.4218750000,164149.9062500000,131539.1406250000,119765.7187500000,132973.8281250000,154284.2031250000,,,
37.8759999389,295,175764.5625000000,210207.8593750000,165634.4531250000,164901.3281250000,132273.4531250000,120462.9843750000,133759.3906250000,152453.2656250000,,,
37.8799999389,295,176032.2187500000,193581.1406250000,166027.8281250000,165528.6875000000,132849.2656250000,121025.5234375000,134397.2187500000,149475.6406250000,,,
37.8839999388,295,175828.4218750000,185347.5937500000,165693.2187500000,165111.7343750000,132404.9843750000,120626.6562500000,133950.5625000000,149398.9218750000,,,
37.8879999388,296,175429.6093750000,199403.6875000000,165074.8125000000,164177.8750000000,131508.5312500000,119774.5156250000,132989.6875000000,152783.0468750000,,,
37.8919999388,296,175400.2343750000,213322.6562500000,165088.6718750000,164148.1093750000,131523.1093750000,119769.2031250000,132973.8593750000,154285.8593750000,,,
37.8959999387,296,175736.7812500000,210234.9843750000,165606.2812500000,164898.6875000000,132245.0781250000,120464.7812500000,133737.6718750000,152460.8593750000,,,
37.8999999387,296,176013.9062500000,193624.4531250000,166004.0781250000,165523.2968750000,132828.4531250000,121030.0859375000,134371.2656250000,149474.8125000000,,,
37.9039999386,296,175834.0625000000,185272.0312500000,165693.2656250000,165100.9843750000,132408.6093750000,120626.6796875000,133933.7968750000,149369.3906250000,,,
37.9079999386,296,175440.2656250000,199243.5781250000,165081.9218750000,164161.5468750000,131515.8125000000,119759.5468750000,132965.1718750000,152741.1250000000,,,
37.9119999388,296,175404.0000000000,213226.2812500000,165091.8125000000,164126.8125000000,131523.6093750000,119744.7187500000,132940.5625000000,154261.1875000000,,,
37.9159999387,296,175729.6718750000,210253.1093750000,165601.1093750000,164866.5937500000,132234.0468750000,120426.4843750000,133693.4062500000,152446.4531250000,,,
37.9199999387,296,175996.6562500000,193659.2187500000,165990.8906250000,165491.4062500000,132808.6250000000,120999.1875000000,134328.1562500000,149453.2968750000,,,
37.9239999386,296,175810.8906250000,185192.6406250000,165674.5000000000,165082.2968750000,132384.3281250000,120608.4140625000,133895.1875000000,149331.6562500000,,,
37.9279999386,296,175415.5781250000,199082.1875000000,165062.0468750000,164149.7656250000,131488.1875000000,119743.1328125000,132929.4062500000,152701.0000000000,,,
37.9319999388,296,175371.4375000000,213116.9843750000,165060.8125000000,164102.2031250000,131483.8125000000,119717.0390625000,132902.6406250000,154229.3125000000,,,
37.9359999388,296,175698.0156250000,210235.2968750000,165564.8750000000,164838.9062500000,132191.9687500000,120394.3984375000,133654.7812500000,152428.2187500000,,,
37.9399999387,296,175978.0937500000,193666.7031250000,165962.4843750000,165479.6562500000,132776.9843750000,120966.2500000000,134294.6250000000,149434.4218750000,,,
37.9439999387,296,175800.8750000000,185090.3437500000,165653.2031250000,165091.8125000000,132360.9687500000,120578.4843750000,133869.4687500000,149288.3125000000,,,
37.9479999386,296,175413.7812500000,198911.3593750000,165043.3437500000,164160.1406250000,131465.5468750000,119713.9531250000,132901.6250000000,152656.7187500000,,,
37.9519999386,296,175378.3281250000,213026.2187500000,165050.1093750000,164116.3437500000,131464.5468750000,119686.7031250000,132869.3593750000,154213.5781250000,,,
37.9559999388,296,175718.2187500000,210246.2187500000,165574.9531250000,164861.8437500000,132191.4062500000,120377.0468750000,133635.9375000000,152443.4218750000,,,
37.9599999387,296,175992.3906250000,193700.1250000000,165975.6250000000,165504.6250000000,132784.4687500000,120958.1250000000,134282.2968750000,149448.6562500000,,,
37.9639999387,296,175802.3906250000,185033.4218750000,165660.8125000000,165106.1406250000,132368.6718750000,120570.7031250000,133854.2187500000,149280.7500000000,,,
37.9679999386,296,175410.5156250000,198796.2656250000,165050.4843750000,164175.4687500000,131474.7187500000,119706.4140625000,132888.7968750000,152646.6875000000,,,
37.9719999386,296,175380.2343750000,212976.2187500000,165058.0625000000,164129.4062500000,131475.5781250000,119686.6718750000,132861.1718750000,154229.0468750000,,,
37.9759999388,296,175715.5000000000,210282.6093750000,165574.6875000000,164865.9687500000,132191.5312500000,120370.2343750000,133618.3906250000,152463.8593750000,,,
37.9799999387,296,175992.9531250000,193774.0937500000,165977.9531250000,165514.1718750000,132783.6406250000,120947.8750000000,134266.3281250000,149462.2343750000,,,
37.9839999387,296,175806.1093750000,185013.3281250000,165666.3125000000,165109.2500000000,132370.5156250000,120565.8750000000,133847.6406250000,149267.3437500000,,,
37.9879999387,296,175398.5156250000,198688.8125000000,165039.7031250000,164151.2343750000,131460.9218750000,119691.0703125000,132866.4531250000,152610.5781250000,,,
37.9919999386,296,175361.2968750000,212927.0312500000,165043.8281250000,164108.0625000000,131459.2187500000,119668.4375000000,132835.1562500000,154205.3125000000,,,
37.9959999386,296,175690.5937500000,210360.4843750000,165555.2500000000,164845.6406250000,132171.4218750000,120349.9062500000,133592.5625000000,152464.6718750000,,,
37.9999999388,296,175965.1875000000,193880.0156250000,165955.7500000000,165486.6406250000,132764.3750000000,120931.7578125000,134239.8281250000,149459.3125000000,,,
38.0039999387,296,175790.9375000000,184987.2812500000,165653.7656250000,165089.3437500000,132363.1718750000,120560.0000000000,133828.5468750000,149245.0781250000,,,
38.0079999387,296,175400.6406250000,198575.0625000000,165036.7187500000,164138.0468750000,131461.4062500000,119692.9218750000,132858.6562500000,152593.5156250000,,,
38.0119999386,296,175370.0625000000,212869.6093750000,165038.2500000000,164084.0468750000,131453.1718750000,119664.6562500000,132819.0468750000,154209.7656250000,,,
38.0159999386,297,175709.5468750000,210440.4062500000,165555.4375000000,164814.2031250000,132168.9218750000,120343.1718750000,133576.0937500000,152493.3906250000,,,
38.0199999386,297,175993.5468750000,193988.0625000000,165969.6406250000,165472.8125000000,132776.2656250000,120932.4531250000,134242.4531250000,149480.4375000000,,,
38.0239999385,297,175817.1562500000,184965.1875000000,165672.9687500000,165112.6562500000,132380.5312500000,120564.4296875000,133840.7656250000,149234.5937500000,,,
38.0279999385,297,175420.4062500000,198467.3437500000,165055.4218750000,164166.0156250000,131476.1875000000,119693.0312500000,132866.4375000000,152571.3593750000,,,
38.0319999384,297,175381.4843750000,212817.9687500000,165053.7187500000,164100.3593750000,131461.5937500000,119656.3359375000,132822.8437500000,154202.4375000000,,,
38.0359999384,297,175711.3437500000,210434.6093750000,165565.3750000000,164831.1562500000,132171.4687500000,120332.4687500000,133575.2656250000,152492.7968750000,,,
38.0399999386,297,175982.5468750000,194020.6718750000,165967.6562500000,165488.0468750000,132768.5312500000,120914.9921875000,134228.0625000000,149482.1093750000,,,
38.0439999385,297,175806.8125000000,184938.3593750000,165670.0937500000,165130.6718750000,132377.1250000000,120553.8593750000,133833.4218750000,149223.2656250000,,,
38.0479999385,297,175410.0781250000,198357.0000000000,165046.2343750000,164192.4687500000,131467.6406250000,119685.8671875000,132858.8906250000,152555.0312500000,,,
38.0519999384,297,175355.9843750000,212757.0000000000,165024.3593750000,164113.0468750000,131432.7343750000,119635.9765625000,132796.5625000000,154193.3750000000,,,
38.0559999384,297,175677.0468750000,210458.5625000000,165524.9687500000,164833.1406250000,132130.8437500000,120303.7968750000,133541.0312500000,152489.7500000000,,,
38.0599999386,297,175963.3906250000,194075.5000000000,165940.2812500000,165496.6875000000,132737.5781250000,120897.6093750000,134207.0781250000,149485.1406250000,,,
38.0639999385,297,175799.8281250000,184912.7812500000,165655.8750000000,165145.0781250000,132357.5312500000,120543.9609375000,133823.4687500000,149210.1875000000,,,
38.0679999385,297,175409.6250000000,198259.7656250000,165042.6718750000,164204.0312500000,131460.3593750000,119674.8984375000,132858.0937500000,152534.4843750000,,,
38.0719999385,297,175364.2656250000,212714.8437500000,165030.8750000000,164130.1093750000,131436.4062500000,119627.6953125000,132802.1718750000,154191.7343750000,,,
38.0759999384,297,175679.2500000000,210484.6093750000,165528.1875000000,164842.4687500000,132130.6718750000,120290.0078125000,133536.6093750000,152491.4375000000,,,
38.0799999384,297,175957.8906250000,194118.8437500000,165941.7968750000,165495.9375000000,132738.7656250000,120887.0156250000,134200.4375000000,149479.5781250000,,,
38.0839999386,297,175795.0312500000,184868.6250000000,165660.1718750000,165141.4531250000,132366.4375000000,120547.9843750000,133822.0000000000,149190.5468750000,,,
38.0879999385,297,175403.1093750000,198134.9687500000,165041.2031250000,164193.1093750000,131462.0781250000,119683.4843750000,132850.0156250000,152509.9218750000,,,
38.0919999385,297,175351.5781250000,212645.5000000000,165021.4375000000,164107.3281250000,131427.4062500000,119626.7031250000,132784.0937500000,154183.6406250000,,,
38.0959999384,297,175674.0625000000,210484.0156250000,165522.4375000000,164824.2812500000,132125.9062500000,120295.5078125000,133527.1093750000,152503.0156250000,,,
38.0999999384,297,175965.9218750000,194158.8593750000,165942.6562500000,165489.3125000000,132741.6093750000,120900.5859375000,134203.2812500000,149504.0937500000,,,
38.1039999386,297,175808.6093750000,184853.4218750000,165666.6093750000,165142.1093750000,132375.1562500000,120559.4140625000,133833.4843750000,149196.9062500000,,,
38.1079999385,297,175417.1406250000,198051.6093750000,165049.1093750000,164199.2187500000,131471.9531250000,119687.3984375000,132860.6406250000,152505.2187500000,,,
38.1119999385,297,175366.2343750000,212630.7812500000,165030.2031250000,164128.1250000000,131436.7031250000,119630.2421875000,132791.5937500000,154197.0312500000,,,
38.1159999385,297,175688.1406250000,210628.2187500000,165533.7812500000,164844.8125000000,132136.2812500000,120295.8593750000,133530.5468750000,152545.8593750000,,,
38.1199999384,297,175966.0000000000,194336.1093750000,165947.6562500000,165488.1406250000,132745.1718750000,120894.5781250000,134197.8593750000,149527.3281250000,,,
38.1239999384,297,175804.7187500000,184857.2812500000,165669.8593750000,165146.0468750000,132375.7500000000,120560.1640625000,133825.1406250000,149182.4218750000,,,
38.1279999386,297,175411.4531250000,197967.0156250000,165047.3125000000,164200.6718750000,131464.4218750000,119686.5390625000,132845.2500000000,152483.1718750000,,,
38.1319999385,297,175358.4531250000,212599.9062500000,165021.5312500000,164107.9218750000,131419.7031250000,119626.7500000000,132771.5937500000,154190.9375000000,,,
38.1359999385,297,175677.9531250000,210766.1875000000,165517.5000000000,164814.4687500000,132109.7812500000,120288.7500000000,133506.3281250000,152569.1875000000,,,
38.1399999384,297,175965.6562500000,194520.6875000000,165939.4687500000,165487.6562500000,132731.0625000000,120895.6562500000,134186.2656250000,149548.8906250000,,,
38.1439999384,298,175816.2500000000,184889.7343750000,165673.9375000000,165164.7656250000,132379.1093750000,120569.8437500000,133832.9687500000,149181.3281250000,,,
38.1479999383,298,175424.4843750000,197902.3437500000,165056.0781250000,164229.7031250000,131474.7656250000,119694.9062500000,132860.0468750000,152476.0625000000,,,
38.1519999383,298,175365.1250000000,212578.1875000000,165028.5312500000,164124.8750000000,131430.1718750000,119623.2109375000,132782.4531250000,154199.7656250000,,,
38.1559999383,298,175679.6250000000,210827.1875000000,165524.6093750000,164809.9843750000,132123.2187500000,120279.5781250000,133517.6718750000,152589.2500000000,,,
38.1599999382,298,175975.0156250000,194615.2968750000,165958.1406250000,165493.2343750000,132758.0937500000,120895.0390625000,134211.2968750000,149572.8906250000,,,
38.1639999382,298,175822.1250000000,184896.0312500000,165691.6093750000,165168.3281250000,132408.8437500000,120573.6250000000,133857.9062500000,149180.0312500000,,,
38.1679999384,298,175427.5937500000,197809.1093750000,165068.1562500000,164220.5156250000,131499.0937500000,119702.1484375000,132881.5625000000,152463.3281250000,,,
38.1719999383,298,175373.9531250000,212523.1406250000,165039.9687500000,164119.9062500000,131450.4218750000,119634.4531250000,132803.1562500000,154202.3437500000,,,
38.1759999383,298,175690.2968750000,210762.8437500000,165533.0625000000,164820.4062500000,132135.3125000000,120287.9453125000,133530.0937500000,152584.6093750000,,,
38.1799999382,298,175983.0781250000,194577.5781250000,165961.1093750000,165493.7343750000,132757.9375000000,120898.8984375000,134210.1875000000,149569.2187500000,,,
38.1839999382,298,175838.8281250000,184850.4687500000,165705.1562500000,165182.1250000000,132415.1250000000,120586.0468750000,133865.5000000000,149168.7343750000,,,
38.1879999384,298,175443.9531250000,197702.1093750000,165081.1562500000,164235.5468750000,131504.4375000000,119711.7265625000,132884.2968750000,152441.9687500000,,,
38.1919999383,298,175382.2343750000,212474.0000000000,165046.0781250000,164129.8437500000,131447.5781250000,119634.6953125000,132792.6250000000,154194.8281250000,,,
38.1959999383,298,175695.4687500000,210743.3437500000,165538.2187500000,164828.6562500000,132134.1093750000,120294.0312500000,133520.0937500000,152585.7500000000,,,
38.1999999383,298,175978.3125000000,194590.5156250000,165955.6718750000,165488.0468750000,132749.6718750000,120901.8750000000,134194.0000000000,149577.6406250000,,,
38.2039999382,298,175832.8593750000,184828.9843750000,165698.9531250000,165173.6406250000,132411.2343750000,120593.1250000000,133854.2656250000,149169.1718750000,,,
38.2079999382,298,175445.2968750000,197604.6406250000,165082.0781250000,164232.5937500000,131506.1562500000,119721.2187500000,132879.5000000000,152440.0468750000,,,
38.2119999384,298,175384.4375000000,212441.9531250000,165045.0937500000,164115.9687500000,131445.7500000000,119640.6484375000,132784.0312500000,154212.0000000000,,,
38.2159999383,298,175695.4218750000,210849.8750000000,165533.6250000000,164813.7968750000,132128.3125000000,120292.4218750000,133509.7656250000,152619.7812500000,,,
38.2199999383,298,175986.7031250000,194733.2343750000,165961.1718750000,165497.1250000000,132755.2500000000,120907.7734375000,134199.1093750000,149602.9687500000,,,
38.2239999382,298,175830.3906250000,184821.9218750000,165696.4687500000,165169.5625000000,132412.2500000000,120596.2656250000,133858.1250000000,149151.6875000000,,,
38.2279999382,298,175425.8281250000,197492.6562500000,165064.0312500000,164209.2343750000,131492.4687500000,119716.2031250000,132873.0625000000,152404.5625000000,,,
38.2319999384,298,175357.7031250000,212377.3593750000,165019.8437500000,164094.2500000000,131423.6250000000,119628.8984375000,132771.0468750000,154191.8750000000,,,
38.2359999383,298,175671.2968750000,210874.9062500000,165511.4687500000,164794.4687500000,132108.7656250000,120280.3515625000,133497.0468750000,152618.4062500000,,,
38.2399999383,298,175972.5625000000,194780.0625000000,165947.9687500000,165483.5000000000,132744.7343750000,120899.8125000000,134188.7031250000,149602.8281250000,,,
38.2439999382,298,175836.0156250000,184776.3125000000,165701.5000000000,165176.7031250000,132420.3593750000,120600.4218750000,133862.4687500000,149143.2656250000,,,
38.2479999382,298,175435.1406250000,197369.9531250000,165068.0156250000,164209.5468750000,131499.5781250000,119712.3984375000,132876.8750000000,152387.4687500000,,,
38.2519999382,298,175369.9062500000,212295.5000000000,165025.6406250000,164097.6250000000,131429.1250000000,119617.3906250000,132772.3125000000,154184.4218750000,,,
38.2559999384,298,175687.3750000000,210873.9843750000,165522.5937500000,164802.2343750000,132118.6093750000,120270.9140625000,133504.8281250000,152626.0625000000,,,
38.2599999383,298,175977.8281250000,194829.8750000000,165953.2343750000,165483.7656250000,132750.5937500000,120890.2109375000,134200.2656250000,149607.3125000000,,,
38.2639999383,298,175822.0156250000,184763.0781250000,165694.9062500000,165173.4375000000,132417.2968750000,120590.1796875000,133870.0156250000,149119.7343750000,,,
38.2679999382,298,175423.3593750000,197261.7968750000,165071.1562500000,164227.9531250000,131506.0781250000,119716.8984375000,132894.8906250000,152358.9687500000,,,
38.2719999382,299,175351.9531250000,212238.8281250000,165023.1406250000,164106.4531250000,131429.3125000000,119622.0859375000,132786.6406250000,154177.9218750000,,,
38.2759999381,299,175662.1250000000,210917.9687500000,165507.1562500000,164796.9531250000,132104.3906250000,120265.8671875000,133499.8437500000,152634.2343750000,,,
38.2799999381,299,175962.6718750000,194909.7968750000,165942.9843750000,165474.5156250000,132740.3750000000,120886.0468750000,134192.1093750000,149617.2031250000,,,
38.2839999381,299,175831.9375000000,184752.9687500000,165706.8750000000,165190.8906250000,132428.0781250000,120598.7343750000,133879.1562500000,149118.1875000000,,,
38.2879999380,299,175444.9062500000,197176.5937500000,165087.4062500000,164248.8125000000,131519.4843750000,119723.3906250000,132901.4843750000,152356.1406250000,,,
38.2919999380,299,175388.4843750000,212218.9218750000,165049.3750000000,164126.9062500000,131451.2656250000,119631.7656250000,132796.4218750000,154200.4375000000,,,
38.2959999382,299,175695.3906250000,210982.1562500000,165530.7812500000,164800.4687500000,132123.2968750000,120273.5937500000,133507.9375000000,152664.8125000000,,,
38.2999999381,299,175983.2656250000,195013.8437500000,165954.9531250000,165468.2812500000,132748.0156250000,120889.3515625000,134192.2031250000,149640.7812500000,,,
38.3039999381,299,175845.9375000000,184769.2031250000,165712.8281250000,165174.7968750000,132432.9375000000,120605.6015625000,133879.2031250000,149118.5000000000,,,
38.3079999380,299,175454.5312500000,197097.4375000000,165089.3437500000,164230.8281250000,131521.3593750000,119733.6093750000,132901.0625000000,152345.7968750000,,,
38.3119999380,299,175379.5312500000,212190.9062500000,165033.0468750000,164099.0156250000,131435.4531250000,119628.9531250000,132780.6562500000,154198.3437500000,,,
38.3159999382,299,175680.8281250000,211079.0468750000,165513.1562500000,164793.7656250000,132108.3125000000,120268.7109375000,133491.7343750000,152685.6250000000,,,
38.3199999381,299,175971.4687500000,195144.5000000000,165948.5312500000,165483.6250000000,132747.4218750000,120895.9218750000,134186.7812500000,149661.1406250000,,,
38.3239999381,299,175831.5156250000,184769.9218750000,165708.3437500000,165196.5781250000,132437.6250000000,120618.6875000000,133879.6875000000,149111.1875000000,,,
38.3279999380,299,175426.3125000000,196985.6875000000,165071.9687500000,164228.0000000000,131512.2187500000,119738.2265625000,132893.3125000000,152315.6093750000,,,
38.3319999380,299,175356.5000000000,212114.3437500000,165014.7812500000,164086.4062500000,131420.9062500000,119627.8281250000,132763.0937500000,154182.1406250000,,,
38.3359999380,299,175674.5468750000,211079.4218750000,165502.2500000000,164781.4531250000,132098.3593750000,120269.0625000000,133478.2500000000,152691.1875000000,,,
38.3399999382,299,175981.7187500000,195174.3437500000,165948.7031250000,165496.0468750000,132749.6718750000,120901.9531250000,134190.2187500000,149675.8437500000,,,
38.3439999381,299,175832.9843750000,184735.7187500000,165699.5000000000,165195.9062500000,132431.3593750000,120607.4218750000,133874.8125000000,149099.0781250000,,,
38.3479999381,299,175422.6406250000,196867.0000000000,165059.9687500000,164218.0625000000,131502.6406250000,119712.4531250000,132881.3750000000,152283.4375000000,,,
38.3519999380,299,175341.5781250000,212038.5156250000,164996.3593750000,164060.6406250000,131404.5000000000,119591.5078125000,132746.4375000000,154155.8593750000,,,
38.3559999380,299,175648.8281250000,211085.9062500000,165481.2656250000,164753.9843750000,132078.1875000000,120232.7734375000,133460.5468750000,152672.2500000000,,,
38.3599999382,299,175964.5156250000,195231.1562500000,165938.5625000000,165478.7500000000,132735.4062500000,120876.2578125000,134178.8437500000,149666.1093750000,,,
38.3639999381,299,175844.2187500000,184722.7968750000,165717.0312500000,165221.6093750000,132442.7187500000,120612.5468750000,133890.1562500000,149092.9218750000,,,
38.3679999381,299,175445.0000000000,196759.1562500000,165086.9843750000,164258.0156250000,131522.0312500000,119731.9531250000,132905.9375000000,152280.2343750000,,,
38.3719999380,299,175365.6875000000,211994.0000000000,165022.3750000000,164105.3437500000,131421.7968750000,119614.4140625000,132768.2187500000,154180.7968750000,,,
38.3759999380,299,175678.1718750000,211122.2031250000,165507.7656250000,164790.0625000000,132096.7187500000,120256.1640625000,133480.0937500000,152715.1093750000,,,
38.3799999380,299,175981.2656250000,195303.3906250000,165950.7343750000,165481.2656250000,132745.0312500000,120887.2578125000,134186.4531250000,149695.7343750000,,,
38.3839999381,299,175844.1718750000,184721.5625000000,165715.8281250000,165196.1718750000,132446.9375000000,120613.9375000000,133890.2031250000,149086.5625000000,,,
38.3879999381,299,175451.1250000000,196681.5625000000,165092.5625000000,164247.7500000000,131534.9531250000,119737.2578125000,132911.0937500000,152266.9687500000,,,
38.3919999381,299,175372.2968750000,211963.8750000000,165027.5156250000,164098.1875000000,131431.6093750000,119616.6718750000,132771.7187500000,154182.4687500000,,,
38.3959999380,299,175671.0156250000,211177.2656250000,165502.1406250000,164768.0156250000,132093.2656250000,120249.4843750000,133477.0156250000,152722.1875000000,,,
38.3999999380,300,175972.2812500000,195399.6718750000,165945.0156250000,165466.3281250000,132740.5781250000,120889.8046875000,134189.9218750000,149705.3125000000,,,
38.4039999379,300,175844.2031250000,184725.0000000000,165719.6562500000,165206.6093750000,132451.1406250000,120632.6875000000,133904.6093750000,149084.5156250000,,,
38.4079999379,300,175445.9687500000,196595.4375000000,165089.1093750000,164251.3437500000,131530.8281250000,119750.2968750000,132915.5781250000,152253.9843750000,,,
38.4119999378,300,175362.2343750000,211921.6562500000,165017.5625000000,164084.5156250000,131419.9218750000,119620.6640625000,132763.8437500000,154181.3906250000,,,
38.4159999378,300,175668.6250000000,211224.7343750000,165496.8281250000,164756.9843750000,132087.2031250000,120253.4765625000,133467.2187500000,152743.6718750000,,,
38.4199999378,300,175974.2031250000,195482.0000000000,165940.4062500000,165466.4062500000,132739.0781250000,120890.2890625000,134177.0625000000,149725.1875000000,,,
38.4239999379,300,175839.6875000000,184706.3593750000,165711.3437500000,165199.3750000000,132450.4843750000,120628.8828125000,133892.7500000000,149072.8593750000,,,
38.4279999379,300,175433.7343750000,196479.9062500000,165075.3906250000,164237.8750000000,131527.0468750000,119746.8125000000,132907.8750000000,152227.0781250000,,,
38.4319999379,300,175350.5937500000,211841.3281250000,165003.8906250000,164077.5937500000,131415.0625000000,119618.7578125000,132760.8593750000,154169.3125000000,,,
38.4359999378,300,175648.4218750000,211232.1093750000,165476.3125000000,164746.7656250000,132071.6718750000,120247.4687500000,133456.6250000000,152738.9843750000,,,
38.4399999378,300,175952.5937500000,195533.6562500000,165925.0156250000,165454.4687500000,132724.5156250000,120889.0000000000,134168.2187500000,149719.4843750000,,,
38.4439999380,300,175835.2656250000,184686.8593750000,165713.1250000000,165210.9062500000,132448.7343750000,120638.9140625000,133894.4218750000,149055.6250000000,,,
38.4479999379,300,175445.9218750000,196371.0625000000,165090.9531250000,164265.7656250000,131535.6250000000,119758.0468750000,132913.5937500000,152206.6718750000,,,
38.4519999379,300,175357.5156250000,211795.5156250000,165014.0312500000,164095.1250000000,131417.5000000000,119618.1718750000,132757.4218750000,154165.9687500000,,,
38.4559999378,300,175656.2500000000,211270.5312500000,165485.0312500000,164763.2343750000,132076.9843750000,120246.8828125000,133455.9531250000,152753.9687500000,,,
38.4599999378,300,175966.4531250000,195624.6406250000,165937.3437500000,165470.2968750000,132737.4218750000,120890.5546875000,134176.1093750000,149745.2343750000,,,
38.4639999378,300,175852.4375000000,184711.1875000000,165730.7343750000,165226.0000000000,132472.4218750000,120649.1562500000,133914.9687500000,149065.6093750000,,,
38.4679999379,300,175453.2343750000,196300.1562500000,165098.1406250000,164272.4843750000,131550.1875000000,119764.6718750000,132928.7187500000,152199.9843750000,,,
38.4719999379,300,175363.1406250000,211762.9843750000,165018.3125000000,164099.0468750000,131425.1250000000,119623.5625000000,132766.4687500000,154175.2500000000,,,
38.4759999379,300,175651.3281250000,211337.0468750000,165482.3906250000,164762.5781250000,132072.6406250000,120242.0781250000,133452.8750000000,152772.9843750000,,,
38.4799999378,300,175958.7812500000,195728.5156250000,165938.1093750000,165464.1875000000,132735.1406250000,120885.6484375000,134174.4375000000,149755.8750000000,,,
38.4839999378,300,175849.3750000000,184704.4218750000,165737.9218750000,165219.8281250000,132477.7031250000,120649.8046875000,133919.1406250000,149052.0312500000,,,
38.4879999380,300,175448.2500000000,196191.5156250000,165102.8125000000,164254.5625000000,131552.4531250000,119757.9375000000,132928.0937500000,152173.2187500000,,,
38.4919999379,300,175358.6406250000,211691.5781250000,165019.2812500000,164077.2187500000,131423.6718750000,119610.8984375000,132761.9062500000,154160.8906250000,,,
38.4959999379,300,175652.2656250000,211353.5468750000,165480.7343750000,164735.5000000000,132069.3906250000,120230.1171875000,133444.0156250000,152773.0937500000,,,
38.4999999378,300,175962.2500000000,195776.7500000000,165931.4843750000,165447.7343750000,132728.4843750000,120881.5703125000,134163.5312500000,149756.2187500000,,,
38.5039999378,300,175844.0625000000,184662.1250000000,165721.8906250000,165210.7656250000,132465.0468750000,120645.6171875000,133907.5000000000,149027.6250000000,,,
38.5079999377,300,175442.8906250000,196057.4843750000,165086.3906250000,164254.9687500000,131539.7656250000,119758.5859375000,132917.7656250000,152142.3750000000,,,
38.5119999379,300,175352.4687500000,211616.0468750000,165003.0781250000,164075.6093750000,131407.6406250000,119607.1718750000,132747.4843750000,154150.7031250000,,,
38.5159999379,300,175645.6562500000,211374.1093750000,165468.8437500000,164733.3281250000,132055.6250000000,120223.9453125000,133430.2812500000,152779.9687500000,,,
38.5199999379,300,175957.7031250000,195846.6406250000,165926.7812500000,165451.3125000000,132720.6093750000,120874.5468750000,134154.4531250000,149761.1093750000,,,
38.5239999378,300,175844.6875000000,184652.3906250000,165725.0312500000,165228.5000000000,132462.8906250000,120644.0625000000,133902.8125000000,149008.7812500000,,,
38.5279999378,301,175443.0156250000,195942.0781250000,165089.7500000000,164273.7656250000,131534.5625000000,119754.2656250000,132909.1875000000,152106.4375000000,,,
38.5319999377,301,175346.4062500000,211555.1875000000,164997.0156250000,164074.5000000000,131392.6875000000,119596.6015625000,132730.1562500000,154131.4218750000,,,
38.5359999377,301,175644.5625000000,211405.1406250000,165466.5468750000,164737.1406250000,132045.0937500000,120217.8593750000,133421.0312500000,152782.7500000000,,,
38.5399999376,301,175957.6875000000,195916.9375000000,165927.7187500000,165452.8437500000,132714.9218750000,120869.6875000000,134151.8750000000,149771.2968750000,,,
38.5439999376,301,175848.1406250000,184633.5625000000,165731.7343750000,165222.5468750000,132468.8281250000,120646.1250000000,133913.0781250000,149004.8281250000,,,
38.5479999376,301,175454.1250000000,195835.2968750000,165102.0000000000,164273.8125000000,131552.8437500000,119764.9375000000,132934.8281250000,152103.2187500000,,,
38.5519999377,301,175354.8593750000,211496.0468750000,165005.6562500000,164080.2500000000,131407.7968750000,119600.5468750000,132750.1093750000,154146.0312500000,,,
38.5559999377,301,175649.0625000000,211449.8593750000,165469.2031250000,164735.6093750000,132053.3281250000,120213.9687500000,133432.5937500000,152812.3593750000,,,
38.5599999377,301,175964.9531250000,196009.3125000000,165932.0937500000,165457.9375000000,132723.8750000000,120871.1640625000,134166.7656250000,149799.5468750000,,,
38.5639999376,301,175855.6562500000,184655.8125000000,165738.0625000000,165232.9218750000,132478.0000000000,120649.9921875000,133927.9687500000,149009.5000000000,,,
38.5679999376,301,175461.6562500000,195765.8750000000,165110.4531250000,164271.3750000000,131560.5937500000,119767.8906250000,132945.8750000000,152091.7656250000,,,
38.5719999378,301,175366.0156250000,211473.2812500000,165016.5468750000,164071.4687500000,131415.8125000000,119603.2812500000,132761.9843750000,154149.2031250000,,,
38.5759999377,301,175657.9687500000,211522.1406250000,165476.7343750000,164727.2500000000,132057.9375000000,120214.2890625000,133442.6875000000,152830.0312500000,,,
38.5799999377,301,175972.3281250000,196112.9843750000,165940.2812500000,165447.7968750000,132733.0156250000,120873.3359375000,134183.7968750000,149814.2343750000,,,
38.5839999376,301,175868.9218750000,184656.8593750000,165754.6718750000,165240.9375000000,132500.0468750000,120662.2187500000,133963.7812500000,149008.4843750000,,,
38.5879999376,301,175467.9375000000,195677.8437500000,165119.0312500000,164283.2656250000,131573.9843750000,119769.7187500000,132975.6875000000,152077.6250000000,,,
38.5919999375,301,175368.1093750000,211437.8906250000,165018.2656250000,164086.9531250000,131419.8906250000,119596.6562500000,132781.7343750000,154145.6875000000,,,
38.5959999377,301,175652.7500000000,211578.2812500000,165470.0000000000,164735.2187500000,132053.3437500000,120192.5937500000,133453.9218750000,152831.8281250000,,,
38.5999999377,301,175962.7031250000,196220.5937500000,165927.0468750000,165450.8750000000,132720.0312500000,120842.8671875000,134181.8125000000,149808.4218750000,,,
38.6039999377,301,175856.3281250000,184673.5781250000,165735.3750000000,165239.2187500000,132480.7343750000,120637.4375000000,133947.7656250000,148971.0625000000,,,
38.6079999376,301,175447.5468750000,195570.5625000000,165092.1406250000,164269.5000000000,131548.2343750000,119758.2656250000,132954.0156250000,152022.1562500000,,,
38.6119999376,301,175339.0625000000,211366.5156250000,164982.9375000000,164053.8750000000,131383.8437500000,119584.0000000000,132749.8906250000,154108.4375000000,,,
38.6159999378,301,175636.4843750000,211592.1250000000,165450.0468750000,164713.8906250000,132028.6406250000,120195.1953125000,133429.0000000000,152824.0781250000,,,
38.6199999377,301,175952.9687500000,196275.5312500000,165918.3593750000,165439.9843750000,132708.0156250000,120858.6953125000,134172.9062500000,149811.6718750000,,,
38.6239999377,301,175843.2343750000,184646.7812500000,165731.2812500000,165239.4687500000,132477.5468750000,120658.8125000000,133954.1562500000,148960.9531250000,,,
38.6279999376,301,175427.5468750000,195458.6406250000,165084.7343750000,164275.3281250000,131542.0156250000,119766.6562500000,132960.0937500000,152005.6093750000,,,
38.6319999376,301,175312.7656250000,211304.6718750000,164970.7343750000,164050.7343750000,131371.4218750000,119581.4218750000,132751.6093750000,154110.1718750000,,,
38.6359999375,301,175602.6718750000,211633.5937500000,165430.8125000000,164700.2656250000,132008.9531250000,120186.5546875000,133421.2500000000,152839.8281250000,,,
38.6399999377,301,175933.0625000000,196364.6250000000,165909.7812500000,165443.0937500000,132698.9843750000,120860.8906250000,134169.0468750000,149831.7343750000,,,
38.6439999377,301,175842.3437500000,184648.6093750000,165737.7343750000,165250.4062500000,132484.3593750000,120668.7890625000,133961.5000000000,148964.2500000000,,,
38.6479999376,301,175453.0312500000,195352.1250000000,165110.1562500000,164296.8281250000,131567.0937500000,119785.8906250000,132976.8593750000,152006.7812500000,,,
38.6519999376,301,175351.0000000000,211247.9687500000,165001.3750000000,164070.8593750000,131400.2031250000,119603.6875000000,132768.1250000000,154133.4375000000,,,
38.6559999376,302,175631.3125000000,211653.0312500000,165450.3125000000,164704.9531250000,132027.5468750000,120200.0234375000,133432.7812500000,152865.0625000000,,,
38.6599999375,302,175945.9687500000,196414.3281250000,165917.0781250000,165433.0468750000,132706.4062500000,120866.5546875000,134175.0625000000,149847.3125000000,,,
38.6639999375,302,175846.5625000000,184637.5781250000,165738.5000000000,165243.8437500000,132487.0312500000,120675.5468750000,133965.3125000000,148954.7812500000,,,
38.6679999374,302,175447.5468750000,195239.7343750000,165104.1718750000,164296.6406250000,131562.8750000000,119787.3671875000,132977.5000000000,151975.6718750000,,,
38.6719999374,302,175335.6562500000,211189.7031250000,164988.0156250000,164073.7812500000,131387.5156250000,119595.9062500000,132760.2968750000,154113.8281250000,,,
38.6759999373,302,175615.1406250000,211681.7343750000,165436.4687500000,164710.4218750000,132017.3281250000,120194.3593750000,133422.4218750000,152863.1093750000,,,
38.6799999375,302,175930.3593750000,196483.0156250000,165904.3125000000,165422.5000000000,132697.5156250000,120857.2421875000,134164.5937500000,149842.5468750000,,,
38.6839999375,302,175835.4218750000,184633.2031250000,165728.1406250000,165229.4062500000,132480.9687500000,120670.4531250000,133959.0000000000,148932.5156250000,,,
38.6879999375,302,175441.9531250000,195134.8906250000,165095.3593750000,164282.8593750000,131558.6406250000,119788.8906250000,132976.2187500000,151948.5781250000,,,
38.6919999374,302,175333.1250000000,211138.0000000000,164980.1250000000,164055.1718750000,131380.2187500000,119586.5703125000,132752.6250000000,154108.1875000000,,,
38.6959999374,302,175617.9062500000,211726.8750000000,165433.2500000000,164695.9375000000,132011.0000000000,120180.0625000000,133411.8906250000,152871.9375000000,,,
38.6999999376,302,175935.8437500000,196584.2500000000,165903.6875000000,165425.5625000000,132695.4218750000,120848.6093750000,134159.0156250000,149851.8437500000,,,
38.7039999375,302,175844.7968750000,184653.9687500000,165737.0468750000,165249.3906250000,132491.2968750000,120663.2109375000,133964.7187500000,148917.5468750000,,,
38.7079999375,302,175444.2031250000,195049.6718750000,165099.3437500000,164296.0312500000,131563.9218750000,119775.6406250000,132973.4843750000,151915.6250000000,,,
38.7119999374,302,175334.1250000000,211082.3906250000,164983.1250000000,164065.4062500000,131385.3125000000,119586.9765625000,132751.0937500000,154094.7500000000,,,
38.7159999374,302,175610.0156250000,211780.3125000000,165425.8593750000,164687.7968750000,132005.7187500000,120176.0156250000,133403.6250000000,152877.3750000000,,,
38.7199999373,302,175928.2343750000,196706.5000000000,165898.9218750000,165420.1718750000,132691.9531250000,120845.0390625000,134149.0156250000,149864.7812500000,,,
38.7239999375,302,175844.1406250000,184690.0781250000,165743.0468750000,165259.4531250000,132500.0156250000,120675.9296875000,133968.5468750000,148922.2500000000,,,
38.7279999375,302,175449.7812500000,194988.6093750000,165112.7812500000,164317.2656250000,131579.2968750000,119791.9218750000,132985.6250000000,151919.1562500000,,,
38.7319999374,302,175332.0312500000,211062.5000000000,164986.1562500000,164068.8437500000,131389.9062500000,119588.4765625000,132752.8125000000,154111.5937500000,,,
38.7359999374,302,175612.1562500000,211849.9062500000,165429.3125000000,164692.9062500000,132010.7812500000,120184.0078125000,133406.2343750000,152917.0156250000,,,
38.7399999374,302,175935.3125000000,196811.1093750000,165902.4062500000,165432.0468750000,132697.1562500000,120862.1484375000,134157.0625000000,149904.2812500000,,,
38.7439999375,302,175856.9375000000,184690.5625000000,165748.9062500000,165274.2500000000,132509.4843750000,120699.6875000000,133979.7343750000,148937.9687500000,,,
38.7479999375,302,175461.5000000000,194862.4062500000,165115.8906250000,164312.3125000000,131587.2031250000,119811.7421875000,132994.2187500000,151915.7187500000,,,
38.7519999375,302,175337.0000000000,210990.9375000000,164979.8281250000,164048.1875000000,131384.6250000000,119590.8359375000,132747.9843750000,154118.8906250000,,,
38.7559999374,302,175623.3437500000,211876.0000000000,165431.8281250000,164683.1562500000,132011.0468750000,120181.7265625000,133406.5000000000,152936.0312500000,,,
38.7599999374,302,175950.7031250000,196896.5156250000,165911.6250000000,165425.8750000000,132704.6406250000,120859.7656250000,134160.9687500000,149923.5156250000,,,
38.7639999373,302,175866.9375000000,184699.5156250000,165756.2812500000,165266.5781250000,132518.2812500000,120697.3828125000,133985.4843750000,148930.4218750000,,,
38.7679999375,302,175462.8906250000,194778.3437500000,165116.3593750000,164313.8593750000,131589.0000000000,119807.7500000000,132998.8281250000,151893.8437500000,,,
38.7719999375,302,175335.9218750000,210947.4218750000,164980.3593750000,164062.2500000000,131385.3750000000,119589.4140625000,132755.8437500000,154112.6718750000,,,
38.7759999374,302,175607.0937500000,211919.9218750000,165422.7187500000,164686.4531250000,132001.1250000000,120171.9921875000,133403.5937500000,152937.1093750000,,,
38.7799999374,302,175927.7968750000,196966.9218750000,165902.5937500000,165422.9531250000,132695.0937500000,120848.6640625000,134157.6562500000,149918.3593750000,,,
38.7839999374,303,175849.6406250000,184702.5937500000,165752.2187500000,165274.3906250000,132514.9062500000,120691.4531250000,133985.7812500000,148910.0625000000,,,
38.7879999373,303,175451.9843750000,194699.7500000000,165111.3906250000,164318.3125000000,131584.6875000000,119802.3046875000,132991.3437500000,151866.5625000000,,,
38.7919999373,303,175330.7187500000,210912.6406250000,164972.7187500000,164063.1250000000,131374.3750000000,119575.3046875000,132736.8906250000,154101.4843750000,,,
38.7959999372,303,175609.7187500000,211974.6875000000,165417.5625000000,164689.5625000000,131993.2656250000,120157.3515625000,133386.5156250000,152945.1093750000,,,
38.7999999372,303,175937.1406250000,197084.8593750000,165902.3281250000,165432.6406250000,132694.3750000000,120840.4531250000,134147.4531250000,149934.1562500000,,,
38.8039999371,303,175862.6250000000,184742.0000000000,165759.7656250000,165292.1406250000,132522.1406250000,120692.9296875000,133986.0468750000,148908.1093750000,,,
38.8079999373,303,175467.2968750000,194611.7500000000,165126.8750000000,164335.9687500000,131598.6875000000,119808.2343750000,133001.2656250000,151853.5312500000,,,
38.8119999373,303,175344.5625000000,210864.3125000000,164990.9375000000,164062.5468750000,131389.0000000000,119581.8515625000,132747.2656250000,154111.1875000000,,,
38.8159999372,303,175616.9687500000,212047.0468750000,165427.6250000000,164674.4375000000,131996.4062500000,120159.7109375000,133387.2968750000,152974.2031250000,,,
38.8199999372,303,175936.5937500000,197215.3125000000,165904.7656250000,165415.9531250000,132689.8906250000,120840.2656250000,134143.5625000000,149958.8437500000,,,
38.8239999372,303,175862.1093750000,184754.0468750000,165763.3593750000,165281.4687500000,132522.4375000000,120696.2343750000,133987.1406250000,148903.6875000000,,,
38.8279999373,303,175464.3125000000,194514.1250000000,165125.9218750000,164322.5000000000,131596.0625000000,119808.2890625000,132996.5156250000,151832.8750000000,,,
38.8319999373,303,175336.4531250000,210815.3593750000,164979.7968750000,164048.4531250000,131377.5937500000,119574.8828125000,132733.1875000000,154102.6718750000,,,
38.8359999373,303,175615.5937500000,212072.0000000000,165420.5468750000,164679.6093750000,131990.1562500000,120158.6875000000,133379.5468750000,152984.4062500000,,,
38.8399999372,303,175943.0937500000,197277.1406250000,165905.0781250000,165428.5312500000,132691.1250000000,120845.8437500000,134145.2812500000,149976.2968750000,,,
38.8439999372,303,175857.7656250000,184742.3437500000,165757.9687500000,165277.9062500000,132519.9531250000,120699.2578125000,133989.3906250000,148895.0000000000,,,
38.8479999371,303,175456.2968750000,194399.6406250000,165118.4218750000,164311.3125000000,131591.7343750000,119812.9765625000,132998.9062500000,151811.5156250000,,,
38.8519999373,303,175334.3906250000,210733.7343750000,164978.7031250000,164040.9531250000,131376.2812500000,119580.6171875000,132736.1250000000,154102.5312500000,,,
38.8559999373,303,175616.1562500000,212071.4843750000,165424.6250000000,164667.5156250000,131993.5156250000,120162.1796875000,133387.0468750000,152997.6250000000,,,
38.8599999372,303,175956.6718750000,197320.1718750000,165919.6250000000,165441.0312500000,132705.0156250000,120855.7421875000,134162.9062500000,149995.6718750000,,,
38.8639999372,303,175884.3750000000,184745.0312500000,165782.4218750000,165322.8906250000,132542.3437500000,120717.9062500000,134012.5156250000,148909.7500000000,,,
38.8679999372,303,175468.9531250000,194324.5937500000,165128.3437500000,164332.8593750000,131598.5000000000,119818.4218750000,133009.4218750000,151805.0312500000,,,
38.8719999373,303,175326.3125000000,210701.9218750000,164966.4375000000,164021.4218750000,131360.1250000000,119568.4687500000,132729.0781250000,154094.0781250000,,,
38.8759999373,303,175598.8593750000,212096.8906250000,165404.6406250000,164638.0156250000,131970.5468750000,120142.6796875000,133369.4843750000,152987.7187500000,,,
38.8799999373,303,175929.0156250000,197371.0000000000,165895.1875000000,165398.9531250000,132681.7968750000,120835.1171875000,134144.6093750000,149978.0781250000,,,
38.8839999372,303,175861.2343750000,184738.7343750000,165765.5312500000,165285.3281250000,132530.5937500000,120706.6875000000,134008.9218750000,148879.6875000000,,,
38.8879999372,303,175469.6562500000,194227.5312500000,165133.7031250000,164342.6406250000,131609.4687500000,119826.3359375000,133027.5468750000,151786.5312500000,,,
38.8919999371,303,175339.3750000000,210648.6093750000,164981.9218750000,164058.3593750000,131377.6406250000,119576.5703125000,132750.4062500000,154103.0937500000,,,
38.8959999373,303,175614.3906250000,212146.4843750000,165420.5625000000,164666.5781250000,131985.4687500000,120142.2734375000,133387.4531250000,153011.4687500000,,,
38.8999999373,303,175955.1093750000,197471.5312500000,165916.9062500000,165426.2500000000,132698.5000000000,120835.2265625000,134159.1250000000,150003.3125000000,,,
38.9039999372,303,175887.5937500000,184777.0781250000,165783.9843750000,165301.7500000000,132545.0468750000,120720.1562500000,134017.9375000000,148888.0468750000,,,
38.9079999372,303,175481.1875000000,194158.6718750000,165138.1093750000,164340.3906250000,131612.0156250000,119839.6953125000,133026.0468750000,151771.9531250000,,,
38.9119999371,304,175340.6406250000,210619.6562500000,164976.2031250000,164037.5937500000,131370.4375000000,119584.7734375000,132733.5625000000,154102.2968750000,,,
38.9159999371,304,175606.4218750000,212212.4843750000,165406.4687500000,164643.4218750000,131970.6250000000,120148.8203125000,133364.2031250000,153029.2500000000,,,
38.9199999371,304,175940.5781250000,197594.2812500000,165900.7187500000,165410.3750000000,132685.2968750000,120845.3593750000,134143.7812500000,150024.1718750000,,,
38.9239999370,304,175877.5937500000,184816.6718750000,165777.8750000000,165297.0468750000,132544.0312500000,120730.3750000000,134019.2187500000,148890.6718750000,,,
38.9279999370,304,175482.2343750000,194096.8437500000,165141.2500000000,164355.6250000000,131618.5625000000,119843.2343750000,133034.0468750000,151763.6718750000,,,
38.9319999369,304,175343.0312500000,210580.9531250000,164979.2343750000,164056.4218750000,131374.6093750000,119585.5546875000,132741.0937500000,154105.5937500000,,,
38.9359999371,304,175602.7500000000,212269.4062500000,165401.4218750000,164645.6250000000,131965.6406250000,120145.9765625000,133359.8750000000,153043.5468750000,,,
38.9399999371,304,175938.2968750000,197702.9218750000,165894.9687500000,165402.1406250000,132678.5781250000,120841.3671875000,134134.1250000000,150032.2812500000,,,
38.9439999370,304,175891.1093750000,184833.6250000000,165787.7656250000,165309.1562500000,132553.9218750000,120731.3906250000,134019.0000000000,148881.9531250000,,,
38.9479999370,304,175502.2968750000,194014.7500000000,165158.8593750000,164368.6093750000,131635.4062500000,119845.6484375000,133034.3906250000,151752.7500000000,,,
38.9519999370,304,175363.5781250000,210538.2343750000,164998.2343750000,164065.4062500000,131389.6406250000,119584.5859375000,132740.5312500000,154112.8593750000,,,
38.9559999371,304,175625.1406250000,212428.5937500000,165423.2187500000,164646.5625000000,131980.0937500000,120142.1640625000,133362.6093750000,153092.0156250000,,,
38.9599999371,304,175953.1718750000,198003.7343750000,165914.9531250000,165408.2343750000,132696.2968750000,120840.3750000000,134143.8125000000,150078.9687500000,,,
38.9639999371,304,175896.3125000000,184882.5937500000,165801.6093750000,165322.8906250000,132571.9062500000,120738.1796875000,134036.6562500000,148866.2187500000,,,
38.9679999370,304,175489.7500000000,193924.4843750000,165151.6562500000,164361.9218750000,131633.4687500000,119845.0859375000,133039.5781250000,151715.6406250000,,,
38.9719999370,304,175333.3750000000,210466.6093750000,164970.9843750000,164039.3437500000,131365.6562500000,119571.0156250000,132727.9531250000,154084.0468750000,,,
38.9759999369,304,175590.4687500000,212374.7343750000,165391.2343750000,164636.1250000000,131949.9687500000,120124.8671875000,133340.1718750000,153063.2343750000,,,
38.9799999371,304,175923.9375000000,197951.2968750000,165886.2812500000,165404.5312500000,132666.1562500000,120822.9375000000,134115.6718750000,150054.8125000000,,,
38.9839999371,304,175872.8750000000,184854.3281250000,165779.3750000000,165302.3906250000,132546.9531250000,120723.5390625000,134011.0468750000,148842.3750000000,,,
38.9879999370,304,175478.8281250000,193814.1093750000,165144.7656250000,164351.8437500000,131623.3906250000,119838.6171875000,133027.7656250000,151685.0625000000,,,
38.9919999370,304,175341.5000000000,210403.6406250000,164980.2656250000,164054.5468750000,131372.4218750000,119575.2578125000,132731.0312500000,154080.1562500000,,,
38.9959999369,304,175612.9687500000,212302.5625000000,165413.0937500000,164658.6093750000,131973.2031250000,120142.9687500000,133362.5312500000,153065.8593750000,,,
38.9999999371,304,175946.3125000000,197848.2968750000,165904.5000000000,165410.3750000000,132687.6093750000,120838.7343750000,134138.2343750000,150058.1562500000,,,
39.0039999371,304,175888.7812500000,184835.5000000000,165789.5937500000,165313.5156250000,132561.2812500000,120733.7031250000,134024.9843750000,148857.5781250000,,,
39.0079999371,304,175489.4843750000,193722.4687500000,165150.3125000000,164364.9843750000,131632.4531250000,119848.1171875000,133035.2812500000,151685.3281250000,,,
39.0119999370,304,175345.2031250000,210346.8750000000,164979.5625000000,164053.2656250000,131371.2656250000,119575.1171875000,132726.0781250000,154091.2968750000,,,
39.0159999370,304,175606.9531250000,212344.3750000000,165405.5781250000,164643.1250000000,131964.2500000000,120133.4531250000,133349.6562500000,153083.6718750000,,,
39.0199999369,304,175940.8125000000,197947.4218750000,165901.5781250000,165404.9062500000,132682.3281250000,120836.1093750000,134131.9531250000,150077.8281250000,,,
39.0239999371,304,175894.0625000000,184866.9375000000,165800.0000000000,165335.3593750000,132569.2656250000,120747.2968750000,134034.5156250000,148864.0937500000,,,
39.0279999371,304,175499.1250000000,193642.0468750000,165162.9375000000,164389.3437500000,131645.2031250000,119863.6484375000,133050.5156250000,151678.7500000000,,,
39.0319999370,304,175347.9375000000,210307.9687500000,164979.1250000000,164065.8125000000,131370.2656250000,119573.5078125000,132724.4062500000,154091.5312500000,,,
39.0359999370,304,175612.9062500000,212438.7031250000,165404.6093750000,164654.1093750000,131959.7343750000,120126.8750000000,133336.2812500000,153107.7031250000,,,
39.0399999369,305,175954.8437500000,198117.9843750000,165909.5625000000,165410.1406250000,132687.7656250000,120836.0000000000,134126.7968750000,150102.1718750000,,,
39.0439999369,305,175899.7187500000,184892.3906250000,165800.5312500000,165324.0312500000,132570.8281250000,120741.8828125000,134027.5312500000,148842.9375000000,,,
39.0479999369,305,175501.0937500000,193558.5625000000,165159.0000000000,164377.5468750000,131640.1250000000,119857.7187500000,133038.3906250000,151643.8906250000,,,
39.0519999368,305,175344.3437500000,210246.6718750000,164970.7343750000,164047.7031250000,131359.5468750000,119572.6250000000,132712.1250000000,154074.7968750000,,,
39.0559999368,305,175598.4062500000,212472.1875000000,165387.5000000000,164633.1562500000,131940.5156250000,120124.4375000000,133322.4687500000,153107.3281250000,,,
39.0599999367,305,175932.2343750000,198219.2656250000,165888.4218750000,165412.3906250000,132664.6718750000,120832.1406250000,134111.7031250000,150102.2812500000,,,
39.0639999369,305,175877.1875000000,184915.7187500000,165787.1250000000,165339.2968750000,132557.7187500000,120745.0468750000,134026.8125000000,148826.8437500000,,,
39.0679999369,305,175473.3593750000,193472.7812500000,165148.3593750000,164385.7500000000,131633.7968750000,119861.5546875000,133045.1718750000,151614.8593750000,,,
39.0719999368,305,175317.6562500000,210192.2968750000,164959.6250000000,164045.1406250000,131354.4531250000,119570.5625000000,132715.2968750000,154064.3125000000,,,
39.0759999368,305,175577.1875000000,212487.4218750000,165375.3437500000,164616.1562500000,131935.0625000000,120117.8125000000,133324.2656250000,153111.7812500000,,,
39.0799999367,305,175920.8906250000,198263.4531250000,165877.3281250000,165384.3906250000,132660.4062500000,120823.7734375000,134111.2968750000,150108.4843750000,,,
39.0839999369,305,175887.0937500000,184918.4062500000,165788.7812500000,165327.9218750000,132564.9843750000,120746.1171875000,134029.0312500000,148831.8281250000,,,
39.0879999369,305,175498.5468750000,193378.6093750000,165158.0937500000,164389.6406250000,131644.6875000000,119867.0234375000,133050.5937500000,151614.6718750000,,,
39.0919999368,305,175347.4843750000,210131.0937500000,164974.2812500000,164058.3281250000,131363.7031250000,119574.7421875000,132721.4531250000,154081.9062500000,,,
39.0959999368,305,175601.4062500000,212484.3125000000,165390.4218750000,164636.6875000000,131940.5156250000,120116.2812500000,133325.5937500000,153133.0937500000,,,
39.0999999368,305,175930.9375000000,198294.9375000000,165885.2968750000,165388.4687500000,132658.6406250000,120818.9687500000,134108.2187500000,150124.0625000000,,,
39.1039999367,305,175887.2500000000,184926.7031250000,165792.1093750000,165322.6406250000,132562.0000000000,120748.1875000000,134032.2343750000,148829.9843750000,,,
39.1079999369,305,175483.2812500000,193297.4687500000,165151.1093750000,164375.3906250000,131635.3281250000,119863.4062500000,133048.3437500000,151589.2187500000,,,
39.1119999369,305,175316.1250000000,210082.4375000000,164950.5937500000,164029.0625000000,131339.9843750000,119558.4140625000,132702.9531250000,154057.2031250000,,,
39.1159999368,305,175569.2187500000,212562.7343750000,165360.7031250000,164607.8125000000,131913.4218750000,120096.7578125000,133298.8593750000,153132.6406250000,,,
39.1199999368,305,175921.8750000000,198468.0468750000,165875.3125000000,165394.9531250000,132653.3125000000,120813.9765625000,134092.6250000000,150144.6406250000,,,
39.1239999367,305,175893.0468750000,184963.1718750000,165794.9531250000,165346.1093750000,132571.3437500000,120749.0156250000,134023.7812500000,148826.1093750000,,,
39.1279999369,305,175506.2187500000,193212.7187500000,165167.6093750000,164403.9062500000,131656.7343750000,119875.2578125000,133052.0156250000,151582.8906250000,,,
39.1319999369,305,175351.2656250000,210024.2343750000,164976.2812500000,164050.5781250000,131365.5781250000,119572.2265625000,132712.5312500000,154075.4218750000,,,
39.1359999368,305,175604.6562500000,212590.0625000000,165386.4531250000,164617.6718750000,131936.1093750000,120112.6328125000,133310.0781250000,153166.8437500000,,,
39.1399999368,305,175946.0468750000,198565.7031250000,165892.9843750000,165389.6718750000,132668.3750000000,120826.1015625000,134105.2343750000,150174.5937500000,,,
39.1439999368,305,175910.5000000000,184997.4218750000,165813.4062500000,165342.0937500000,132589.2812500000,120768.3046875000,134045.1250000000,148834.0781250000,,,
39.1479999367,305,175514.4218750000,193142.6250000000,165179.3281250000,164406.3125000000,131669.1250000000,119892.5625000000,133067.5156250000,151575.8437500000,,,
39.1519999369,305,175347.1093750000,209993.0468750000,164976.1250000000,164050.6250000000,131368.0781250000,119579.8984375000,132720.1250000000,154079.4843750000,,,
39.1559999369,305,175597.0312500000,212608.2500000000,165386.0468750000,164620.5937500000,131940.4843750000,120114.7265625000,133318.5156250000,153174.9218750000,,,
39.1599999368,305,175938.2656250000,198583.4531250000,165893.6250000000,165395.5468750000,132672.7031250000,120825.4062500000,134109.9062500000,150176.9375000000,,,
39.1639999368,305,175904.8750000000,185020.3593750000,165813.6718750000,165350.1093750000,132595.5000000000,120766.5546875000,134050.5000000000,148831.9843750000,,,
39.1679999367,306,175509.4062500000,193069.2968750000,165176.7500000000,164402.0312500000,131674.2500000000,119889.9062500000,133071.2187500000,151555.0468750000,,,
39.1719999367,306,175349.7656250000,209931.6406250000,164976.3906250000,164041.4843750000,131369.2812500000,119575.2578125000,132714.8125000000,154072.2500000000,,,
39.1759999366,306,175601.6718750000,212619.3593750000,165384.5468750000,164606.3593750000,131934.9843750000,120107.6718750000,133306.6093750000,153181.4062500000,,,
39.1799999366,306,175951.3750000000,198637.2187500000,165897.5937500000,165396.1093750000,132671.6250000000,120825.9140625000,134107.4375000000,150190.7500000000,,,
39.1839999366,306,175923.5625000000,185032.9062500000,165824.9687500000,165367.8125000000,132599.7968750000,120773.3984375000,134054.7343750000,148833.7343750000,,,
39.1879999365,306,175522.5468750000,192973.3750000000,165184.5156250000,164419.5937500000,131673.6250000000,119890.0625000000,133070.9062500000,151535.5156250000,,,
39.1919999367,306,175343.9062500000,209878.0000000000,164967.2968750000,164040.7656250000,131354.7343750000,119561.0390625000,132702.1562500000,154057.1562500000,,,
39.1959999367,306,175594.3281250000,212652.2187500000,165379.6093750000,164603.5156250000,131928.9687500000,120099.0625000000,133302.6093750000,153183.6406250000,,,
39.1999999366,306,175938.6718750000,198712.9843750000,165892.2656250000,165380.5781250000,132668.8593750000,120817.3593750000,134108.3750000000,150194.9843750000,,,
39.2039999366,306,175906.7812500000,185035.0781250000,165818.5625000000,165346.1093750000,132600.9531250000,120763.2578125000,134057.5781250000,148816.6718750000,,,
39.2079999365,306,175509.8281250000,192881.1093750000,165181.3437500000,164407.3125000000,131680.0937500000,119885.0000000000,133077.7656250000,151510.3125000000,,,
39.2119999367,306,175346.6562500000,209829.3281250000,164975.4375000000,164047.9687500000,131368.5468750000,119566.0312500000,132713.6250000000,154059.3750000000,,,
39.2159999367,306,175598.9062500000,212729.4062500000,165382.9375000000,164607.4843750000,131933.6718750000,120102.3906250000,133304.3906250000,153211.9531250000,,,
39.2199999366,306,175942.6562500000,198894.7031250000,165889.6875000000,165379.8281250000,132666.9062500000,120821.9453125000,134103.5156250000,150228.4531250000,,,
39.2239999366,306,175919.1406250000,185109.1406250000,165823.4375000000,165365.3437500000,132606.3593750000,120780.1015625000,134065.2187500000,148823.2187500000,,,
39.2279999366,306,175523.3281250000,192828.1875000000,165187.0000000000,164426.0937500000,131684.4843750000,119900.0703125000,133086.5937500000,151497.9687500000,,,
39.2319999365,306,175339.6562500000,209789.5156250000,164960.8125000000,164029.5156250000,131352.0625000000,119560.4453125000,132705.6875000000,154047.8125000000,,,
39.2359999367,306,175575.1718750000,212766.4687500000,165358.6406250000,164579.3437500000,131906.5468750000,120083.8046875000,133287.7343750000,153205.2187500000,,,
39.2399999367,306,175914.2031250000,198971.1406250000,165868.5000000000,165361.2968750000,132642.0468750000,120804.4062500000,134086.7656250000,150218.4218750000,,,
39.2439999366,306,175882.2812500000,185111.3125000000,165798.7812500000,165338.2031250000,132579.9687500000,120762.8046875000,134043.2500000000,148789.2968750000,,,
39.2479999366,306,175488.5625000000,192719.1875000000,165165.2812500000,164403.0781250000,131663.2500000000,119888.0781250000,133068.7812500000,151454.8750000000,,,
39.2519999365,306,175322.1406250000,209711.1718750000,164953.4687500000,164027.1406250000,131343.6093750000,119560.3125000000,132697.8906250000,154033.9531250000,,,
39.2559999367,306,175568.2812500000,212772.4843750000,165351.5000000000,164584.6875000000,131897.5468750000,120081.0156250000,133277.0781250000,153206.2656250000,,,
39.2599999367,306,175911.3906250000,199028.0156250000,165860.3125000000,165368.0468750000,132630.3437500000,120796.1953125000,134068.3281250000,150216.1406250000,,,
39.2639999366,306,175885.8281250000,185118.2031250000,165795.5625000000,165343.4375000000,132572.4375000000,120758.1328125000,134028.3437500000,148772.8750000000,,,
39.2679999366,306,175491.2500000000,192607.4218750000,165162.4843750000,164399.3437500000,131656.2187500000,119883.4687500000,133056.0468750000,151421.4218750000,,,
39.2719999366,306,175316.9531250000,209608.7968750000,164943.2500000000,164010.1250000000,131328.2343750000,119550.2031250000,132678.1718750000,154013.1406250000,,,
39.2759999365,306,175556.1250000000,212745.5781250000,165339.0312500000,164561.5625000000,131881.5000000000,120069.9375000000,133256.5625000000,153203.0468750000,,,
39.2799999367,306,175900.5781250000,199031.7656250000,165851.9218750000,165351.4531250000,132622.9218750000,120790.1875000000,134064.3281250000,150218.3750000000,,,
39.2839999367,306,175878.0781250000,185093.5781250000,165792.8125000000,165336.2968750000,132574.5781250000,120760.2031250000,134036.7343750000,148766.1406250000,,,
39.2879999366,306,175485.7187500000,192493.7500000000,165161.7343750000,164397.7968750000,131658.9062500000,119885.8515625000,133064.0781250000,151401.2812500000,,,
39.2919999366,306,175305.6718750000,209554.2031250000,164934.5312500000,164002.7343750000,131318.5000000000,119533.6796875000,132673.5781250000,154002.2656250000,,,
39.2959999365,307,175548.5625000000,212784.6093750000,165331.2187500000,164554.0312500000,131870.2812500000,120050.4062500000,133252.3750000000,153204.6562500000,,,
39.2999999365,307,175901.4062500000,199145.0937500000,165849.8906250000,165355.1562500000,132617.2343750000,120776.5625000000,134060.9218750000,150229.6406250000,,,
39.3039999364,307,175885.7656250000,185135.8281250000,165797.3125000000,165351.2656250000,132577.4531250000,120755.4531250000,134039.6875000000,148760.8281250000,,,
39.3079999364,307,175491.0000000000,192423.3437500000,165164.7968750000,164407.6562500000,131661.7656250000,119883.4687500000,133066.7187500000,151382.0781250000,,,
39.3119999364,307,175313.5000000000,209516.5156250000,164938.7656250000,164013.4843750000,131322.8750000000,119538.0546875000,132676.7968750000,154007.1250000000,,,
39.3159999363,307,175554.2500000000,212852.2187500000,165335.2500000000,164569.2031250000,131873.7500000000,120052.9531250000,133251.6718750000,153232.2343750000,,,
39.3199999365,307,175898.1718750000,199294.5468750000,165847.4687500000,165360.3750000000,132614.5468750000,120771.9218750000,134055.7500000000,150255.8437500000,,,
39.3239999365,307,175882.9062500000,185186.4687500000,165798.5937500000,165357.2187500000,132581.6875000000,120753.9218750000,134045.1250000000,148757.8281250000,,,
39.3279999364,307,175484.8437500000,192361.4531250000,165163.1562500000,164404.7656250000,131665.7968750000,119877.0546875000,133074.9531250000,151359.5156250000,,,
39.3319999364,307,175308.2187500000,209476.0937500000,164935.9687500000,164006.4218750000,131325.9531250000,119526.6562500000,132684.6562500000,153995.0000000000,,,
39.3359999363,307,175559.3437500000,212906.1093750000,165337.9375000000,164566.9062500000,131881.0468750000,120049.5781250000,133263.1562500000,153246.9375000000,,,
39.3399999365,307,175911.8750000000,199382.6718750000,165857.6875000000,165346.8906250000,132627.8281250000,120778.0625000000,134071.2031250000,150275.7187500000,,,
39.3439999365,307,175895.9062500000,185205.7031250000,165808.9062500000,165341.7968750000,132593.6562500000,120763.2890625000,134061.5937500000,148761.6093750000,,,
39.3479999364,307,175505.2968750000,192262.9687500000,165180.7500000000,164421.2656250000,131683.7343750000,119897.4140625000,133096.0781250000,151356.7500000000,,,
39.3519999364,307,175320.6250000000,209409.7656250000,164944.8593750000,164022.5468750000,131331.4531250000,119539.4218750000,132689.6562500000,154009.3281250000,,,
39.3559999363,307,175549.7656250000,212924.5937500000,165328.1406250000,164547.3437500000,131867.1562500000,120041.8750000000,133249.3750000000,153261.3125000000,,,
39.3599999363,307,175898.6406250000,199463.3593750000,165844.8437500000,165330.4687500000,132613.9062500000,120767.3593750000,134058.9375000000,150289.2812500000,,,
39.3639999365,307,175896.0156250000,185245.3906250000,165807.9375000000,165347.5937500000,132593.6562500000,120766.1796875000,134063.8281250000,148765.2031250000,,,
39.3679999365,307,175506.3281250000,192199.7812500000,165180.3750000000,164422.9218750000,131685.3281250000,119902.3203125000,133105.2031250000,151341.1406250000,,,
39.3719999364,307,175316.9531250000,209371.5156250000,164940.9375000000,164009.5468750000,131329.5312500000,119540.2812500000,132699.8906250000,154002.2656250000,,,
39.3759999364,307,175550.8750000000,212966.2187500000,165331.5156250000,164542.0937500000,131870.9375000000,120049.8750000000,133264.7968750000,153266.5156250000,,,
39.3799999363,307,175905.4843750000,199538.4375000000,165856.2968750000,165336.2968750000,132622.4531250000,120776.2109375000,134077.3125000000,150291.8593750000,,,
39.3839999365,307,175900.5781250000,185236.2500000000,165817.7500000000,165353.5937500000,132601.9375000000,120775.2734375000,134078.4687500000,148746.3750000000,,,
39.3879999365,307,175510.5781250000,192070.2812500000,165186.2812500000,164429.8437500000,131691.6250000000,119914.2031250000,133114.6250000000,151313.5937500000,,,
39.3919999364,307,175323.4687500000,209261.7656250000,164943.8906250000,164023.8437500000,131330.7812500000,119548.5703125000,132702.0625000000,153996.0781250000,,,
39.3959999364,307,175555.9375000000,212934.1718750000,165329.3750000000,164557.6718750000,131867.3593750000,120054.9375000000,133265.8125000000,153278.5781250000,,,
39.3999999363,307,175905.0781250000,199563.9687500000,165848.7656250000,165338.3281250000,132615.8281250000,120784.9296875000,134080.9843750000,150307.7656250000,,,
39.4039999363,307,175894.4375000000,185237.9062500000,165809.5156250000,165355.3593750000,132595.8593750000,120780.7968750000,134083.3281250000,148744.1250000000,,,
39.4079999365,307,175504.6093750000,191974.1718750000,165180.5468750000,164432.5312500000,131689.2343750000,119917.2343750000,133121.4375000000,151291.2812500000,,,
39.4119999364,307,175317.3125000000,209190.4531250000,164935.8125000000,164010.5625000000,131325.4843750000,119546.4218750000,132703.7656250000,153982.9843750000,,,
39.4159999364,307,175550.7656250000,212962.2968750000,165321.5468750000,164540.4062500000,131859.2343750000,120043.9453125000,133258.9687500000,153283.9218750000,,,
39.4199999364,307,175908.3906250000,199651.3593750000,165852.7031250000,165343.9687500000,132616.0468750000,120777.7187500000,134082.0625000000,150321.9062500000,,,
39.4239999363,308,175905.0312500000,185251.5625000000,165822.5312500000,165375.3281250000,132606.3437500000,120782.5156250000,134097.8593750000,148747.6406250000,,,
39.4279999363,308,175514.7500000000,191892.3906250000,165194.1718750000,164456.1250000000,131698.6875000000,119916.7265625000,133137.1562500000,151284.0625000000,,,
39.4319999362,308,175322.1093750000,209139.2187500000,164943.0312500000,164029.6562500000,131326.5468750000,119540.0937500000,132714.1875000000,153989.6093750000,,,
39.4359999362,308,175551.5625000000,212979.8125000000,165325.0625000000,164552.5000000000,131857.4375000000,120039.8906250000,133267.2031250000,153304.2031250000,,,
39.4399999361,308,175898.1718750000,199733.9062500000,165845.4531250000,165340.8750000000,132605.1562500000,120767.1718750000,134075.5000000000,150341.1406250000,,,
39.4439999361,308,175901.5468750000,185282.0625000000,165820.3281250000,165373.4687500000,132604.1406250000,120781.6015625000,134093.2031250000,148751.1406250000,,,
39.4479999363,308,175523.8437500000,191825.7343750000,165199.3906250000,164460.4531250000,131706.3437500000,119923.6718750000,133136.1875000000,151274.5156250000,,,
39.4519999363,308,175341.1250000000,209092.4687500000,164954.7812500000,164034.2968750000,131340.0156250000,119547.4375000000,132714.7343750000,153991.8125000000,,,
39.4559999362,308,175576.8593750000,213032.4218750000,165338.3593750000,164552.9843750000,131873.8593750000,120047.4843750000,133267.3437500000,153324.5781250000,,,
39.4599999362,308,175929.6875000000,199853.4843750000,165861.1250000000,165340.7187500000,132626.0781250000,120778.2500000000,134080.1406250000,150368.0937500000,,,
39.4639999361,308,175924.1875000000,185344.5781250000,165831.0312500000,165369.2031250000,132620.7500000000,120794.4531250000,134100.7031250000,148756.2968750000,,,
39.4679999363,308,175535.8281250000,191764.8593750000,165206.5000000000,164451.8437500000,131719.3906250000,119938.4531250000,133145.8125000000,151265.9062500000,,,
39.4719999363,308,175341.6093750000,209061.6718750000,164955.4531250000,164010.4062500000,131343.2656250000,119553.1562500000,132714.1406250000,153999.5937500000,,,
39.4759999362,308,175565.7812500000,213090.4062500000,165332.1718750000,164531.3593750000,131866.5625000000,120046.4921875000,133257.8437500000,153342.6562500000,,,
39.4799999362,308,175923.8125000000,199960.4218750000,165862.1406250000,165337.3906250000,132627.7968750000,120788.8984375000,134080.0312500000,150390.8593750000,,,
39.4839999361,308,175923.3281250000,185391.8437500000,165837.9218750000,165371.5625000000,132631.2500000000,120805.7187500000,134105.5625000000,148763.0000000000,,,
39.4879999361,308,175532.9218750000,191713.0937500000,165207.0937500000,164447.0937500000,131724.5937500000,119939.6328125000,133146.2968750000,151248.5468750000,,,
39.4919999363,308,175342.9531250000,209021.9687500000,164953.3906250000,164021.6406250000,131345.7343750000,119556.8281250000,132714.5625000000,153992.4843750000,,,
39.4959999362,308,175571.1250000000,213136.1562500000,165330.3437500000,164546.0156250000,131869.1562500000,120049.4453125000,133259.9062500000,153355.0312500000,,,
39.4999999362,308,175922.9687500000,200066.2968750000,165855.1406250000,165337.3750000000,132622.8906250000,120786.0078125000,134081.2656250000,150402.8750000000,,,
39.5039999362,308,175925.2031250000,185424.7812500000,165835.7187500000,165375.8281250000,132632.1093750000,120813.1250000000,134116.8750000000,148759.6718750000,,,
39.5079999361,308,175537.1875000000,191630.8281250000,165210.9062500000,164460.0468750000,131731.5625000000,119956.2890625000,133162.2500000000,151240.6093750000,,,
39.5119999363,308,175334.0468750000,208957.3906250000,164947.9687500000,164003.9375000000,131340.7187500000,119562.7265625000,132718.4218750000,153998.1406250000,,,
39.5159999363,308,175552.4531250000,213139.2968750000,165318.5312500000,164514.6875000000,131856.9375000000,120043.9687500000,133252.0000000000,153367.2812500000,,,
39.5199999362,308,175907.3593750000,200120.6406250000,165849.5937500000,165321.4375000000,132616.1562500000,120775.1718750000,134072.0625000000,150413.1718750000,,,
39.5239999362,308,175920.0468750000,185438.7812500000,165839.6875000000,165372.7656250000,132633.5312500000,120807.0625000000,134114.2500000000,148752.6718750000,,,
39.5279999361,308,175539.9062500000,191532.0156250000,165219.0625000000,164461.3906250000,131736.1250000000,119953.6640625000,133162.0156250000,151213.0156250000,,,
39.5319999361,308,175346.4843750000,208880.0312500000,164960.7812500000,164018.2812500000,131349.2968750000,119559.9140625000,132719.0156250000,153985.8593750000,,,
39.5359999363,308,175566.6718750000,213147.6093750000,165330.5312500000,164528.1406250000,131864.2031250000,120043.1953125000,133254.8750000000,153372.4687500000,,,
39.5399999362,308,175916.6718750000,200174.7343750000,165856.3750000000,165328.2812500000,132618.8593750000,120781.2578125000,134074.0937500000,150422.6718750000,,,
39.5439999362,308,175918.8437500000,185464.1875000000,165840.5468750000,165382.1875000000,132632.7031250000,120814.0312500000,134116.9375000000,148748.9218750000,,,
39.5479999362,308,175535.0781250000,191446.0000000000,165219.7031250000,164477.2656250000,131737.4843750000,119963.1015625000,133168.8593750000,151195.9218750000,,,
39.5519999361,309,175335.3593750000,208813.3281250000,164954.7031250000,164030.4375000000,131341.2500000000,119562.5937500000,132714.4062500000,153982.0468750000,,,
39.5559999361,309,175561.3593750000,213171.2187500000,165328.4062500000,164530.4218750000,131859.0781250000,120047.6171875000,133250.0468750000,153390.0312500000,,,
39.5599999360,309,175916.5312500000,200270.4375000000,165856.2968750000,165323.9531250000,132616.2968750000,120779.7812500000,134066.4218750000,150445.6406250000,,,
39.5639999360,309,175932.2343750000,185490.8437500000,165851.0156250000,165397.3125000000,132642.7968750000,120818.2187500000,134114.8437500000,148754.8437500000,,,
39.5679999359,309,175555.9218750000,191354.4843750000,165234.0468750000,164493.5156250000,131752.4062500000,119969.9453125000,133170.6562500000,151185.7031250000,,,
39.5719999359,309,175353.2968750000,208746.3281250000,164962.4687500000,164033.4375000000,131349.4375000000,119565.4609375000,132712.7500000000,153985.4062500000,,,
39.5759999361,309,175562.5625000000,213206.2187500000,165320.5312500000,164531.1562500000,131849.6875000000,120037.5312500000,133235.6093750000,153401.4531250000,,,
39.5799999360,309,175912.9218750000,200369.7343750000,165848.6250000000,165335.8437500000,132605.5937500000,120775.3828125000,134059.6875000000,150457.8906250000,,,
39.5839999360,309,175919.4687500000,185541.3281250000,165839.8750000000,165393.6875000000,132629.4531250000,120815.8828125000,134111.1406250000,148744.7968750000,,,
39.5879999360,309,175529.8906250000,191279.6406250000,165215.2500000000,164484.7187500000,131733.3593750000,119963.0468750000,133161.5000000000,151148.8281250000,,,
39.5919999359,309,175317.8906250000,208687.3125000000,164937.0781250000,164020.6250000000,131322.6875000000,119546.8515625000,132695.0937500000,153957.5312500000,,,
39.5959999361,309,175537.1406250000,213225.9687500000,165305.6093750000,164519.9687500000,131832.5156250000,120023.4531250000,133226.3593750000,153399.6562500000,,,
39.5999999361,309,175888.5156250000,200452.8281250000,165832.7968750000,165313.5468750000,132588.4687500000,120760.7109375000,134045.3125000000,150464.0625000000,,,
39.6039999360,309,175906.4531250000,185569.6718750000,165832.8281250000,165381.7656250000,132623.6093750000,120810.0390625000,134104.9687500000,148741.4375000000,,,
39.6079999360,309,175534.0312500000,191198.9375000000,165221.7656250000,164479.7343750000,131741.1875000000,119964.7109375000,133166.9687500000,151139.1250000000,,,
39.6119999359,309,175330.8750000000,208633.2968750000,164943.6250000000,164017.6093750000,131329.8281250000,119549.1875000000,132696.9218750000,153966.6250000000,,,
39.6159999359,309,175553.4531250000,213283.1250000000,165310.2968750000,164518.0937500000,131837.9375000000,120026.4531250000,133230.2500000000,153428.3593750000,,,
39.6199999361,309,175914.9062500000,200608.5781250000,165847.4218750000,165325.7343750000,132605.8906250000,120770.4765625000,134065.6250000000,150503.1718750000,,,
39.6239999360,309,175934.1562500000,185651.7500000000,165855.7031250000,165401.8750000000,132651.3750000000,120827.1796875000,134138.2031250000,148757.0156250000,,,
39.6279999360,309,175548.2187500000,191156.6093750000,165238.2656250000,164494.7812500000,131763.3437500000,119976.9140625000,133198.6250000000,151129.7343750000,,,
39.6319999360,309,175332.1718750000,208585.8437500000,164951.6875000000,164014.3906250000,131342.0000000000,119553.1250000000,132720.3125000000,153962.8750000000,,,
39.6359999359,309,175545.6718750000,213303.9375000000,165308.9375000000,164505.9843750000,131837.7031250000,120018.8125000000,133233.7343750000,153433.8593750000,,,
39.6399999361,309,175906.2343750000,200680.9218750000,165842.4531250000,165313.6250000000,132599.4687500000,120759.9296875000,134058.3750000000,150509.6562500000,,,
39.6439999361,309,175940.6718750000,185668.0312500000,165860.6406250000,165413.2812500000,132655.3906250000,120830.7968750000,134140.1562500000,148755.2812500000,,,
39.6479999360,309,175563.2968750000,191073.4687500000,165243.8906250000,164509.7187500000,131766.6718750000,119985.2578125000,133194.0312500000,151120.5781250000,,,
39.6519999360,309,175355.2812500000,208530.4375000000,164963.5781250000,164030.7500000000,131348.0312500000,119563.0781250000,132718.0781250000,153975.8750000000,,,
39.6559999359,309,175564.5000000000,213317.0000000000,165322.5625000000,164521.5156250000,131848.9843750000,120029.9140625000,133248.2656250000,153461.2968750000,,,
39.6599999359,309,175914.8281250000,200702.7500000000,165852.1093750000,165325.9687500000,132611.8593750000,120767.6328125000,134081.1250000000,150530.6562500000,,,
39.6639999361,309,175935.4687500000,185701.9843750000,165859.5625000000,165406.0000000000,132660.1718750000,120824.7343750000,134152.7968750000,148763.2656250000,,,
39.6679999360,309,175560.9375000000,191009.2812500000,165247.9218750000,164513.5312500000,131778.0937500000,119985.5234375000,133213.7812500000,151108.4843750000,,,
39.6719999360,309,175348.0156250000,208474.6406250000,164959.9531250000,164032.2343750000,131350.0156250000,119555.7031250000,132726.9531250000,153965.7187500000,,,
39.6759999359,309,175549.7500000000,213329.4687500000,165306.2031250000,164493.2031250000,131835.3593750000,120012.9375000000,133232.8281250000,153454.0468750000,,,
39.6799999359,310,175906.4843750000,200767.8281250000,165839.1562500000,165299.6875000000,132598.5312500000,120758.1875000000,134060.6875000000,150530.7656250000,,,
39.6839999359,310,175935.4687500000,185720.9062500000,165856.1875000000,165400.7187500000,132655.4531250000,120826.9062500000,134141.4687500000,148756.0625000000,,,
39.6879999358,310,175560.2812500000,190918.2187500000,165243.6250000000,164510.2031250000,131772.3906250000,119983.8906250000,133202.8593750000,151088.4062500000,,,
39.6919999358,310,175349.2187500000,208400.1250000000,164954.0781250000,164022.4218750000,131342.0000000000,119552.1093750000,132716.3593750000,153964.5781250000,,,
39.6959999357,310,175554.8437500000,213351.8125000000,165306.1250000000,164503.8125000000,131832.0937500000,120010.9765625000,133227.2500000000,153479.3125000000,,,
39.6999999357,310,175910.2812500000,200876.7812500000,165844.2812500000,165315.5312500000,132599.1718750000,120754.0859375000,134058.2812500000,150562.4218750000,,,
39.7039999359,310,175934.4218750000,185750.2187500000,165861.2343750000,165415.0937500000,132658.3437500000,120825.6484375000,134145.5000000000,148757.4531250000,,,
39.7079999358,310,175551.7343750000,190829.2968750000,165241.5937500000,164515.0312500000,131769.9531250000,119982.5781250000,133207.3125000000,151063.7500000000,,,
39.7119999358,310,175331.5156250000,208330.1562500000,164944.2031250000,164014.9843750000,131328.7812500000,119540.4140625000,132706.9218750000,153942.4843750000,,,
39.7159999358,310,175542.9062500000,213381.4843750000,165299.6250000000,164495.9843750000,131819.8593750000,119996.3906250000,133214.7968750000,153475.6406250000,,,
39.7199999357,310,175907.7968750000,201005.4218750000,165841.5156250000,165307.9375000000,132593.4062500000,120744.9375000000,134048.7031250000,150573.8437500000,,,
39.7239999359,310,175949.2031250000,185800.4218750000,165871.7500000000,165424.2187500000,132669.3437500000,120833.3750000000,134150.6562500000,148758.9218750000,,,
39.7279999359,310,175578.0468750000,190747.9687500000,165261.7343750000,164531.3593750000,131792.8750000000,120001.6484375000,133223.0312500000,151059.5156250000,,,
39.7319999358,310,175360.0000000000,208261.4687500000,164965.0781250000,164024.4531250000,131352.3593750000,119562.0078125000,132723.5468750000,153960.9687500000,,,
39.7359999358,310,175560.0781250000,213399.8437500000,165310.7812500000,164495.2343750000,131833.5937500000,120013.5546875000,133222.4218750000,153510.7031250000,,,
39.7399999357,310,175911.6875000000,201078.1562500000,165844.7812500000,165294.6093750000,132597.5468750000,120754.8671875000,134051.7812500000,150602.9531250000,,,
39.7439999357,310,175939.5312500000,185834.3593750000,165867.2656250000,165401.9062500000,132667.2031250000,120836.5390625000,134150.6562500000,148759.2968750000,,,
39.7479999359,310,175566.1406250000,190675.9375000000,165259.3906250000,164521.9218750000,131792.1250000000,120003.3359375000,133224.8906250000,151036.5781250000,,,
39.7519999358,310,175341.2031250000,208198.1562500000,164953.6718750000,164012.3906250000,131342.0781250000,119552.2656250000,132718.0312500000,153940.2031250000,,,
39.7559999358,310,175544.2500000000,213413.0781250000,165302.0156250000,164481.8281250000,131824.8437500000,120004.0625000000,133218.2031250000,153500.1875000000,,,
39.7599999357,310,175907.6406250000,201136.3125000000,165844.8125000000,165305.7187500000,132596.9218750000,120751.0546875000,134052.3750000000,150599.4531250000,,,
39.7639999357,310,175938.8750000000,185855.6250000000,165869.8906250000,165421.4062500000,132668.0625000000,120834.0937500000,134153.3906250000,148746.6718750000,,,
39.7679999359,310,175568.0625000000,190593.2656250000,165261.8906250000,164539.2031250000,131793.4375000000,120004.0859375000,133228.7187500000,151013.1562500000,,,
39.7719999359,310,175351.4531250000,208136.7968750000,164961.1562500000,164037.4687500000,131344.8437500000,119553.2578125000,132719.4687500000,153936.1875000000,,,
39.7759999358,310,175555.4062500000,213422.2187500000,165308.9687500000,164510.3125000000,131827.5000000000,119999.4765625000,133215.7187500000,153513.1093750000,,,
39.7799999358,310,175903.3437500000,201200.5937500000,165839.1562500000,165312.5781250000,132588.7968750000,120741.8515625000,134042.6406250000,150612.0312500000,,,
39.7839999357,310,175936.1406250000,185887.7812500000,165868.7343750000,165435.4062500000,132666.8750000000,120835.3593750000,134152.3906250000,148749.7031250000,,,
39.7879999357,310,175560.2031250000,190516.8437500000,165256.9843750000,164539.1406250000,131789.5781250000,120004.6796875000,133227.0625000000,150996.5625000000,,,
39.7919999359,310,175334.1718750000,208068.4218750000,164946.0000000000,164020.0000000000,131330.5468750000,119547.4375000000,132711.6718750000,153926.1562500000,,,
39.7959999358,310,175528.7187500000,213434.6718750000,165280.6406250000,164484.9843750000,131799.9531250000,119983.3515625000,133195.5468750000,153511.2656250000,,,
39.7999999358,310,175893.9843750000,201265.8906250000,165826.1406250000,165308.5312500000,132577.2187500000,120733.7265625000,134035.3437500000,150620.1406250000,,,
39.8039999357,310,175933.3593750000,185915.0625000000,165862.4062500000,165431.8593750000,132663.2812500000,120830.4765625000,134151.0781250000,148744.7968750000,,,
39.8079999357,311,175556.8750000000,190433.0000000000,165251.5625000000,164541.4218750000,131787.6718750000,119999.3906250000,133227.7031250000,150969.4218750000,,,
39.8119999357,311,175333.7187500000,208001.6093750000,164943.9375000000,164026.1718750000,131331.1875000000,119544.1718750000,132714.8906250000,153913.8437500000,,,
39.8159999356,311,175533.5156250000,213474.4687500000,165286.0781250000,164486.5781250000,131806.6093750000,119985.9843750000,133207.7187500000,153522.7187500000,,,
39.8199999356,311,175897.6093750000,201394.3125000000,165830.8125000000,165304.9062500000,132582.3906250000,120735.6562500000,134045.3125000000,150635.9843750000,,,
39.8239999355,311,175936.5156250000,185956.4218750000,165867.6093750000,165433.2812500000,132670.0468750000,120834.6328125000,134161.1093750000,148734.2187500000,,,
39.8279999355,311,175564.9218750000,190343.9062500000,165260.8437500000,164545.9218750000,131796.1718750000,120004.9140625000,133237.7656250000,150944.5000000000,,,
39.8319999357,311,175334.2500000000,207917.5781250000,164941.9062500000,164015.3281250000,131324.4062500000,119535.9062500000,132708.0156250000,153897.0156250000,,,
39.8359999356,311,175533.0625000000,213472.4375000000,165280.2656250000,164477.2656250000,131793.4218750000,119974.2031250000,133193.8281250000,153522.5625000000,,,
39.8399999356,311,175892.1562500000,201478.9375000000,165818.1250000000,165296.2187500000,132561.5156250000,120717.7421875000,134026.3593750000,150641.5625000000,,,
39.8439999355,311,175936.2031250000,186033.4375000000,165862.2187500000,165448.4375000000,132658.1406250000,120825.1875000000,134153.3593750000,148732.0781250000,,,
39.8479999355,311,175570.7187500000,190303.1093750000,165266.4218750000,164575.0312500000,131798.1406250000,120012.6171875000,133245.0781250000,150925.0781250000,,,
39.8519999357,311,175327.2031250000,207848.1875000000,164936.6406250000,164012.0312500000,131316.5000000000,119536.5234375000,132706.9218750000,153874.5468750000,,,
39.8559999357,311,175516.3593750000,213462.1093750000,165267.7968750000,164462.2500000000,131779.0156250000,119968.2500000000,133185.5312500000,153512.0468750000,,,
39.8599999356,311,175879.2500000000,201541.2343750000,165808.7968750000,165283.4843750000,132550.6093750000,120717.1250000000,134017.0468750000,150651.5000000000,,,
39.8639999356,311,175924.8593750000,186094.1250000000,165851.7343750000,165423.8437500000,132647.6406250000,120831.5468750000,134144.3437500000,148737.7031250000,,,
39.8679999355,311,175557.7187500000,190235.0312500000,165253.5468750000,164554.6250000000,131787.3750000000,120019.0234375000,133236.0937500000,150901.4687500000,,,
39.8719999355,311,175326.4843750000,207772.6875000000,164934.6562500000,164021.1562500000,131314.4062500000,119549.1562500000,132703.1093750000,153869.4687500000,,,
39.8759999357,311,175513.0000000000,213467.9062500000,165259.5781250000,164460.7968750000,131769.8125000000,119976.2968750000,133176.1250000000,153527.1406250000,,,
39.8799999356,311,175875.6093750000,201603.2812500000,165800.2968750000,165278.6562500000,132541.6250000000,120723.3750000000,134011.2500000000,150669.8593750000,,,
39.8839999356,311,175933.0937500000,186117.2812500000,165856.8593750000,165437.8437500000,132654.0781250000,120841.8515625000,134149.5781250000,148746.5937500000,,,
39.8879999355,311,175569.7500000000,190151.5937500000,165263.0781250000,164567.3281250000,131800.2343750000,120023.1328125000,133242.5937500000,150892.7031250000,,,
39.8919999355,311,175341.1718750000,207685.0312500000,164946.1875000000,164023.5468750000,131326.8437500000,119543.8984375000,132704.2343750000,153866.8437500000,,,
39.8959999357,311,175531.0000000000,213462.1093750000,165274.8125000000,164464.6093750000,131784.4375000000,119967.0468750000,133172.0156250000,153541.7031250000,,,
39.8999999356,311,175890.5000000000,201653.2031250000,165815.5312500000,165280.2031250000,132558.8906250000,120718.6015625000,134012.5937500000,150686.6250000000,,,
39.9039999356,311,175936.2187500000,186143.7187500000,165865.5156250000,165426.9531250000,132666.3125000000,120836.6718750000,134156.3125000000,148742.7031250000,,,
39.9079999356,311,175574.0468750000,190070.9062500000,165276.2656250000,164567.4687500000,131815.0000000000,120026.8281250000,133258.4375000000,150871.7031250000,,,
39.9119999355,311,175344.5781250000,207621.1718750000,164954.7500000000,164024.3750000000,131334.8906250000,119547.6796875000,132717.5781250000,153863.0625000000,,,
39.9159999355,311,175538.0000000000,213486.1875000000,165283.0781250000,164460.0781250000,131791.0625000000,119971.4687500000,133183.6093750000,153557.9843750000,,,
39.9199999357,311,175891.1718750000,201760.1562500000,165813.5937500000,165268.0625000000,132552.4531250000,120707.3046875000,134000.1562500000,150700.0468750000,,,
39.9239999356,311,175939.1250000000,186191.2968750000,165862.2812500000,165424.5625000000,132660.0937500000,120822.5078125000,134134.2656250000,148733.0625000000,,,
39.9279999356,311,175574.4687500000,189998.3750000000,165270.7187500000,164564.1875000000,131808.9531250000,120011.9453125000,133235.1562500000,150842.5781250000,,,
39.9319999355,311,175339.7343750000,207537.9375000000,164948.5781250000,164016.0781250000,131328.8593750000,119534.4609375000,132697.4218750000,153840.3750000000,,,
39.9359999355,312,175527.4531250000,213495.6093750000,165274.4218750000,164462.1093750000,131783.1406250000,119959.5078125000,133167.7812500000,153557.7968750000,,,
39.9399999355,312,175887.0312500000,201875.7343750000,165813.8593750000,165287.1093750000,132554.3281250000,120709.2421875000,134003.4531250000,150727.5937500000,,,
39.9439999354,312,175940.6718750000,186260.5937500000,165872.6875000000,165456.2656250000,132672.7812500000,120842.0859375000,134158.1562500000,148752.0000000000,,,
39.9479999354,312,175569.8906250000,189933.3125000000,165276.1562500000,164580.1250000000,131817.6562500000,120033.9687500000,133261.9062500000,150832.0625000000,,,
39.9519999353,312,175326.4843750000,207455.8906250000,164942.8750000000,164022.9531250000,131325.4218750000,119547.1953125000,132714.6718750000,153833.4218750000,,,
39.9559999353,312,175501.7656250000,213501.1093750000,165254.0781250000,164442.9843750000,131765.2500000000,119957.7343750000,133170.9218750000,153564.4843750000,,,
39.9599999355,312,175864.0468750000,201964.4375000000,165795.4843750000,165255.4218750000,132539.8437500000,120706.6406250000,134006.0781250000,150740.2500000000,,,
39.9639999354,312,175924.5625000000,186292.1562500000,165861.4375000000,165422.0156250000,132669.4218750000,120842.7031250000,134165.6093750000,148744.9843750000,,,
39.9679999354,312,175563.2031250000,189841.8437500000,165272.2656250000,164550.6250000000,131821.9843750000,120037.0234375000,133272.0937500000,150809.5312500000,,,
39.9719999353,312,175333.5000000000,207372.4375000000,164947.2343750000,164006.2187500000,131333.2031250000,119546.9843750000,132721.6406250000,153826.5312500000,,,
39.9759999353,312,175519.4843750000,213508.5312500000,165266.2343750000,164441.6406250000,131774.9843750000,119954.9453125000,133172.6562500000,153577.8906250000,,,
39.9799999355,312,175882.8281250000,202044.0156250000,165809.3906250000,165267.2500000000,132547.2031250000,120703.2812500000,134006.1562500000,150758.8906250000,,,
39.9839999354,312,175939.4687500000,186322.9687500000,165874.6875000000,165437.9843750000,132673.8437500000,120842.3828125000,134164.5937500000,148741.3281250000,,,
39.9879999354,312,175571.9218750000,189754.7500000000,165280.1093750000,164571.0000000000,131822.5156250000,120038.6328125000,133267.5000000000,150785.8125000000,,,
39.9919999354,312,175330.5000000000,207298.2343750000,164941.2031250000,164016.2500000000,131321.4062500000,119546.4453125000,132707.0312500000,153816.0468750000,,,
39.9959999353,312,175514.4687500000,213505.5625000000,165259.3437500000,164449.2812500000,131763.4062500000,119957.3359375000,133159.7656250000,153585.0468750000,,,
39.9999999353,312,175878.7500000000,202084.7343750000,165806.7812500000,165265.5156250000,132540.9531250000,120705.9375000000,133998.3593750000,150772.2968750000,,,
40.0039999355,312,175945.7968750000,186340.7031250000,165883.1093750000,165443.1562500000,132685.1093750000,120854.6171875000,134175.7500000000,148755.2812500000,,,
40.0079999354,312,175592.7343750000,189680.9062500000,165301.9375000000,164588.2500000000,131850.2812500000,120062.6953125000,133294.4843750000,150792.4375000000,,,
40.0119999354,312,175354.0781250000,207239.8125000000,164963.9531250000,164023.0781250000,131347.4687500000,119559.8828125000,132728.5156250000,153828.4375000000,,,
40.0159999353,312,175534.2656250000,213530.1875000000,165276.9062500000,164439.5000000000,131783.4687500000,119958.4375000000,133173.3281250000,153604.6093750000,,,
40.0199999353,312,175900.3125000000,202169.5468750000,165823.4687500000,165259.0000000000,132560.8750000000,120707.3046875000,134012.8593750000,150795.9531250000,,,
40.0239999355,312,175965.8906250000,186396.2187500000,165897.8906250000,165448.2187500000,132701.9843750000,120860.5390625000,134186.5625000000,148765.9218750000,,,
40.0279999354,312,175605.4218750000,189628.3906250000,165310.0625000000,164604.8593750000,131858.5156250000,120067.3046875000,133298.0781250000,150780.4218750000,,,
40.0319999354,312,175363.8125000000,207194.4843750000,164970.2500000000,164042.5625000000,131352.7500000000,119568.7656250000,132731.2187500000,153833.5312500000,,,
40.0359999354,312,175536.4687500000,213575.1875000000,165277.7500000000,164455.8906250000,131782.6093750000,119971.7109375000,133170.8906250000,153632.8750000000,,,
40.0399999353,312,175887.7656250000,202310.2500000000,165813.9687500000,165260.8125000000,132550.1406250000,120717.4765625000,134003.1562500000,150825.1093750000,,,
40.0439999353,312,175942.8437500000,186453.6250000000,165883.3281250000,165437.3906250000,132687.5000000000,120865.2109375000,134178.4375000000,148758.8437500000,,,
40.0479999355,312,175581.7187500000,189559.1718750000,165295.0156250000,164590.0468750000,131844.7343750000,120067.6015625000,133290.7812500000,150753.1250000000,,,
40.0519999354,312,175337.8750000000,207124.3437500000,164947.9843750000,164009.6406250000,131332.0156250000,119561.7890625000,132716.9531250000,153815.1093750000,,,
40.0559999354,312,175509.5156250000,213577.5156250000,165251.0781250000,164413.8906250000,131758.5468750000,119956.7968750000,133153.5625000000,153626.4687500000,,,
40.0599999353,312,175873.6250000000,202364.2968750000,165795.8906250000,165225.0312500000,132534.4843750000,120705.1640625000,133988.7968750000,150827.5000000000,,,
40.0639999353,313,175947.4375000000,186483.7968750000,165880.6718750000,165427.8593750000,132685.9687500000,120864.3750000000,134170.6875000000,148760.7812500000,,,
40.0679999352,313,175599.2656250000,189466.3125000000,165305.3125000000,164605.6093750000,131855.0781250000,120075.0859375000,133292.8437500000,150741.6718750000,,,
40.0719999352,313,175354.6406250000,207024.2968750000,164956.5000000000,164032.9843750000,131336.6093750000,119558.7343750000,132710.4375000000,153807.5625000000,,,
40.0759999352,313,175529.7656250000,213541.8437500000,165262.5625000000,164431.9062500000,131765.9218750000,119951.4375000000,133149.5625000000,153630.0937500000,,,
40.0799999351,313,175885.7187500000,202369.8281250000,165802.4687500000,165241.3750000000,132539.4687500000,120696.5000000000,133983.8906250000,150827.3906250000,,,
40.0839999351,313,175944.4531250000,186475.0000000000,165880.7812500000,165433.4218750000,132689.5468750000,120852.6875000000,134169.8750000000,148742.8281250000,,,
40.0879999353,313,175587.3750000000,189361.5937500000,165302.3593750000,164597.8281250000,131859.8281250000,120061.6718750000,133297.9218750000,150704.2031250000,,,
40.0919999352,313,175345.9843750000,206929.2656250000,164958.3750000000,164032.4531250000,131343.8437500000,119550.1250000000,132718.4218750000,153789.5468750000,,,
40.0959999352,313,175518.6562500000,213524.0625000000,165261.4062500000,164441.2343750000,131766.1875000000,119945.1562500000,133152.5468750000,153630.9531250000,,,
40.0999999351,313,175872.9843750000,202367.8437500000,165798.0156250000,165246.1250000000,132534.1875000000,120691.1640625000,133983.2812500000,150827.8750000000,,,
40.1039999351,313,175944.1718750000,186488.0937500000,165882.3593750000,165444.9218750000,132687.5312500000,120855.2031250000,134170.2812500000,148750.3906250000,,,
40.1079999353,313,175596.0937500000,189294.0625000000,165306.6093750000,164612.5000000000,131859.7500000000,120072.1093750000,133299.1250000000,150703.8750000000,,,
40.1119999352,313,175345.5156250000,206874.5468750000,164948.6093750000,164015.1718750000,131329.7968750000,119549.5078125000,132708.7187500000,153792.6093750000,,,
40.1159999352,313,175515.9843750000,213585.7500000000,165248.0781250000,164408.4843750000,131748.7500000000,119936.8984375000,133139.8906250000,153652.4062500000,,,
40.1199999352,313,175882.2031250000,202603.1250000000,165796.4843750000,165231.4218750000,132529.8125000000,120689.5234375000,133982.2343750000,150877.2343750000,,,
40.1239999351,313,175959.5625000000,186593.2656250000,165893.2500000000,165442.8125000000,132701.3437500000,120867.0312500000,134187.1250000000,148768.0156250000,,,
40.1279999351,313,175598.2656250000,189250.0156250000,165307.7500000000,164593.4531250000,131865.7812500000,120079.2421875000,133308.6250000000,150690.3125000000,,,
40.1319999353,313,175344.4843750000,206826.1093750000,164947.4843750000,164003.4531250000,131334.4062500000,119555.9140625000,132714.7343750000,153786.5156250000,,,
40.1359999352,313,175512.0312500000,213617.0312500000,165243.4843750000,164406.4843750000,131747.4687500000,119938.7500000000,133137.7968750000,153665.4687500000,,,
40.1399999352,313,175873.2187500000,202727.3125000000,165788.0937500000,165225.6562500000,132521.6093750000,120689.0390625000,133974.6406250000,150899.4687500000,,,
40.1439999351,313,175950.3125000000,186664.7343750000,165884.2968750000,165438.3750000000,132691.4687500000,120870.0937500000,134182.4531250000,148768.3125000000,,,
40.1479999351,313,175601.2968750000,189198.4062500000,165307.2968750000,164616.8125000000,131863.2031250000,120090.6406250000,133315.2187500000,150676.6718750000,,,
40.1519999353,313,175346.1093750000,206758.6718750000,164939.6562500000,164020.9687500000,131320.8437500000,119557.9531250000,132713.8906250000,153777.1718750000,,,
40.1559999352,313,175500.3906250000,213605.9218750000,165225.2812500000,164395.8593750000,131724.8281250000,119931.9921875000,133130.6250000000,153658.6562500000,,,
40.1599999352,313,175864.0468750000,202718.7343750000,165775.1875000000,165223.2656250000,132505.5625000000,120687.5937500000,133974.1875000000,150890.3125000000,,,
40.1639999351,313,175951.9375000000,186684.6093750000,165885.2968750000,165461.9843750000,132690.0000000000,120873.9296875000,134193.2500000000,148767.6406250000,,,
40.1679999351,313,175601.5625000000,189118.3437500000,165313.8437500000,164619.2343750000,131872.0000000000,120091.2578125000,133333.0312500000,150655.5468750000,,,
40.1719999351,313,175338.3125000000,206681.1093750000,164943.7031250000,164004.8125000000,131326.8437500000,119548.5937500000,132727.1250000000,153762.4062500000,,,
40.1759999353,313,175503.3750000000,213593.3750000000,165241.8750000000,164410.3906250000,131740.6250000000,119928.1562500000,133148.3281250000,153664.3593750000,,,
40.1799999352,313,175863.7031250000,202726.2968750000,165789.4843750000,165232.3906250000,132520.7500000000,120690.1406250000,133991.7343750000,150895.4375000000,,,
40.1839999352,313,175934.0312500000,186700.7968750000,165880.5468750000,165441.8125000000,132689.5468750000,120877.4687500000,134200.2500000000,148759.7031250000,,,
40.1879999351,313,175581.5312500000,189043.1406250000,165306.7656250000,164608.7656250000,131868.4843750000,120093.5625000000,133337.4843750000,150624.8906250000,,,
40.1919999351,314,175329.8125000000,206606.8593750000,164944.2656250000,164005.3750000000,131327.9687500000,119551.6250000000,132735.4375000000,153747.3750000000,,,
40.1959999350,314,175499.6718750000,213593.2187500000,165239.5156250000,164398.8125000000,131740.5468750000,119930.7812500000,133160.0000000000,153669.4375000000,,,
40.1999999350,314,175866.9375000000,202792.8125000000,165786.9531250000,165222.2500000000,132520.0468750000,120685.0468750000,134001.8437500000,150912.3437500000,,,
40.2039999350,314,175950.6093750000,186756.2343750000,165890.5000000000,165448.5156250000,132699.9531250000,120873.3906250000,134215.7187500000,148772.7187500000,,,
40.2079999349,314,175606.7500000000,188985.8125000000,165323.6875000000,164630.5000000000,131886.3281250000,120101.5078125000,133355.4062500000,150624.3750000000,,,
40.2119999349,314,175351.3437500000,206540.4218750000,164955.3750000000,164027.8593750000,131337.2187500000,119558.4375000000,132740.3437500000,153755.1093750000,,,
40.2159999351,314,175510.3437500000,213674.5312500000,165242.1562500000,164411.0156250000,131736.8750000000,119925.6875000000,133149.5937500000,153703.1718750000,,,
40.2199999350,314,175872.6875000000,203133.0000000000,165791.0156250000,165221.3281250000,132516.1093750000,120680.7578125000,133993.6093750000,150976.8125000000,,,
40.2239999350,314,175955.4531250000,186892.5468750000,165900.1562500000,165450.9843750000,132708.3125000000,120881.7031250000,134229.2656250000,148778.7812500000,,,
40.2279999349,314,175609.7187500000,188934.6718750000,165331.3593750000,164631.7812500000,131894.2187500000,120111.9921875000,133373.9062500000,150610.1093750000,,,
40.2319999349,314,175353.5937500000,206469.8281250000,164959.0156250000,164028.9375000000,131342.4062500000,119569.7812500000,132757.6718750000,153756.5468750000,,,
40.2359999351,314,175508.1718750000,213687.2187500000,165237.3750000000,164401.9531250000,131733.9531250000,119933.8671875000,133158.6406250000,153722.7031250000,,,
40.2399999350,314,175870.8593750000,203220.2187500000,165783.7187500000,165219.1875000000,132512.0937500000,120689.3906250000,133995.7500000000,151002.1093750000,,,
40.2439999350,314,175956.9062500000,186953.7968750000,165896.4531250000,165466.4375000000,132707.4375000000,120893.5078125000,134225.7812500000,148791.4687500000,,,
40.2479999349,314,175606.7500000000,188876.0312500000,165326.2031250000,164641.8906250000,131891.3906250000,120122.2343750000,133368.0625000000,150595.8906250000,,,
40.2519999349,314,175343.6718750000,206399.8750000000,164946.7031250000,164021.6562500000,131330.5000000000,119570.0234375000,132741.8437500000,153741.4062500000,,,
40.2559999349,314,175503.7187500000,213644.0937500000,165230.7500000000,164401.9218750000,131727.5468750000,119937.2421875000,133143.5000000000,153716.8281250000,,,
40.2599999350,314,175867.2968750000,203119.1562500000,165778.1875000000,165219.2656250000,132507.1562500000,120689.5234375000,133983.4062500000,150986.0156250000,,,
40.2639999350,314,175957.4375000000,186940.9531250000,165893.5312500000,165466.0312500000,132706.1250000000,120892.4375000000,134220.0625000000,148794.8437500000,,,
40.2679999350,314,175604.7656250000,188796.4531250000,165321.1093750000,164648.7343750000,131891.4218750000,120124.1406250000,133368.0000000000,150580.1718750000,,,
40.2719999349,314,175337.3437500000,206316.3281250000,164938.8437500000,164033.0625000000,131326.5468750000,119568.2812500000,132742.3593750000,153730.7968750000,,,
40.2759999349,314,175496.9375000000,213617.0312500000,165224.5312500000,164409.7500000000,131723.2031250000,119931.3750000000,133144.9531250000,153715.8593750000,,,
40.2799999351,314,175856.5312500000,203085.3125000000,165769.5468750000,165215.3593750000,132497.0625000000,120679.0625000000,133977.1406250000,150975.7500000000,,,
40.2839999350,314,175938.2343750000,186947.2031250000,165877.8593750000,165451.0468750000,132686.8906250000,120876.0468750000,134205.2343750000,148781.4843750000,,,
40.2879999350,314,175591.1093750000,188728.5937500000,165313.3125000000,164641.5468750000,131883.1406250000,120115.6406250000,133363.1562500000,150550.8906250000,,,
40.2919999349,314,175331.8906250000,206246.4218750000,164935.9687500000,164025.8437500000,131322.7968750000,119565.1406250000,132737.9531250000,153711.7031250000,,,
40.2959999349,314,175495.1562500000,213622.9375000000,165222.2968750000,164406.0468750000,131721.3750000000,119931.4531250000,133139.6406250000,153717.0937500000,,,
40.2999999349,314,175867.1875000000,203168.7187500000,165777.6562500000,165232.1250000000,132509.2656250000,120688.6640625000,133986.3125000000,151001.3906250000,,,
40.3039999350,314,175956.6875000000,187004.4218750000,165893.9062500000,165468.8281250000,132708.2968750000,120887.0468750000,134222.6875000000,148800.1562500000,,,
40.3079999350,314,175612.0312500000,188676.4218750000,165331.3281250000,164660.9218750000,131903.6562500000,120125.2421875000,133378.7968750000,150550.3437500000,,,
40.3119999350,314,175348.5312500000,206190.2343750000,164947.3750000000,164034.5625000000,131333.1250000000,119564.7968750000,132745.9687500000,153715.8906250000,,,
40.3159999349,314,175501.2187500000,213668.6406250000,165223.8281250000,164395.5937500000,131717.8281250000,119918.2031250000,133135.1093750000,153735.0156250000,,,
40.3199999349,315,175861.2343750000,203355.8125000000,165772.0937500000,165215.2812500000,132494.7812500000,120669.5390625000,133970.0312500000,151023.8437500000,,,
40.3239999348,315,175951.8125000000,187091.5937500000,165893.0625000000,165475.9062500000,132701.2031250000,120884.4921875000,134213.2031250000,148791.2500000000,,,
40.3279999348,315,175605.8281250000,188617.4687500000,165328.1093750000,164676.7656250000,131898.1875000000,120129.2656250000,133369.4843750000,150523.2343750000,,,
40.3319999347,315,175337.3437500000,206119.1875000000,164939.0625000000,164038.7500000000,131321.9062500000,119563.8281250000,132729.3125000000,153698.1875000000,,,
40.3359999347,315,175492.7812500000,213683.0937500000,165215.5468750000,164398.6406250000,131705.9531250000,119916.8046875000,133116.1406250000,153738.7187500000,,,
40.3399999347,315,175857.6093750000,203480.3906250000,165764.4531250000,165212.2187500000,132485.0000000000,120669.3281250000,133954.4375000000,151042.1250000000,,,
40.3439999348,315,175957.5000000000,187162.9062500000,165896.3906250000,165472.2500000000,132705.1562500000,120893.7734375000,134210.2968750000,148794.7031250000,,,
40.3479999348,315,175613.6406250000,188564.2500000000,165335.4375000000,164670.4687500000,131905.2656250000,120138.9218750000,133369.8593750000,150507.2500000000,,,
40.3519999348,315,175338.2812500000,206044.9843750000,164941.0937500000,164030.8906250000,131322.6093750000,119566.9140625000,132726.3906250000,153685.8437500000,,,
40.3559999347,315,175487.0312500000,213679.1250000000,165213.3125000000,164393.7343750000,131701.1406250000,119913.7265625000,133109.9531250000,153738.6875000000,,,
40.3599999347,315,175844.2031250000,203515.9843750000,165755.5312500000,165202.2187500000,132474.7031250000,120661.5781250000,133943.6093750000,151042.9687500000,,,
40.3639999349,315,175938.9687500000,187203.3281250000,165882.8437500000,165461.7343750000,132690.1093750000,120883.5312500000,134198.8281250000,148787.3593750000,,,
40.3679999348,315,175593.9218750000,188494.0625000000,165320.0937500000,164657.0000000000,131890.3750000000,120131.7031250000,133361.5156250000,150477.9218750000,,,
40.3719999348,315,175322.3750000000,205969.8437500000,164922.5156250000,164015.7031250000,131303.5312500000,119557.3906250000,132712.2031250000,153665.7812500000,,,
40.3759999347,315,175472.6562500000,213685.1875000000,165192.3906250000,164374.1406250000,131681.2968750000,119901.2500000000,133093.1875000000,153734.9375000000,,,
40.3799999347,315,175841.7343750000,203573.4687500000,165746.4375000000,165194.6250000000,132468.3906250000,120657.2578125000,133939.5625000000,151050.5781250000,,,
40.3839999347,315,175943.8437500000,187241.6250000000,165881.7812500000,165460.0312500000,132695.2812500000,120884.8984375000,134205.2343750000,148787.7656250000,,,
40.3879999348,315,175607.6875000000,188427.0000000000,165329.9843750000,164664.6093750000,131908.0000000000,120138.4140625000,133377.5000000000,150463.1250000000,,,
40.3919999348,315,175343.5625000000,205894.9218750000,164940.3437500000,164029.5468750000,131328.1093750000,119569.9687500000,132732.7500000000,153667.9062500000,,,
40.3959999348,315,175497.2812500000,213691.8437500000,165214.5781250000,164392.5000000000,131708.0937500000,119917.9843750000,133114.7812500000,153763.3906250000,,,
40.3999999347,315,175861.2031250000,203683.3906250000,165764.4062500000,165212.8906250000,132489.0937500000,120672.0625000000,133954.9062500000,151090.1093750000,,,
40.4039999347,315,175952.6093750000,187284.2812500000,165894.5468750000,165471.8750000000,132710.1093750000,120895.5468750000,134215.8281250000,148795.8593750000,,,
40.4079999349,315,175610.1562500000,188340.0468750000,165338.5000000000,164671.3281250000,131918.5156250000,120144.5000000000,133384.2031250000,150445.7656250000,,,
40.4119999348,315,175338.2500000000,205804.0781250000,164940.6718750000,164023.4531250000,131328.2656250000,119561.8437500000,132731.6562500000,153654.0625000000,,,
40.4159999348,315,175486.7187500000,213698.8437500000,165208.3593750000,164368.4218750000,131697.2812500000,119891.5937500000,133107.3750000000,153759.7656250000,,,
40.4199999347,315,175851.7968750000,203850.4375000000,165758.2812500000,165180.4531250000,132475.2031250000,120643.7109375000,133941.7031250000,151103.8437500000,,,
40.4239999347,315,175961.7656250000,187368.4531250000,165904.8750000000,165464.4218750000,132718.2343750000,120901.5234375000,134221.7031250000,148797.3125000000,,,
40.4279999346,315,175635.7031250000,188280.6718750000,165363.4687500000,164685.1562500000,131943.1875000000,120169.5234375000,133404.4843750000,150440.3437500000,,,
40.4319999348,315,175366.9062500000,205733.2656250000,164965.5312500000,164037.0625000000,131351.3906250000,119580.6484375000,132743.2343750000,153660.5312500000,,,
40.4359999348,315,175509.4843750000,213716.6250000000,165225.7812500000,164388.7968750000,131714.9687500000,119909.5390625000,133109.9531250000,153784.4531250000,,,
40.4399999348,315,175869.2812500000,203961.3125000000,165771.7031250000,165209.4218750000,132491.3593750000,120660.7187500000,133948.8125000000,151137.8906250000,,,
40.4439999347,315,175973.9375000000,187440.8593750000,165918.8125000000,165488.1093750000,132734.9218750000,120912.6562500000,134234.6093750000,148810.6093750000,,,
40.4479999347,316,175636.5937500000,188236.7343750000,165370.4375000000,164706.0000000000,131952.0937500000,120176.3671875000,133415.2656250000,150428.8750000000,,,
40.4519999346,316,175348.2343750000,205674.4687500000,164953.7812500000,164043.6093750000,131340.4375000000,119580.1093750000,132737.6562500000,153646.5781250000,,,
40.4559999346,316,175481.7031250000,213701.6562500000,165204.8437500000,164370.2968750000,131693.9531250000,119901.9765625000,133095.1718750000,153775.6562500000,,,
40.4599999345,316,175842.9062500000,203912.1562500000,165751.6562500000,165178.9843750000,132472.1562500000,120651.4140625000,133931.6406250000,151120.0000000000,,,
40.4639999345,316,175953.5781250000,187449.5781250000,165899.8750000000,165467.2656250000,132717.8125000000,120900.7500000000,134216.3125000000,148803.0156250000,,,
40.4679999345,316,175619.9687500000,188171.0937500000,165352.3906250000,164691.2812500000,131939.0312500000,120166.5468750000,133401.5312500000,150402.9062500000,,,
40.4719999346,316,175342.7656250000,205590.8125000000,164944.3125000000,164040.0312500000,131335.4218750000,119576.7578125000,132734.7031250000,153633.8906250000,,,
40.4759999346,316,175481.9687500000,213687.9687500000,165201.1093750000,164378.2031250000,131694.6250000000,119904.6015625000,133097.1250000000,153783.0468750000,,,
40.4799999346,316,175840.9843750000,203925.0468750000,165748.0937500000,165194.2656250000,132469.8750000000,120656.1328125000,133932.2031250000,151127.7812500000,,,
40.4839999345,316,175945.6875000000,187484.1562500000,165891.1406250000,165473.0625000000,132708.5000000000,120901.3906250000,134213.9687500000,148806.2343750000,,,
40.4879999345,316,175612.9375000000,188097.8437500000,165347.5625000000,164686.6093750000,131934.9062500000,120173.2500000000,133405.1875000000,150384.7187500000,,,
40.4919999347,316,175332.6718750000,205503.5312500000,164940.1250000000,164027.1562500000,131329.6562500000,119578.2031250000,132732.8281250000,153622.1250000000,,,
40.4959999346,316,175465.2500000000,213695.4843750000,165193.6875000000,164357.0468750000,131684.0625000000,119897.7109375000,133089.0625000000,153790.3281250000,,,
40.4999999346,316,175825.9531250000,204047.2031250000,165744.3437500000,165171.2812500000,132465.5468750000,120649.2109375000,133929.1562500000,151148.7187500000,,,
40.5039999345,316,175946.0156250000,187539.9218750000,165905.7812500000,165473.1875000000,132725.5937500000,120908.6875000000,134227.2500000000,148812.0000000000,,,
40.5079999345,316,175621.5781250000,188036.7656250000,165367.0000000000,164705.0625000000,131955.8281250000,120176.0703125000,133419.2968750000,150373.0781250000,,,
40.5119999344,316,175341.5468750000,205443.0781250000,164950.5625000000,164032.5312500000,131339.3750000000,119571.6093750000,132736.4843750000,153615.2031250000,,,
40.5159999346,316,175483.5468750000,213710.8750000000,165205.4843750000,164364.5781250000,131692.1562500000,119891.9687500000,133087.6562500000,153800.4687500000,,,
40.5199999346,316,175848.9687500000,204157.9531250000,165756.8593750000,165177.5312500000,132472.5468750000,120641.4296875000,133922.7187500000,151172.3281250000,,,
40.5239999346,316,175967.5000000000,187611.0468750000,165917.0156250000,165477.9687500000,132732.2500000000,120905.0937500000,134222.3437500000,148818.9062500000,,,
40.5279999345,316,175639.2031250000,187989.7187500000,165377.8125000000,164709.8125000000,131963.4375000000,120180.0625000000,133418.2968750000,150361.3593750000,,,
40.5319999345,316,175352.0937500000,205376.0156250000,164956.8437500000,164033.8750000000,131341.4375000000,119571.4218750000,132729.4218750000,153609.0000000000,,,
40.5359999347,316,175482.6562500000,213716.5468750000,165202.2656250000,164364.3906250000,131686.1875000000,119886.2265625000,133075.2968750000,153806.9531250000,,,
40.5399999346,316,175845.6406250000,204228.2187500000,165754.1875000000,165188.2343750000,132467.9687500000,120642.3984375000,133913.7500000000,151186.7500000000,,,
40.5439999346,316,175959.4531250000,187664.7031250000,165911.3125000000,165493.0625000000,132725.2187500000,120904.7734375000,134210.7343750000,148821.2812500000,,,
40.5479999345,316,175630.0312500000,187930.5625000000,165372.3437500000,164725.8437500000,131957.1406250000,120177.4609375000,133406.5000000000,150344.7812500000,,,
40.5519999345,316,175347.5937500000,205305.9375000000,164954.9062500000,164054.3281250000,131337.3125000000,119565.7578125000,132717.5468750000,153604.7343750000,,,
40.5559999344,316,175488.2187500000,213727.6718750000,165206.2031250000,164381.6718750000,131686.0781250000,119882.6328125000,133064.9375000000,153825.4531250000,,,
40.5599999346,316,175850.0156250000,204302.4687500000,165750.6718750000,165185.1562500000,132460.7187500000,120630.2187500000,133898.6250000000,151205.1250000000,,,
40.5639999346,316,175968.9218750000,187717.9375000000,165911.5156250000,165483.6875000000,132723.1718750000,120897.4218750000,134204.0000000000,148825.8281250000,,,
40.5679999345,316,175640.0000000000,187872.7343750000,165373.3437500000,164714.9843750000,131958.9062500000,120180.8984375000,133406.3281250000,150328.6875000000,,,
40.5719999345,316,175350.0625000000,205221.0937500000,164949.7812500000,164036.1250000000,131331.4531250000,119568.3906250000,132712.7968750000,153591.6718750000,,,
40.5759999345,317,175482.6093750000,213714.7500000000,165199.0000000000,164366.3593750000,131675.4531250000,119880.6250000000,133057.4531250000,153827.3593750000,,,
40.5799999344,317,175835.7968750000,204345.2187500000,165743.5937500000,165173.1562500000,132449.6718750000,120628.5546875000,133893.4218750000,151209.1250000000,,,
40.5839999344,317,175943.8125000000,187755.8437500000,165899.1093750000,165466.7812500000,132709.5312500000,120891.3593750000,134199.5156250000,148812.6250000000,,,
40.5879999343,317,175623.5312500000,187789.3593750000,165370.6562500000,164709.6562500000,131957.2968750000,120174.5703125000,133409.9375000000,150294.8593750000,,,
40.5919999343,317,175342.0937500000,205130.6250000000,164954.2187500000,164032.6562500000,131335.6093750000,119558.4375000000,132716.2500000000,153572.1250000000,,,
40.5959999342,317,175473.4843750000,213707.4218750000,165199.2343750000,164356.3750000000,131675.6875000000,119863.4062500000,133054.1406250000,153823.6406250000,,,
40.5999999344,317,175835.8281250000,204438.7187500000,165746.2656250000,165170.9843750000,132452.1093750000,120615.7109375000,133889.1562500000,151223.8437500000,,,
40.6039999344,317,175957.4687500000,187813.0156250000,165909.7812500000,165479.2500000000,132722.1875000000,120892.8671875000,134201.5312500000,148823.6250000000,,,
40.6079999343,317,175630.5312500000,187734.7500000000,165370.7343750000,164716.7031250000,131960.2187500000,120177.1171875000,133405.9375000000,150284.3593750000,,,
40.6119999343,317,175344.9843750000,205052.8437500000,164946.4687500000,164034.7500000000,131329.6875000000,119562.2734375000,132708.4531250000,153562.8906250000,,,
40.6159999343,317,175474.5156250000,213704.4218750000,165189.8125000000,164354.5312500000,131664.6406250000,119864.4531250000,133040.4218750000,153828.9531250000,,,
40.6199999345,317,175841.4062500000,204512.0000000000,165742.7343750000,165174.8593750000,132446.1250000000,120614.4765625000,133874.9687500000,151240.2187500000,,,
40.6239999344,317,175966.9062500000,187869.8281250000,165915.0625000000,165489.1250000000,132725.4531250000,120892.2187500000,134194.9843750000,148829.1718750000,,,
40.6279999344,317,175645.9375000000,187689.4218750000,165385.0625000000,164728.4218750000,131975.0312500000,120181.1953125000,133408.6406250000,150275.6875000000,,,
40.6319999343,317,175362.5312500000,204995.6093750000,164960.2500000000,164038.3750000000,131343.7187500000,119559.5625000000,132706.1406250000,153562.7656250000,,,
40.6359999343,317,175497.8125000000,213719.0937500000,165207.6250000000,164357.3750000000,131682.8593750000,119863.6171875000,133041.9843750000,153851.5312500000,,,
40.6399999342,317,175869.8125000000,204584.6093750000,165769.0625000000,165173.8281250000,132472.5468750000,120623.0859375000,133889.0312500000,151275.5937500000,,,
40.6439999344,317,175993.0625000000,187933.3437500000,165942.1562500000,165493.7968750000,132752.5781250000,120907.3750000000,134210.5937500000,148858.4843750000,,,
40.6479999344,317,175670.3125000000,187642.4375000000,165415.3437500000,164755.5937500000,132004.1250000000,120203.6406250000,133430.0937500000,150285.4843750000,,,
40.6519999343,317,175376.3437500000,204933.4843750000,164984.6250000000,164073.6718750000,131364.0781250000,119580.5625000000,132725.9062500000,153576.2812500000,,,
40.6559999343,317,175496.4218750000,213719.0000000000,165218.1406250000,164366.8437500000,131690.1562500000,119877.7265625000,133051.7500000000,153868.6718750000,,,
40.6599999343,317,175854.5468750000,204637.9062500000,165763.8593750000,165163.8593750000,132466.2187500000,120623.1640625000,133886.7968750000,151285.4843750000,,,
40.6639999344,317,175983.1718750000,188001.5468750000,165938.6875000000,165497.3906250000,132749.8437500000,120908.1250000000,134213.7343750000,148863.5000000000,,,
40.6679999344,317,175669.8750000000,187608.2343750000,165417.7343750000,164766.7343750000,132008.8281250000,120204.0156250000,133437.4218750000,150268.9375000000,,,
40.6719999344,317,175377.0937500000,204869.1406250000,164981.0156250000,164060.4218750000,131362.2187500000,119570.9062500000,132723.8437500000,153560.5312500000,,,
40.6759999343,317,175495.5156250000,213725.3125000000,165209.6875000000,164339.3125000000,131682.0000000000,119861.5546875000,133044.6875000000,153867.2500000000,,,
40.6799999343,317,175854.5781250000,204705.5156250000,165756.6562500000,165144.2500000000,132459.3281250000,120611.2343750000,133883.2656250000,151293.1093750000,,,
40.6839999342,317,175983.9687500000,188036.0000000000,165936.6562500000,165481.8906250000,132749.2187500000,120906.7578125000,134217.2812500000,148861.5000000000,,,
40.6879999344,317,175658.9687500000,187541.7500000000,165406.6562500000,164744.1718750000,132001.2812500000,120206.5937500000,133436.2500000000,150247.9531250000,,,
40.6919999344,317,175354.7968750000,204785.1875000000,164961.8593750000,164034.7031250000,131345.4062500000,119571.8750000000,132715.3437500000,153540.2031250000,,,
40.6959999343,317,175467.4218750000,213714.4687500000,165185.1250000000,164323.3281250000,131658.4218750000,119857.9843750000,133026.7031250000,153859.3281250000,,,
40.6999999343,317,175832.5312500000,204791.8593750000,165737.6562500000,165143.6250000000,132440.2500000000,120609.6250000000,133866.2812500000,151299.8906250000,,,
40.7039999343,318,175966.5937500000,188096.2656250000,165922.1718750000,165486.0625000000,132734.7343750000,120905.1171875000,134205.2031250000,148852.5312500000,,,
40.7079999342,318,175646.2812500000,187476.1406250000,165396.5937500000,164742.9843750000,131991.5781250000,120206.2734375000,133432.1718750000,150213.8125000000,,,
40.7119999342,318,175349.2031250000,204693.3437500000,164953.8593750000,164031.1562500000,131336.7656250000,119563.7500000000,132711.5937500000,153512.3125000000,,,
40.7159999341,318,175467.5937500000,213696.4218750000,165179.5156250000,164323.6562500000,131652.5781250000,119847.8515625000,133026.2968750000,153854.9843750000,,,
40.7199999341,318,175827.1406250000,204860.3593750000,165728.3281250000,165138.2343750000,132428.7031250000,120593.5000000000,133860.4062500000,151304.7187500000,,,
40.7239999340,318,175966.2343750000,188153.7187500000,165920.9687500000,165489.5312500000,132732.4062500000,120899.7265625000,134207.1875000000,148853.6406250000,,,
40.7279999342,318,175656.7187500000,187425.6562500000,165407.6093750000,164764.3906250000,132000.7968750000,120210.2656250000,133441.8281250000,150205.5156250000,,,
40.7319999342,318,175352.4375000000,204624.2500000000,164957.3750000000,164038.5937500000,131335.0000000000,119557.6093750000,132709.6093750000,153505.1250000000,,,
40.7359999341,318,175471.5625000000,213693.6406250000,165182.7187500000,164326.8437500000,131646.3437500000,119835.9687500000,133017.5781250000,153857.4531250000,,,
40.7399999341,318,175835.6093750000,204931.4218750000,165733.2031250000,165147.7656250000,132425.1250000000,120584.3281250000,133849.1718750000,151318.2968750000,,,
40.7439999341,318,175970.2343750000,188219.0781250000,165922.3281250000,165489.8593750000,132728.7343750000,120882.2187500000,134194.3125000000,148852.9062500000,,,
40.7479999342,318,175661.0781250000,187382.2656250000,165411.9375000000,164761.3437500000,132004.2968750000,120194.4453125000,133437.3125000000,150183.3125000000,,,
40.7519999342,318,175366.5000000000,204543.3906250000,164972.7187500000,164053.0156250000,131351.7656250000,119559.2421875000,132718.8906250000,153500.0468750000,,,
40.7559999342,318,175485.9062500000,213676.9218750000,165200.2343750000,164339.9843750000,131666.6562500000,119845.3515625000,133033.7031250000,153880.2500000000,,,
40.7599999341,318,175853.6875000000,204960.0312500000,165755.7656250000,165157.2031250000,132449.4531250000,120601.0156250000,133874.8125000000,151354.0937500000,,,
40.7639999341,318,175991.0468750000,188275.3281250000,165946.5781250000,165508.5000000000,132751.7500000000,120907.4296875000,134220.6875000000,148893.3125000000,,,
40.7679999340,318,175685.6250000000,187363.8281250000,165436.3437500000,164792.8281250000,132026.4531250000,120224.9687500000,133461.7187500000,150204.3437500000,,,
40.7719999342,318,175388.7656250000,204498.0312500000,164989.7812500000,164071.0937500000,131363.0781250000,119577.2656250000,132731.0312500000,153511.1562500000,,,
40.7759999342,318,175499.1875000000,213694.5156250000,165204.5937500000,164338.7031250000,131664.0468750000,119849.9140625000,133030.7187500000,153890.8281250000,,,
40.7799999341,318,175859.7500000000,205038.1093750000,165752.8906250000,165139.1562500000,132441.6718750000,120599.1640625000,133866.1406250000,151363.7812500000,,,
40.7839999341,318,175989.6875000000,188339.2968750000,165939.3906250000,165486.8437500000,132744.3906250000,120906.3046875000,134214.6718750000,148889.2031250000,,,
40.7879999341,318,175670.5781250000,187311.8750000000,165421.3281250000,164759.4843750000,132015.6406250000,120228.5312500000,133456.7656250000,150173.7656250000,,,
40.7919999342,318,175364.4843750000,204422.0625000000,164967.5156250000,164039.5000000000,131346.2968750000,119582.3359375000,132724.0156250000,153484.0156250000,,,
40.7959999342,318,175476.7031250000,213686.0937500000,165186.5468750000,164321.1093750000,131650.1562500000,119855.1406250000,133025.7500000000,153883.1875000000,,,
40.7999999342,318,175844.0312500000,205113.7500000000,165740.5000000000,165141.4843750000,132431.0312500000,120605.7890625000,133866.4218750000,151372.5781250000,,,
40.8039999341,318,175987.7500000000,188392.8593750000,165938.5781250000,165502.7031250000,132744.3125000000,120917.1640625000,134225.5937500000,148889.9531250000,,,
40.8079999341,318,175680.5312500000,187259.0937500000,165430.6093750000,164784.5625000000,132025.0312500000,120236.6093750000,133474.8906250000,150156.8906250000,,,
40.8119999340,318,175381.2187500000,204344.4687500000,164979.6093750000,164051.2812500000,131355.5468750000,119583.2734375000,132738.8750000000,153471.1406250000,,,
40.8159999342,318,175494.2500000000,213673.9531250000,165195.4218750000,164317.2500000000,131655.1250000000,119852.8125000000,133035.9687500000,153886.6093750000,,,
40.8199999342,318,175856.9375000000,205215.8125000000,165743.5312500000,165128.1562500000,132431.1093750000,120599.8046875000,133866.6250000000,151391.0937500000,,,
40.8239999341,318,175995.1562500000,188472.2812500000,165940.5625000000,165490.7656250000,132746.6406250000,120917.8046875000,134225.8593750000,148893.6875000000,,,
40.8279999341,318,175685.2031250000,187215.1875000000,165436.6406250000,164782.3125000000,132031.0312500000,120246.3984375000,133483.6093750000,150138.9218750000,,,
40.8319999340,319,175380.4218750000,204258.8593750000,164986.4218750000,164056.3750000000,131359.9687500000,119594.1406250000,132748.5312500000,153453.1718750000,,,
40.8359999340,319,175482.6875000000,213656.5937500000,165195.3750000000,164321.4531250000,131651.5312500000,119860.1875000000,133038.5781250000,153882.9375000000,,,
40.8399999340,319,175841.6562500000,205279.7500000000,165743.9375000000,165132.2812500000,132426.9531250000,120604.5781250000,133872.5781250000,151399.7968750000,,,
40.8439999339,319,175984.0000000000,188537.5468750000,165944.2187500000,165496.2812500000,132746.5468750000,120922.9843750000,134236.6093750000,148898.2656250000,,,
40.8479999339,319,175675.4375000000,187170.4375000000,165434.9687500000,164771.2812500000,132030.5000000000,120249.8281250000,133490.7656250000,150121.9218750000,,,
40.8519999338,319,175377.8437500000,204184.7500000000,164984.0156250000,164040.5937500000,131359.9218750000,119590.4375000000,132752.1406250000,153442.1250000000,,,
40.8559999340,319,175500.3437500000,213652.7031250000,165205.8593750000,164325.6875000000,131661.7500000000,119857.2109375000,133044.8750000000,153899.3593750000,,,
40.8599999340,319,175867.8593750000,205341.2656250000,165754.7187500000,165150.2500000000,132436.3750000000,120603.5078125000,133873.2812500000,151428.1875000000,,,
40.8639999339,319,176004.9375000000,188603.2343750000,165951.3281250000,165503.3906250000,132753.1093750000,120924.2734375000,134239.2968750000,148918.2031250000,,,
40.8679999339,319,175691.8750000000,187133.0781250000,165443.7500000000,164782.3125000000,132039.7031250000,120257.5546875000,133500.1562500000,150119.8593750000,,,
40.8719999339,319,175381.0312500000,204107.0468750000,164982.7187500000,164047.1250000000,131357.3125000000,119595.7500000000,132753.3750000000,153436.6406250000,,,
40.8759999340,319,175482.4218750000,213643.7187500000,165188.7812500000,164304.5312500000,131644.5468750000,119856.4296875000,133039.5468750000,153900.2968750000,,,
40.8799999340,319,175841.8125000000,205381.3593750000,165738.7343750000,165111.2031250000,132421.8906250000,120607.1250000000,133875.8906250000,151431.9843750000,,,
40.8839999340,319,175984.6093750000,188629.0312500000,165943.1250000000,165486.9843750000,132748.4375000000,120933.9296875000,134246.7812500000,148914.6875000000,,,
40.8879999339,319,175679.4375000000,187062.7500000000,165441.6562500000,164786.3593750000,132043.4218750000,120271.1015625000,133513.6250000000,150102.9531250000,,,
40.8919999339,319,175372.0781250000,204019.6875000000,164979.0000000000,164049.4843750000,131359.2968750000,119605.0546875000,132761.8281250000,153426.7187500000,,,
40.8959999338,319,175474.0781250000,213612.5781250000,165179.4062500000,164300.9687500000,131639.9062500000,119859.7265625000,133033.1875000000,153900.5625000000,,,
40.8999999340,319,175837.2812500000,205410.6562500000,165725.2968750000,165109.0625000000,132411.5312500000,120602.9687500000,133857.7500000000,151434.1406250000,,,
40.9039999340,319,175988.8437500000,188656.2812500000,165935.1250000000,165493.2031250000,132740.0000000000,120934.3281250000,134231.2812500000,148912.7500000000,,,
40.9079999339,319,175685.2812500000,187000.3125000000,165437.3125000000,164799.3906250000,132032.4531250000,120271.7734375000,133498.1718750000,150081.2812500000,,,
40.9119999339,319,175374.2968750000,203932.3437500000,164975.5937500000,164057.6250000000,131341.3281250000,119599.3125000000,132741.1718750000,153401.0312500000,,,
40.9159999338,319,175472.4375000000,213594.2500000000,165177.5937500000,164300.4531250000,131619.8437500000,119849.0781250000,133017.4218750000,153886.6718750000,,,
40.9199999340,319,175831.1406250000,205493.0156250000,165725.8593750000,165108.6875000000,132396.1562500000,120596.6406250000,133852.9531250000,151437.4843750000,,,
40.9239999340,319,175979.3281250000,188716.7343750000,165936.9687500000,165494.2968750000,132732.4843750000,120932.8046875000,134238.1406250000,148902.7812500000,,,
40.9279999339,319,175679.4062500000,186937.6250000000,165442.9375000000,164802.1562500000,132035.7031250000,120279.0156250000,133516.1718750000,150053.2343750000,,,
40.9319999339,319,175363.5000000000,203847.7031250000,164970.0937500000,164047.0937500000,131341.1718750000,119603.2031250000,132757.6406250000,153378.4687500000,,,
40.9359999339,319,175461.5625000000,213595.8437500000,165168.3281250000,164289.6406250000,131619.1718750000,119851.1171875000,133030.7656250000,153885.0781250000,,,
40.9399999338,319,175825.5781250000,205605.0000000000,165717.3281250000,165095.5156250000,132394.8437500000,120596.1562500000,133860.8125000000,151455.2656250000,,,
40.9439999340,319,175985.4375000000,188808.0937500000,165937.3281250000,165491.8125000000,132739.5625000000,120941.7890625000,134252.9687500000,148915.5625000000,,,
40.9479999340,319,175690.3281250000,186909.1718750000,165446.7968750000,164812.0781250000,132044.2812500000,120290.6250000000,133533.5312500000,150043.9687500000,,,
40.9519999339,319,175375.5312500000,203779.5781250000,164976.2812500000,164052.9375000000,131345.8125000000,119610.1484375000,132772.0156250000,153370.7656250000,,,
40.9559999339,319,175464.7500000000,213592.1093750000,165164.8750000000,164285.7031250000,131611.1093750000,119848.3281250000,133033.9062500000,153893.0312500000,,,
40.9599999338,320,175816.3906250000,205658.8281250000,165703.7812500000,165080.0156250000,132376.0468750000,120588.5156250000,133856.2968750000,151463.4531250000,,,
40.9639999338,320,175969.0625000000,188862.7343750000,165922.8437500000,165466.7500000000,132721.4531250000,120934.9765625000,134251.1562500000,148913.5625000000,,,
40.9679999338,320,175670.8750000000,186855.1250000000,165433.0625000000,164781.5000000000,132032.8281250000,120287.6484375000,133539.6718750000,150020.2968750000,,,
40.9719999337,320,175354.6093750000,203697.2343750000,164958.9062500000,164029.8125000000,131334.6250000000,119607.0156250000,132774.4843750000,153349.3125000000,,,
40.9759999337,320,175456.5625000000,213582.0468750000,165158.9531250000,164279.6718750000,131611.4062500000,119854.3671875000,133045.5312500000,153893.2656250000,,,
40.9799999336,320,175823.0937500000,205727.3593750000,165711.1093750000,165094.5937500000,132388.6250000000,120602.5156250000,133880.2500000000,151482.8437500000,,,
40.9839999338,320,175980.7968750000,188924.2656250000,165931.3437500000,165495.9062500000,132736.4062500000,120951.6328125000,134277.2812500000,148926.6718750000,,,
40.9879999338,320,175679.4531250000,186807.3281250000,165436.2656250000,164805.5468750000,132042.3281250000,120304.0625000000,133559.8437500000,150008.9375000000,,,
40.9919999337,320,175357.1562500000,203609.3593750000,164955.6093750000,164035.9375000000,131333.5781250000,119616.3203125000,132785.4843750000,153334.9687500000,,,
40.9959999337,320,175444.8125000000,213570.2031250000,165142.1250000000,164255.1250000000,131593.4531250000,119848.4375000000,133041.8437500000,153889.0312500000,,,
40.9999999336,320,175804.5625000000,205795.3593750000,165689.5468750000,165060.2968750000,132365.7187500000,120593.2890625000,133874.8593750000,151483.7812500000,,,
41.0039999338,320,175966.7812500000,188977.4531250000,165918.8750000000,165471.1250000000,132721.8281250000,120952.9453125000,134282.8750000000,148920.7656250000,,,
41.0079999338,320,175672.5156250000,186757.2500000000,165434.9687500000,164802.4531250000,132038.2187500000,120312.4296875000,133575.7500000000,149987.4531250000,,,
41.0119999337,320,175350.9375000000,203540.0000000000,164956.5781250000,164043.5000000000,131328.3750000000,119625.8984375000,132801.6250000000,153323.0781250000,,,
41.0159999337,320,175437.6562500000,213579.3437500000,165141.5937500000,164278.0000000000,131585.5781250000,119858.1718750000,133053.7656250000,153896.1406250000,,,
41.0199999337,320,175795.1875000000,205896.4218750000,165685.0625000000,165089.0000000000,132354.3750000000,120601.3593750000,133880.8125000000,151502.4531250000,,,
41.0239999336,320,175952.9375000000,189072.6406250000,165911.9843750000,165488.8593750000,132710.8125000000,120956.4296875000,134284.2187500000,148921.1250000000,,,
41.0279999338,320,175666.1875000000,186724.6406250000,165434.5937500000,164816.9062500000,132037.5000000000,120322.4609375000,133582.2031250000,149965.9687500000,,,
41.0319999338,320,175349.5468750000,203474.4218750000,164953.1718750000,164046.7656250000,131325.4843750000,119630.0781250000,132801.7343750000,153307.0156250000,,,
41.0359999337,320,175441.9218750000,213610.1562500000,165140.0625000000,164271.7031250000,131581.2031250000,119856.8359375000,133050.4062500000,153906.3593750000,33029,41.0364241139,0.0000000000
41.0399999337,320,175806.7343750000,206219.2343750000,165689.6250000000,165073.4687500000,132352.5781250000,120593.5546875000,133872.7187500000,151565.4375000000,,,
41.0439999336,320,175982.9687500000,189257.1718750000,165938.4843750000,165506.7500000000,132738.7343750000,120974.5937500000,134303.6093750000,148951.4062500000,,,
41.0479999338,320,175692.2031250000,186697.6250000000,165458.7187500000,164834.0000000000,132065.5781250000,120339.2031250000,133605.4062500000,149967.2656250000,,,
41.0519999338,320,175369.2343750000,203392.8750000000,164975.8125000000,164053.0781250000,131351.7031250000,119643.3281250000,132824.3750000000,153308.4687500000,,,
41.0559999337,320,175456.4375000000,213600.6406250000,165159.1875000000,164270.9218750000,131603.7500000000,119867.3437500000,133069.4843750000,153921.5625000000,,,
41.0599999337,320,175814.3125000000,206286.3906250000,165702.4687500000,165070.2500000000,132368.9375000000,120602.7812500000,133887.2500000000,151583.4843750000,,,
41.0639999337,320,175982.5781250000,189314.3906250000,165945.8281250000,165501.2031250000,132749.0000000000,120978.9062500000,134311.6406250000,148952.6562500000,,,
41.0679999336,320,175694.9375000000,186649.7812500000,165470.5937500000,164831.9843750000,132080.3906250000,120346.7656250000,133615.5000000000,149950.3906250000,,,
41.0719999338,320,175379.3437500000,203319.6718750000,164989.3750000000,164060.8281250000,131367.3125000000,119650.6484375000,132830.4062500000,153305.0625000000,,,
41.0759999338,320,175468.2656250000,213562.0156250000,165171.2343750000,164277.4375000000,131619.6562500000,119875.0468750000,133071.6718750000,153930.6093750000,,,
41.0799999337,320,175826.1718750000,206104.6406250000,165713.5468750000,165073.4375000000,132388.2031250000,120619.3046875000,133894.2812500000,151571.0312500000,,,
41.0839999337,320,175989.0312500000,189258.5156250000,165946.9062500000,165485.0781250000,132754.3125000000,120987.4687500000,134307.6718750000,148973.1875000000,,,
41.0879999336,321,175696.0937500000,186599.3437500000,165467.0000000000,164823.2656250000,132081.2500000000,120357.2031250000,133608.1406250000,149955.9375000000,,,
41.0919999336,321,175378.0312500000,203239.8281250000,164983.0156250000,164058.4843750000,131361.8750000000,119660.6328125000,132823.2031250000,153301.2187500000,,,
41.0959999335,321,175464.8281250000,213529.4218750000,165162.8906250000,164279.3906250000,131609.5781250000,119882.6875000000,133065.4843750000,153931.5625000000,,,
41.0999999335,321,175820.5468750000,206038.5468750000,165708.1250000000,165073.3593750000,132380.5781250000,120625.7656250000,133894.3906250000,151557.7656250000,,,
41.1039999335,321,175985.7968750000,189250.1718750000,165944.2656250000,165492.2656250000,132748.7187500000,120997.6015625000,134308.5000000000,148970.3906250000,,,
41.1079999334,321,175694.0156250000,186544.0625000000,165468.8437500000,164839.8750000000,132082.9531250000,120377.6640625000,133616.1718750000,149942.6093750000,,,
41.1119999336,321,175363.6875000000,203164.1093750000,164972.2968750000,164065.0937500000,131351.7656250000,119672.9375000000,132814.9843750000,153287.1093750000,,,
41.1159999336,321,175441.2812500000,213539.0625000000,165141.2187500000,164275.7187500000,131587.2656250000,119887.9453125000,133041.0468750000,153933.3906250000,,,
41.1199999335,321,175801.4218750000,206174.3593750000,165684.9062500000,165083.2343750000,132354.9687500000,120633.8125000000,133865.7500000000,151581.2500000000,,,
41.1239999335,321,175976.0312500000,189367.8125000000,165929.1406250000,165505.8125000000,132733.3750000000,121011.9765625000,134293.6093750000,148984.8281250000,,,
41.1279999334,321,175688.8437500000,186522.2656250000,165456.6718750000,164841.3750000000,132073.7031250000,120391.4531250000,133608.7343750000,149931.7187500000,,,
41.1319999336,321,175363.1718750000,203098.8750000000,164964.6406250000,164056.7500000000,131345.2656250000,119684.4453125000,132812.3593750000,153278.2343750000,,,
41.1359999336,321,175438.3593750000,213563.3906250000,165132.2812500000,164255.6406250000,131579.2968750000,119889.6328125000,133038.3593750000,153942.0000000000,,,
41.1399999335,321,175788.5468750000,206441.0781250000,165669.0781250000,165047.8281250000,132340.0156250000,120619.4687500000,133854.0000000000,151617.5156250000,,,
41.1439999335,321,175961.7343750000,189524.7812500000,165918.5000000000,165482.2031250000,132728.8125000000,121005.2500000000,134288.4531250000,148973.4843750000,,,
41.1479999335,321,175680.9062500000,186482.8593750000,165453.6406250000,164830.8281250000,132073.6562500000,120393.7031250000,133608.4687500000,149893.7656250000,,,
41.1519999334,321,175354.9687500000,203017.1250000000,164959.8750000000,164045.9843750000,131340.9062500000,119681.3359375000,132806.9687500000,153248.5156250000,,,
41.1559999336,321,175440.9531250000,213535.8906250000,165136.8750000000,164258.0781250000,131581.8125000000,119892.0781250000,133032.5468750000,153938.5156250000,,,
41.1599999336,321,175799.2187500000,206450.6250000000,165681.0468750000,165053.3281250000,132348.7343750000,120629.3906250000,133847.3125000000,151628.8125000000,,,
41.1639999335,321,175977.1250000000,189560.6093750000,165935.0468750000,165482.4531250000,132740.5625000000,121018.1796875000,134285.6406250000,148991.9843750000,,,
41.1679999335,321,175701.9843750000,186440.9062500000,165475.9531250000,164839.5000000000,132094.5468750000,120411.5703125000,133613.9687500000,149902.0781250000,,,
41.1719999334,321,175377.9218750000,202940.2031250000,164981.2500000000,164056.7500000000,131361.7968750000,119695.8984375000,132810.2968750000,153258.1250000000,,,
41.1759999336,321,175457.6718750000,213516.1250000000,165152.7500000000,164264.2968750000,131594.7656250000,119899.0781250000,133033.5312500000,153954.4687500000,,,
41.1799999336,321,175814.5625000000,206431.7968750000,165696.5937500000,165067.5312500000,132361.5156250000,120639.0156250000,133851.5312500000,151639.5937500000,,,
41.1839999335,321,175990.1718750000,189574.9843750000,165948.9375000000,165500.8750000000,132750.6093750000,121026.6796875000,134286.4218750000,149005.7656250000,,,
41.1879999335,321,175713.2343750000,186391.3437500000,165488.5156250000,164863.2343750000,132102.7812500000,120417.2578125000,133607.9062500000,149893.1250000000,,,
41.1919999334,321,175390.9843750000,202867.7500000000,164994.6093750000,164072.8125000000,131366.1406250000,119698.3125000000,132789.0312500000,153252.8593750000,,,
41.1959999334,321,175461.1718750000,213500.3593750000,165155.7812500000,164268.2187500000,131589.4375000000,119893.1484375000,133007.4843750000,153958.2500000000,,,
41.1999999336,321,175809.9218750000,206447.0625000000,165693.4062500000,165067.6250000000,132354.1093750000,120632.0156250000,133847.5937500000,151642.7656250000,,,
41.2039999336,321,175988.2812500000,189606.5937500000,165948.5312500000,165509.0625000000,132747.7968750000,121022.9531250000,134294.6875000000,149008.3125000000,,,
41.2079999335,321,175717.3593750000,186333.3750000000,165496.8281250000,164880.3750000000,132112.5781250000,120424.4453125000,133631.0781250000,149883.8750000000,,,
41.2119999335,321,175392.1875000000,202764.0312500000,165003.2968750000,164087.2187500000,131377.7031250000,119701.7187500000,132821.7187500000,153243.0156250000,,,
41.2159999334,322,175464.0156250000,213484.0468750000,165164.5781250000,164274.2500000000,131600.3437500000,119894.4375000000,133033.4843750000,153967.7812500000,,,
41.2199999334,322,175824.6250000000,206543.7500000000,165708.0156250000,165070.0000000000,132367.4062500000,120633.3828125000,133860.8437500000,151671.1093750000,,,
41.2239999333,322,176011.3593750000,189682.6875000000,165969.2656250000,165518.8125000000,132769.0468750000,121032.8515625000,134314.4218750000,149027.6250000000,,,
41.2279999333,322,175734.2343750000,186280.4062500000,165511.5781250000,164895.6875000000,132129.4218750000,120432.4375000000,133649.4843750000,149873.3906250000,,,
41.2319999333,322,175404.2343750000,202678.6250000000,165008.0937500000,164100.6875000000,131384.2500000000,119710.7890625000,132833.6875000000,153234.3750000000,,,
41.2359999332,322,175472.3125000000,213480.1093750000,165163.2343750000,164273.8437500000,131599.1718750000,119901.8906250000,133033.9687500000,153979.7656250000,,,
41.2399999334,322,175823.3281250000,206685.0000000000,165698.7343750000,165065.0625000000,132357.1562500000,120634.7031250000,133842.7031250000,151701.5468750000,,,
41.2439999334,322,176001.4375000000,189788.2343750000,165954.5937500000,165517.8750000000,132756.6718750000,121036.1171875000,134290.7968750000,149033.6875000000,,,
41.2479999333,322,175725.0625000000,186249.1562500000,165500.9843750000,164882.2500000000,132122.5781250000,120444.0468750000,133634.9687500000,149860.1562500000,,,
41.2519999333,322,175392.1093750000,202608.0312500000,164995.6875000000,164078.2031250000,131373.3750000000,119718.3750000000,132818.0468750000,153223.3281250000,,,
41.2559999332,322,175449.8125000000,213493.0781250000,165139.8437500000,164246.5937500000,131575.4531250000,119897.3359375000,133010.1406250000,153980.8125000000,,,
41.2599999334,322,175802.6562500000,206906.0000000000,165678.2968750000,165036.1093750000,132335.4375000000,120627.5625000000,133822.2343750000,151731.5312500000,,,
41.2639999334,322,175999.6406250000,189941.8437500000,165958.0625000000,165507.2343750000,132764.3750000000,121044.3281250000,134297.9218750000,149040.7187500000,,,
41.2679999333,322,175732.3281250000,186224.5156250000,165511.1406250000,164881.1718750000,132139.0468750000,120451.2890625000,133647.5781250000,149840.8750000000,,,
41.2719999333,322,175407.4062500000,202535.8906250000,165012.5781250000,164082.2343750000,131396.3750000000,119725.8906250000,132832.9375000000,153213.7812500000,,,
41.2759999332,322,175476.0625000000,213486.1093750000,165168.1250000000,164257.5156250000,131609.6562500000,119908.3046875000,133034.2656250000,153996.5312500000,,,
41.2799999332,322,175831.1093750000,206945.7031250000,165708.3906250000,165050.1093750000,132369.1562500000,120636.0703125000,133845.8750000000,151755.6718750000,,,
41.2839999334,322,176017.4218750000,190000.1562500000,165975.9531250000,165510.8750000000,132782.7500000000,121048.5156250000,134308.4687500000,149056.2187500000,,,
41.2879999334,322,175740.6406250000,186184.4687500000,165521.1875000000,164897.6406250000,132148.2500000000,120457.6484375000,133653.5000000000,149831.5156250000,,,
41.2919999333,322,175402.8437500000,202453.1875000000,165009.3593750000,164092.5468750000,131388.1406250000,119723.6093750000,132828.5312500000,153198.5937500000,,,
41.2959999333,322,175462.9218750000,213483.5625000000,165155.8125000000,164266.0625000000,131589.4375000000,119896.7968750000,133020.9843750000,153993.7343750000,,,
41.2999999332,322,175819.3281250000,207049.2031250000,165696.7031250000,165056.8906250000,132351.0781250000,120627.4062500000,133835.9687500000,151768.2343750000,,,
41.3039999334,322,176013.4218750000,190084.9375000000,165973.7500000000,165535.2812500000,132777.2031250000,121049.9062500000,134310.7187500000,149061.6718750000,,,
41.3079999334,322,175744.2812500000,186152.7656250000,165527.4843750000,164921.7812500000,132153.3437500000,120464.3515625000,133664.0937500000,149819.7656250000,,,
41.3119999333,322,175412.3437500000,202388.9062500000,165019.7343750000,164113.2343750000,131397.6093750000,119730.7968750000,132838.2500000000,153191.9687500000,,,
41.3159999333,322,175481.8281250000,213460.6562500000,165171.5312500000,164286.9062500000,131603.8125000000,119910.3984375000,133029.2500000000,154006.5937500000,,,
41.3199999332,322,175841.4375000000,206975.2656250000,165713.1406250000,165076.5781250000,132366.5781250000,120648.6718750000,133842.0625000000,151778.7968750000,,,
41.3239999332,322,176027.0937500000,190087.7812500000,165979.2812500000,165542.7656250000,132779.2343750000,121064.9843750000,134302.6718750000,149086.0000000000,,,
41.3279999334,322,175753.1406250000,186116.0468750000,165529.0156250000,164927.6875000000,132152.5312500000,120481.9218750000,133654.8437500000,149824.1406250000,,,
41.3319999333,322,175415.0937500000,202304.3593750000,165014.5156250000,164116.1875000000,131388.3750000000,119745.0937500000,132824.6250000000,153187.6562500000,,,
41.3359999333,322,175468.4218750000,213429.9531250000,165153.7968750000,164278.3750000000,131582.2968750000,119913.4843750000,133007.2968750000,154004.0937500000,,,
41.3399999333,322,175816.0312500000,206948.6875000000,165693.0000000000,165067.8281250000,132344.3437500000,120643.5781250000,133823.2343750000,151762.7343750000,,,
41.3439999332,323,176011.0937500000,190084.4843750000,165974.2031250000,165527.6093750000,132775.5937500000,121067.6328125000,134305.0156250000,149076.8281250000,,,
41.3479999332,323,175746.4843750000,186049.9218750000,165535.8750000000,164919.8750000000,132166.5156250000,120493.9921875000,133671.6093750000,149805.3593750000,,,
41.3519999331,323,175412.0156250000,202210.5312500000,165023.7968750000,164105.4531250000,131405.9218750000,119750.9687500000,132837.2500000000,153173.7656250000,,,
41.3559999331,323,175481.6250000000,213412.7500000000,165174.6406250000,164273.0468750000,131608.0156250000,119923.9687500000,133021.0312500000,154017.5312500000,,,
41.3599999330,323,175839.0781250000,207003.1250000000,165714.7500000000,165053.4062500000,132369.9375000000,120657.0937500000,133829.5937500000,151788.1406250000,,,
41.3639999330,323,176031.1250000000,190150.3281250000,165987.7031250000,165524.1093750000,132789.2343750000,121076.8125000000,134295.8437500000,149091.3281250000,,,
41.3679999332,323,175765.6875000000,186021.2187500000,165547.0625000000,164923.1250000000,132174.1562500000,120505.7421875000,133662.0781250000,149799.8437500000,,,
41.3719999332,323,175424.2187500000,202140.3593750000,165027.3906250000,164104.2500000000,131401.7656250000,119760.2734375000,132822.1718750000,153166.2500000000,,,
41.3759999331,323,175480.2812500000,213405.6406250000,165166.8125000000,164260.7500000000,131591.9843750000,119925.3906250000,132997.7500000000,154018.1250000000,,,
41.3799999331,323,175832.0000000000,207116.5312500000,165704.9062500000,165053.7187500000,132350.4531250000,120657.1484375000,133808.8281250000,151807.0156250000,,,
41.3839999330,323,176030.7500000000,190259.0937500000,165988.6093750000,165538.7500000000,132781.9218750000,121088.0781250000,134288.6562500000,149108.4531250000,,,
41.3879999332,323,175769.5468750000,186012.1562500000,165555.0312500000,164938.3281250000,132176.5468750000,120520.2812500000,133661.5468750000,149797.8593750000,,,
41.3919999332,323,175431.2187500000,202081.0937500000,165038.9218750000,164109.4531250000,131409.7187500000,119770.2265625000,132824.0781250000,153168.3437500000,,,
41.3959999331,323,175488.7031250000,213410.2812500000,165178.5312500000,164260.7031250000,131600.4375000000,119928.1250000000,132998.2343750000,154037.5468750000,,,
41.3999999331,323,175841.0312500000,207244.8437500000,165712.5781250000,165043.6718750000,132356.3281250000,120655.4609375000,133804.3750000000,151844.3281250000,,,
41.4039999330,323,176045.9843750000,190360.2968750000,166000.8437500000,165546.5468750000,132796.9375000000,121093.2812500000,134296.0312500000,149131.3281250000,,,
41.4079999330,323,175789.1562500000,185970.7500000000,165571.1562500000,164970.3906250000,132197.5468750000,120532.3984375000,133678.0156250000,149796.4843750000,,,
41.4119999332,323,175438.7500000000,201990.0468750000,165040.3906250000,164137.8593750000,131413.2968750000,119773.8203125000,132822.6562500000,153158.8437500000,,,
41.4159999331,323,175479.5000000000,213385.6562500000,165162.8125000000,164273.4218750000,131583.2968750000,119919.4609375000,132977.9375000000,154034.4375000000,,,
41.4199999331,323,175821.7187500000,207289.0000000000,165691.3125000000,165050.0000000000,132332.0312500000,120642.5859375000,133779.6718750000,151843.4687500000,,,
41.4239999331,323,176016.1875000000,190414.5000000000,165971.7343750000,165536.0625000000,132767.3281250000,121080.8828125000,134265.3906250000,149118.3125000000,,,
41.4279999330,323,175760.2500000000,185931.2656250000,165546.2031250000,164952.6093750000,132173.5312500000,120524.2187500000,133651.3281250000,149766.2343750000,,,
41.4319999332,323,175421.7812500000,201900.1250000000,165027.2031250000,164127.0468750000,131402.1093750000,119770.6015625000,132807.9375000000,153136.8750000000,,,
41.4359999332,323,175476.1406250000,213355.9218750000,165157.5468750000,164269.9062500000,131581.8125000000,119924.7734375000,132972.2500000000,154037.8437500000,,,
41.4399999331,323,175827.1718750000,207343.5000000000,165691.3437500000,165048.5156250000,132335.6250000000,120650.4218750000,133777.3125000000,151864.9843750000,,,
41.4439999331,323,176024.3593750000,190483.1562500000,165975.8750000000,165539.4218750000,132774.3593750000,121086.8437500000,134264.0000000000,149131.8593750000,,,
41.4479999330,323,175763.8125000000,185896.7656250000,165544.4687500000,164950.5625000000,132174.3750000000,120526.1250000000,133639.7187500000,149750.9687500000,,,
41.4519999330,323,175418.1250000000,201813.0312500000,165016.9843750000,164119.2187500000,131389.9843750000,119767.2734375000,132784.8906250000,153114.6718750000,,,
41.4559999332,323,175466.4062500000,213330.6250000000,165145.4843750000,164263.6250000000,131563.0156250000,119915.5234375000,132940.5625000000,154027.1562500000,,,
41.4599999331,323,175814.5000000000,207412.5937500000,165678.9687500000,165037.8750000000,132314.6562500000,120640.6015625000,133741.0000000000,151865.0000000000,,,
41.4639999331,323,176018.2187500000,190554.9843750000,165971.9531250000,165538.3437500000,132763.3593750000,121086.5468750000,134240.1250000000,149131.0625000000,,,
41.4679999331,323,175764.3281250000,185868.7343750000,165552.1093750000,164967.4843750000,132177.5937500000,120538.5703125000,133635.0000000000,149741.1562500000,,,
41.4719999330,324,175415.7656250000,201734.6875000000,165024.5937500000,164124.4687500000,131392.1562500000,119775.0000000000,132780.6875000000,153104.7031250000,,,
41.4759999330,324,175456.4843750000,213309.0000000000,165146.0000000000,164243.8593750000,131557.2500000000,119912.6250000000,132932.8750000000,154026.6718750000,,,
41.4799999329,324,175806.4531250000,207455.7031250000,165680.1562500000,165023.9531250000,132311.7187500000,120635.7734375000,133738.5468750000,151872.9687500000,,,
41.4839999329,324,176013.3593750000,190599.6718750000,165973.7187500000,165531.3750000000,132762.7187500000,121081.1250000000,134238.5468750000,149129.5000000000,,,
41.4879999328,324,175764.7500000000,185819.1406250000,165556.8593750000,164965.4843750000,132181.5000000000,120536.5859375000,133640.2187500000,149719.6406250000,,,
41.4919999328,324,175418.0781250000,201650.5937500000,165027.2031250000,164126.8281250000,131393.0937500000,119774.3828125000,132785.8281250000,153086.2968750000,,,
41.4959999330,324,175463.6250000000,213311.2812500000,165146.8437500000,164256.2031250000,131555.1093750000,119910.8828125000,132931.8750000000,154032.8281250000,,,
41.4999999329,324,175813.3593750000,207744.3125000000,165675.5156250000,165029.5000000000,132299.3906250000,120625.2343750000,133721.8437500000,151925.1406250000,,,
41.5039999329,324,176021.1406250000,190811.0625000000,165976.9375000000,165543.8750000000,132763.3593750000,121084.8046875000,134234.8125000000,149139.8750000000,,,
41.5079999329,324,175770.8437500000,185794.2031250000,165560.9375000000,164978.6562500000,132182.5312500000,120544.0156250000,133636.3281250000,149696.0937500000,,,
41.5119999328,324,175422.0937500000,201569.1875000000,165029.0468750000,164135.4218750000,131391.5937500000,119777.7578125000,132775.6093750000,153072.4531250000,,,
41.5159999330,324,175456.8281250000,213307.1875000000,165142.8593750000,164251.3437500000,131548.2343750000,119907.6093750000,132916.8906250000,154038.9843750000,,,
41.5199999330,324,175795.5937500000,207957.2656250000,165663.9531250000,165010.7812500000,132286.5156250000,120616.8359375000,133706.2031250000,151967.2187500000,,,
41.5239999329,324,176007.4062500000,190959.2343750000,165975.7343750000,165533.0937500000,132767.6406250000,121090.1093750000,134236.1875000000,149156.5156250000,,,
41.5279999329,324,175759.0312500000,185748.0625000000,165560.2031250000,164968.4531250000,132189.0937500000,120548.0078125000,133637.8437500000,149679.2187500000,,,
41.5319999328,324,175408.9843750000,201482.5781250000,165022.2812500000,164128.7031250000,131389.0156250000,119771.5625000000,132766.0312500000,153054.4843750000,,,
41.5359999328,324,175452.7031250000,213285.7812500000,165138.9687500000,164252.8437500000,131544.1562500000,119897.5234375000,132900.0937500000,154036.6875000000,,,
41.5399999330,324,175796.1093750000,207966.0781250000,165659.8437500000,165016.4375000000,132279.3750000000,120602.4375000000,133680.6718750000,151966.9062500000,,,
41.5439999329,324,176005.8593750000,190978.4375000000,165965.8125000000,165538.6093750000,132753.7343750000,121069.5390625000,134203.8906250000,149149.7812500000,,,
41.5479999329,324,175755.7343750000,185688.5000000000,165550.6875000000,164970.6250000000,132177.7187500000,120528.6718750000,133609.4062500000,149654.1406250000,,,
41.5519999329,324,175408.7968750000,201372.5000000000,165017.8125000000,164121.3906250000,131381.3750000000,119756.6250000000,132745.5000000000,153033.4062500000,,,
41.5559999328,324,175460.4218750000,213199.3593750000,165143.6562500000,164248.7656250000,131546.2500000000,119891.8125000000,132895.9062500000,154033.7031250000,,,
41.5599999330,324,175818.4218750000,207609.6250000000,165682.1875000000,165039.1093750000,132302.9843750000,120617.0546875000,133698.4531250000,151924.4375000000,,,
41.5639999330,324,176025.5468750000,190782.1718750000,165980.8593750000,165545.2968750000,132762.0625000000,121071.8984375000,134207.4375000000,149165.8750000000,,,
41.5679999329,324,175777.1093750000,185639.4062500000,165572.3281250000,164986.4218750000,132196.3593750000,120540.6640625000,133623.7031250000,149682.9687500000,,,
41.5719999329,324,175428.5937500000,201291.1250000000,165039.7187500000,164137.8281250000,131402.8593750000,119771.6718750000,132762.2343750000,153050.1093750000,,,
41.5759999328,324,175463.0781250000,213167.5468750000,165149.1250000000,164241.8437500000,131552.7968750000,119892.6953125000,132893.1250000000,154045.6718750000,,,
41.5799999328,324,175813.0625000000,207479.6718750000,165683.1093750000,165023.0468750000,132308.0781250000,120616.3828125000,133697.6250000000,151907.1406250000,,,
41.5839999330,324,176021.8906250000,190723.2968750000,165980.5156250000,165524.1875000000,132762.5468750000,121068.1171875000,134204.7812500000,149167.2968750000,,,
41.5879999329,324,175775.0468750000,185585.6875000000,165571.7343750000,164967.9218750000,132197.4062500000,120539.8593750000,133622.1250000000,149673.0781250000,,,
41.5919999329,324,175422.0781250000,201199.9218750000,165030.8125000000,164116.4218750000,131397.3125000000,119765.4218750000,132752.5000000000,153029.7031250000,,,
41.5959999328,324,175466.1718750000,213138.0156250000,165146.7500000000,164229.9843750000,131554.1875000000,119894.0625000000,132890.6250000000,154047.4375000000,,,
41.5999999328,325,175811.9062500000,207603.5468750000,165674.2500000000,165005.5312500000,132303.8125000000,120610.6953125000,133688.4531250000,151933.4843750000,,,
41.6039999328,325,176022.2968750000,190846.4687500000,165977.3437500000,165517.9843750000,132768.9843750000,121069.1406250000,134204.6093750000,149182.7968750000,,,
41.6079999327,325,175777.4062500000,185567.0156250000,165571.9218750000,164970.7031250000,132209.2187500000,120546.4843750000,133627.0312500000,149665.9687500000,,,
41.6119999327,325,175424.4531250000,201122.8750000000,165031.4843750000,164118.1718750000,131405.9218750000,119768.8046875000,132753.7500000000,153026.6406250000,,,
41.6159999326,325,175456.1093750000,213136.1562500000,165136.6562500000,164222.7031250000,131546.5156250000,119884.0312500000,132879.1718750000,154057.0625000000,,,
41.6199999326,325,175795.0312500000,207821.6406250000,165661.2656250000,164994.9843750000,132287.6718750000,120599.8593750000,133676.8906250000,151971.8593750000,,,
41.6239999328,325,176000.0937500000,191023.2500000000,165963.9531250000,165513.4062500000,132754.5625000000,121064.6875000000,134200.0312500000,149182.7187500000,,,
41.6279999327,325,175751.7187500000,185539.4531250000,165555.7812500000,164972.7500000000,132192.5625000000,120542.1875000000,133623.3750000000,149625.0156250000,,,
41.6319999327,325,175398.6875000000,201023.7343750000,165012.9218750000,164121.2031250000,131385.6875000000,119763.0937500000,132749.2968750000,152986.1718750000,,,
41.6359999327,325,175428.9062500000,213108.8281250000,165113.2656250000,164212.5312500000,131519.4218750000,119870.5625000000,132862.7656250000,154032.7968750000,,,
41.6399999326,325,175777.8906250000,207970.0468750000,165642.4375000000,164977.5000000000,132263.7187500000,120584.7578125000,133652.7031250000,151979.4531250000,,,
41.6439999328,325,176001.2968750000,191150.3593750000,165961.9218750000,165510.3906250000,132750.0000000000,121066.5937500000,134189.2656250000,149182.6562500000,,,
41.6479999328,325,175763.0625000000,185517.9375000000,165564.4687500000,164970.8125000000,132200.4687500000,120552.0859375000,133621.1562500000,149609.7812500000,,,
41.6519999327,325,175409.1406250000,200958.9375000000,165022.4531250000,164110.6562500000,131391.8125000000,119768.2656250000,132745.6562500000,152977.4843750000,,,
41.6559999327,325,175438.5625000000,213109.1250000000,165123.8125000000,164211.9375000000,131525.0937500000,119874.6718750000,132862.9218750000,154044.8593750000,,,
41.6599999326,325,175779.3125000000,208006.8437500000,165648.4218750000,164971.4062500000,132266.0156250000,120581.8359375000,133654.4375000000,151991.9843750000,,,
41.6639999326,325,175998.5625000000,191203.8125000000,165967.7187500000,165502.1875000000,132752.2500000000,121058.1171875000,134193.5156250000,149193.3593750000,,,
41.6679999328,325,175758.8437500000,185505.7343750000,165571.0937500000,164976.3437500000,132204.3281250000,120542.5937500000,133628.6718750000,149602.0000000000,,,
41.6719999327,325,175403.7031250000,200892.5781250000,165026.2031250000,164123.0312500000,131393.2812500000,119756.6015625000,132748.9218750000,152961.7031250000,,,
41.6759999327,325,175430.1250000000,213081.0468750000,165121.1875000000,164214.4375000000,131521.0156250000,119862.4687500000,132860.0468750000,154037.9218750000,,,
41.6799999326,325,175770.9687500000,207972.2968750000,165643.4843750000,164984.5156250000,132260.6562500000,120574.9375000000,133647.9218750000,151985.1406250000,,,
41.6839999326,325,175994.4062500000,191216.0000000000,165962.0468750000,165519.2500000000,132743.6093750000,121056.9062500000,134180.4687500000,149199.9062500000,,,
41.6879999328,325,175763.3906250000,185467.8281250000,165572.4062500000,164991.5781250000,132203.3593750000,120554.6406250000,133622.7343750000,149599.6093750000,,,
41.6919999328,325,175406.3593750000,200808.9218750000,165021.2500000000,164122.6718750000,131386.8125000000,119761.3984375000,132735.1093750000,152956.8281250000,,,
41.6959999327,325,175435.4843750000,213059.1875000000,165116.2187500000,164214.2656250000,131514.7656250000,119859.8125000000,132841.7031250000,154048.5156250000,,,
41.6999999327,325,175783.0937500000,208021.4843750000,165646.4687500000,164988.6250000000,132259.7968750000,120569.5000000000,133636.9531250000,152005.2656250000,,,
41.7039999326,325,176007.6250000000,191262.7656250000,165969.7031250000,165531.1562500000,132748.6093750000,121049.0781250000,134179.5625000000,149209.1875000000,,,
41.7079999326,325,175764.0000000000,185418.9375000000,165572.1093750000,164991.3437500000,132203.8281250000,120538.5156250000,133621.7187500000,149580.5937500000,,,
41.7119999328,325,175404.5000000000,200715.2031250000,165021.6250000000,164114.6562500000,131386.5000000000,119744.2343750000,132734.8750000000,152935.7968750000,,,
41.7159999327,325,175436.4687500000,213031.1562500000,165121.5312500000,164197.9375000000,131514.6562500000,119842.8593750000,132842.0312500000,154044.3593750000,,,
41.7199999327,325,175775.9843750000,208100.3125000000,165642.4375000000,164961.1406250000,132250.7656250000,120546.6953125000,133625.8281250000,152012.3125000000,,,
41.7239999326,325,175998.2343750000,191347.5625000000,165964.3593750000,165500.3125000000,132742.3593750000,121029.2500000000,134168.3437500000,149205.6250000000,,,
41.7279999326,326,175761.8750000000,185385.1406250000,165572.2031250000,164978.3750000000,132204.9218750000,120527.8984375000,133613.1875000000,149559.4843750000,,,
41.7319999326,326,175400.8906250000,200625.6718750000,165018.7968750000,164110.8750000000,131381.0781250000,119728.8359375000,132718.9062500000,152911.9218750000,,,
41.7359999325,326,175421.0312500000,213005.5937500000,165105.1718750000,164181.6875000000,131493.6718750000,119816.4687500000,132814.2968750000,154029.9218750000,,,
41.7399999325,326,175763.5937500000,208148.8906250000,165629.0312500000,164943.7031250000,132231.2343750000,120525.3750000000,133602.0781250000,152012.8437500000,,,
41.7439999324,326,175985.1562500000,191397.4531250000,165949.6406250000,165482.2343750000,132720.1406250000,121009.6484375000,134142.2343750000,149200.7343750000,,,
41.7479999324,326,175752.9843750000,185347.0468750000,165560.9375000000,164972.2343750000,132187.2500000000,120511.4296875000,133591.8906250000,149537.1718750000,,,
41.7519999326,326,175388.0937500000,200539.5156250000,165002.8437500000,164100.3906250000,131363.0312500000,119709.9843750000,132700.7812500000,152884.1718750000,,,
41.7559999325,326,175401.5000000000,212976.6250000000,165083.6875000000,164171.8125000000,131473.3750000000,119792.9140625000,132795.4843750000,154016.0000000000,,,
41.7599999325,326,175746.2656250000,208200.6875000000,165611.8906250000,164940.4843750000,132217.5312500000,120505.6093750000,133588.8906250000,152015.4531250000,,,
41.7639999324,326,175980.0781250000,191464.1250000000,165944.6250000000,165494.7031250000,132722.2187500000,120998.7265625000,134141.9375000000,149205.8593750000,,,
41.7679999324,326,175758.5000000000,185318.5625000000,165568.7656250000,164990.3906250000,132203.9062500000,120511.9375000000,133606.0312500000,149531.6250000000,,,
41.7719999326,326,175398.7343750000,200473.0000000000,165011.3750000000,164109.2968750000,131377.4531250000,119713.3906250000,132710.0000000000,152884.8125000000,,,
41.7759999325,326,175424.1875000000,212972.5000000000,165100.1562500000,164185.9218750000,131490.7031250000,119798.9531250000,132804.3750000000,154037.0312500000,,,
41.7799999325,326,175764.4531250000,208256.0937500000,165619.7031250000,164948.2656250000,132223.5312500000,120502.2500000000,133585.6875000000,152038.4687500000,,,
41.7839999325,326,175992.5000000000,191539.4218750000,165948.6718750000,165500.1718750000,132722.3750000000,120995.6718750000,134138.1718750000,149224.7500000000,,,
41.7879999324,326,175764.3281250000,185308.0000000000,165568.9843750000,164989.7812500000,132202.3125000000,120512.0156250000,133604.8437500000,149526.2500000000,,,
41.7919999324,326,175399.8125000000,200396.0468750000,165009.3281250000,164110.4687500000,131373.3750000000,119709.9843750000,132710.2968750000,152872.8750000000,,,
41.7959999326,326,175419.1562500000,212953.0468750000,165093.4531250000,164185.3281250000,131482.6562500000,119789.9921875000,132800.6875000000,154036.8906250000,,,
41.7999999325,326,175759.7031250000,208314.6250000000,165616.3437500000,164951.5625000000,132219.4062500000,120495.0625000000,133586.0468750000,152049.9687500000,,,
41.8039999325,326,175992.6250000000,191614.0000000000,165952.9062500000,165508.7031250000,132726.2812500000,120993.7656250000,134146.9687500000,149232.4375000000,,,
41.8079999324,326,175769.0468750000,185287.4062500000,165577.2968750000,165010.0781250000,132211.1406250000,120514.2421875000,133623.7343750000,149510.4062500000,,,
41.8119999324,326,175405.9062500000,200320.5156250000,165016.6562500000,164131.7187500000,131378.7968750000,119714.0859375000,132727.3906250000,152855.1718750000,,,
41.8159999326,326,175418.5312500000,212948.0625000000,165090.2343750000,164191.8750000000,131474.9531250000,119788.4609375000,132802.5781250000,154035.2656250000,,,
41.8199999325,326,175762.7187500000,208409.2500000000,165614.8437500000,164954.5156250000,132213.0000000000,120497.0781250000,133588.0000000000,152066.8906250000,,,
41.8239999325,326,176001.0468750000,191713.2187500000,165955.3750000000,165515.1406250000,132726.9375000000,121003.6953125000,134156.4218750000,149247.6250000000,,,
41.8279999325,326,175780.2343750000,185280.4531250000,165584.9375000000,165023.5000000000,132216.7187500000,120529.1328125000,133635.1250000000,149512.5000000000,,,
41.8319999324,326,175417.4062500000,200263.4375000000,165024.6250000000,164145.6875000000,131385.4843750000,119722.6953125000,132737.4687500000,152858.2500000000,,,
41.8359999324,326,175433.2343750000,212940.5000000000,165103.9687500000,164203.2031250000,131486.8437500000,119795.1406250000,132816.0312500000,154055.6718750000,,,
41.8399999326,326,175777.2187500000,208482.9375000000,165630.6093750000,164957.4375000000,132226.4531250000,120500.5625000000,133598.8125000000,152099.5156250000,,,
41.8439999325,326,176009.2812500000,191804.7656250000,165966.7812500000,165519.5156250000,132735.9218750000,120997.3359375000,134160.8750000000,149267.2031250000,,,
41.8479999325,326,175798.7968750000,185267.2812500000,165607.3593750000,165048.1250000000,132238.0468750000,120527.4687500000,133650.9062500000,149508.9531250000,,,
41.8519999324,326,175442.3281250000,200191.4687500000,165051.2031250000,164175.7343750000,131410.0781250000,119723.6640625000,132752.7031250000,152855.6562500000,,,
41.8559999324,327,175453.3281250000,212931.8125000000,165124.2968750000,164222.6093750000,131505.2187500000,119792.9453125000,132824.1562500000,154067.1250000000,,,
41.8599999323,327,175789.3750000000,208543.5468750000,165640.6718750000,164967.3593750000,132234.9843750000,120492.3828125000,133597.3125000000,152114.3125000000,,,
41.8639999323,327,176025.7812500000,191867.1562500000,165980.8281250000,165527.0468750000,132750.0312500000,120999.7734375000,134162.2968750000,149280.6093750000,,,
41.8679999323,327,175807.6718750000,185246.0937500000,165616.6093750000,165049.5468750000,132251.9062500000,120541.5468750000,133656.5625000000,149509.4687500000,,,
41.8719999322,327,175440.7343750000,200118.4687500000,165051.2812500000,164163.1718750000,131415.3593750000,119737.7187500000,132759.8125000000,152853.1250000000,,,
41.8759999322,327,175448.0312500000,212918.5000000000,165119.0937500000,164198.6875000000,131502.9375000000,119795.6250000000,132820.8593750000,154079.3593750000,,,
41.8799999324,327,175788.2187500000,208625.0156250000,165639.6875000000,164952.7343750000,132232.5468750000,120494.9296875000,133591.3593750000,152141.7343750000,,,
41.8839999323,327,176029.4843750000,191955.9687500000,165986.8125000000,165524.2031250000,132753.7500000000,121008.6562500000,134165.4843750000,149299.1562500000,,,
41.8879999323,327,175806.7343750000,185227.0468750000,165617.6875000000,165033.5000000000,132251.3437500000,120540.3906250000,133652.8281250000,149495.0312500000,,,
41.8919999322,327,175435.0312500000,200053.3125000000,165043.8750000000,164147.9218750000,131404.3125000000,119726.4218750000,132740.0781250000,152829.3125000000,,,
41.8959999322,327,175440.5000000000,212910.4843750000,165109.6718750000,164198.5312500000,131487.4218750000,119786.6640625000,132804.4531250000,154066.7968750000,,,
41.8999999324,327,175771.4062500000,208665.9062500000,165619.6093750000,164952.5312500000,132209.4531250000,120479.7500000000,133574.5312500000,152131.8593750000,,,
41.9039999323,327,176008.8125000000,192005.9062500000,165962.1562500000,165528.2812500000,132728.9687500000,120992.9375000000,134148.6093750000,149284.6406250000,,,
41.9079999323,327,175784.2500000000,185195.3437500000,165592.3437500000,165040.7500000000,132228.0468750000,120526.4453125000,133634.3281250000,149464.8906250000,,,
41.9119999323,327,175421.8125000000,199976.4687500000,165028.3437500000,164157.5937500000,131390.7343750000,119716.3359375000,132726.6875000000,152809.9531250000,,,
41.9159999322,327,175433.9531250000,212897.2343750000,165099.2187500000,164197.6093750000,131479.8437500000,119777.2265625000,132792.0625000000,154070.3750000000,,,
41.9199999322,327,175772.6093750000,208715.9375000000,165619.2968750000,164931.5156250000,132211.8906250000,120478.5156250000,133568.7656250000,152149.3437500000,,,
41.9239999324,327,176019.2968750000,192073.8750000000,165972.6250000000,165506.6718750000,132741.7968750000,120999.3203125000,134148.1250000000,149305.2968750000,,,
41.9279999323,327,175812.0937500000,185182.2031250000,165620.9843750000,165041.9687500000,132259.7656250000,120547.5000000000,133653.7656250000,149480.4375000000,,,
41.9319999323,327,175451.4687500000,199893.3125000000,165061.7656250000,164160.6875000000,131425.1718750000,119731.6796875000,132749.8125000000,152820.2968750000,,,
41.9359999322,327,175458.0156250000,212860.8593750000,165126.0156250000,164193.8281250000,131504.2968750000,119778.8046875000,132799.7500000000,154090.2500000000,,,
41.9399999322,327,175794.2500000000,208778.4843750000,165638.9843750000,164939.7500000000,132226.9218750000,120470.7343750000,133567.0781250000,152180.5468750000,,,
41.9439999324,327,176036.0625000000,192147.7968750000,165988.8437500000,165523.0312500000,132753.4843750000,120986.9296875000,134146.7031250000,149323.7656250000,,,
41.9479999323,327,175819.9218750000,185152.8281250000,165627.8281250000,165060.0468750000,132264.9218750000,120528.9687500000,133643.0625000000,149467.7343750000,,,
41.9519999323,327,175446.2343750000,199803.3593750000,165049.5625000000,164165.0000000000,131412.5468750000,119707.3515625000,132725.7031250000,152796.1875000000,,,
41.9559999323,327,175444.7968750000,212818.2187500000,165105.4375000000,164194.4218750000,131482.9218750000,119756.3046875000,132773.9531250000,154078.3593750000,,,
41.9599999322,327,175774.6562500000,208815.1250000000,165614.7031250000,164923.5312500000,132203.1718750000,120448.1250000000,133541.5937500000,152178.0937500000,,,
41.9639999322,327,176016.4531250000,192215.0937500000,165965.2500000000,165502.0625000000,132733.9062500000,120970.6718750000,134126.4531250000,149318.6718750000,,,
41.9679999324,327,175813.8906250000,185120.9375000000,165620.0937500000,165060.2187500000,132260.8750000000,120532.6718750000,133641.9375000000,149452.5156250000,,,
41.9719999323,327,175445.3750000000,199709.8281250000,165050.1875000000,164163.7343750000,131413.7968750000,119716.7968750000,132725.8906250000,152786.3125000000,,,
41.9759999323,327,175445.0000000000,212789.6718750000,165106.9062500000,164186.2656250000,131485.3437500000,119759.2265625000,132771.4843750000,154085.9218750000,,,
41.9799999322,327,175776.9218750000,208876.8906250000,165617.1250000000,164936.0312500000,132206.3906250000,120450.4843750000,133534.8906250000,152200.9062500000,,,
41.9839999322,328,176012.6406250000,192293.4687500000,165962.4531250000,165507.6093750000,132731.7812500000,120971.3750000000,134113.6562500000,149333.5156250000,,,
41.9879999321,328,175803.2968750000,185100.1562500000,165612.9843750000,165045.4375000000,132255.4218750000,120530.6328125000,133625.6562500000,149439.6718750000,,,
41.9919999321,328,175433.1562500000,199613.8593750000,165040.3125000000,164150.7812500000,131404.3281250000,119706.9765625000,132703.3750000000,152765.1875000000,,,
41.9959999321,328,175427.2500000000,212754.2968750000,165090.9062500000,164167.4218750000,131465.4843750000,119740.6953125000,132740.4218750000,154078.8281250000,,,
41.9999999320,328,175760.2656250000,208930.0625000000,165602.8750000000,164909.1875000000,132184.1875000000,120427.0703125000,133504.1250000000,152202.6093750000,,,
42.0039999320,328,176009.4218750000,192360.3906250000,165960.3437500000,165497.3593750000,132721.0000000000,120953.2421875000,134089.8906250000,149331.0937500000,,,
42.0079999322,328,175812.2031250000,185072.3906250000,165622.3593750000,165054.6093750000,132257.0312500000,120517.5156250000,133613.8593750000,149419.5312500000,,,
42.0119999321,328,175446.4218750000,199533.2031250000,165052.0000000000,164163.1718750000,131408.2187500000,119695.6328125000,132696.2968750000,152743.0000000000,,,
42.0159999321,328,175443.8750000000,212735.2500000000,165104.4218750000,164180.5625000000,131470.9843750000,119729.9609375000,132730.9531250000,154074.6093750000,,,
42.0199999320,328,175774.5937500000,208981.7656250000,165618.5781250000,164917.1718750000,132195.5937500000,120417.4140625000,133497.4218750000,152209.8281250000,,,
42.0239999320,328,176013.4218750000,192422.3750000000,165969.8906250000,165495.9375000000,132730.8281250000,120942.4062500000,134088.6562500000,149331.4375000000,,,
42.0279999322,328,175809.7812500000,185046.9062500000,165627.7187500000,165051.0468750000,132266.2968750000,120508.6406250000,133614.9062500000,149403.4062500000,,,
42.0319999321,328,175445.6718750000,199451.1562500000,165055.0937500000,164157.1406250000,131415.4375000000,119688.3359375000,132694.7656250000,152729.8281250000,,,
42.0359999321,328,175440.8750000000,212699.5781250000,165100.3906250000,164171.8125000000,131469.9375000000,119722.9140625000,132724.4843750000,154077.0781250000,,,
42.0399999321,328,175777.7031250000,209014.3281250000,165615.0625000000,164919.4843750000,132193.7343750000,120416.5312500000,133492.5156250000,152228.6562500000,,,
42.0439999320,328,176032.9687500000,192494.6875000000,165978.6875000000,165517.3750000000,132740.6093750000,120955.2500000000,134090.8281250000,149363.7656250000,,,
42.0479999320,328,175834.2187500000,185046.5312500000,165640.8125000000,165071.7968750000,132281.2812500000,120529.9609375000,133619.6250000000,149420.2812500000,,,
42.0519999322,328,175457.8750000000,199388.2343750000,165059.4843750000,164166.1250000000,131420.7500000000,119700.3281250000,132692.0625000000,152733.1562500000,,,
42.0559999321,328,175439.0468750000,212695.4218750000,165095.0781250000,164164.4375000000,131465.0312500000,119718.8906250000,132707.1406250000,154086.2968750000,,,
42.0599999321,328,175764.2500000000,209095.7031250000,165599.7187500000,164907.1406250000,132176.9687500000,120401.2656250000,133462.2343750000,152239.0156250000,,,
42.0639999320,328,176010.0468750000,192580.0000000000,165957.0625000000,165499.4062500000,132716.5312500000,120933.5781250000,134061.5000000000,149355.0937500000,,,
42.0679999320,328,175811.4531250000,185030.9062500000,165619.5312500000,165065.4218750000,132258.8593750000,120509.6015625000,133598.1406250000,149389.1718750000,,,
42.0719999322,328,175440.0937500000,199308.7031250000,165041.6250000000,164165.3437500000,131402.2500000000,119683.5078125000,132676.7812500000,152704.8593750000,,,
42.0759999321,328,175432.2343750000,212672.1093750000,165085.5312500000,164169.3125000000,131453.0156250000,119708.0546875000,132701.3437500000,154085.3125000000,,,
42.0799999321,328,175763.9687500000,209320.1875000000,165592.1562500000,164903.7343750000,132163.3437500000,120387.6171875000,133453.1406250000,152286.8125000000,,,
42.0839999320,328,176018.1875000000,192803.2187500000,165962.1562500000,165512.4062500000,132720.6562500000,120936.9843750000,134063.0000000000,149384.6875000000,,,
42.0879999320,328,175816.4687500000,185031.2187500000,165626.1406250000,165076.3281250000,132266.0156250000,120517.1953125000,133600.2656250000,149378.6250000000,,,
42.0919999320,328,175445.2812500000,199223.8593750000,165049.3750000000,164171.6250000000,131406.3125000000,119686.7031250000,132675.1093750000,152692.7968750000,,,
42.0959999321,328,175428.6250000000,212645.2656250000,165084.5625000000,164170.8281250000,131445.8281250000,119699.1171875000,132688.3281250000,154084.7812500000,,,
42.0999999321,328,175754.0000000000,209288.3437500000,165587.0781250000,164907.2500000000,132155.2656250000,120378.4453125000,133443.0625000000,152278.0937500000,,,
42.1039999321,328,176012.2343750000,192795.0156250000,165961.2500000000,165515.7656250000,132716.8750000000,120929.1250000000,134061.8750000000,149385.2812500000,,,
42.1079999320,328,175810.5312500000,184994.1875000000,165626.5625000000,165073.9218750000,132265.4531250000,120505.3671875000,133603.4843750000,149368.8281250000,,,
42.1119999320,329,175433.7343750000,199145.1406250000,165042.2187500000,164165.2968750000,131398.9687500000,119666.3125000000,132668.2968750000,152677.7343750000,,,
42.1159999319,329,175423.6875000000,212627.1875000000,165081.2500000000,164172.6406250000,131443.3906250000,119683.7500000000,132685.9218750000,154088.8750000000,,,
42.1199999319,329,175757.8125000000,209282.0937500000,165594.5937500000,164904.6718750000,132162.8906250000,120368.3828125000,133452.7343750000,152286.5625000000,,,
42.1239999318,329,176010.4375000000,192805.1718750000,165963.5312500000,165502.6718750000,132717.6718750000,120912.6562500000,134065.8593750000,149387.8750000000,,,
42.1279999318,329,175819.1406250000,184956.3906250000,165637.6718750000,165089.5000000000,132275.8906250000,120502.7109375000,133615.1718750000,149362.8750000000,,,
42.1319999318,329,175441.7656250000,199066.9062500000,165050.7968750000,164180.2656250000,131406.1562500000,119664.0078125000,132675.0625000000,152666.3750000000,,,
42.1359999320,329,175425.4531250000,212600.7343750000,165083.5000000000,164168.5468750000,131441.7812500000,119674.9218750000,132680.9843750000,154083.5625000000,,,
42.1399999319,329,175758.5000000000,209346.0937500000,165593.1718750000,164900.3593750000,132156.5937500000,120359.0000000000,133436.6406250000,152294.8906250000,,,
42.1439999319,329,176018.4843750000,192885.1875000000,165967.2343750000,165505.0000000000,132718.4843750000,120913.4921875000,134051.7343750000,149395.2031250000,,,
42.1479999318,329,175826.7968750000,184937.6093750000,165642.4218750000,165084.4062500000,132278.3906250000,120508.4218750000,133599.6093750000,149349.8125000000,,,
42.1519999318,329,175452.2812500000,198991.7968750000,165058.8281250000,164172.3750000000,131410.7656250000,119666.4531250000,132659.3906250000,152655.4062500000,,,
42.1559999320,329,175432.4062500000,212581.7968750000,165086.7968750000,164155.9843750000,131442.6093750000,119668.2187500000,132671.2968750000,154088.0468750000,,,
42.1599999319,329,175753.2656250000,209334.0468750000,165586.9531250000,164877.0937500000,132151.8593750000,120345.6953125000,133436.8593750000,152288.5000000000,,,
42.1639999319,329,176009.9531250000,192881.4375000000,165960.8281250000,165489.5781250000,132713.0156250000,120897.2109375000,134054.7656250000,149390.0468750000,,,
42.1679999318,329,175822.6875000000,184909.7187500000,165641.6093750000,165085.2343750000,132279.0312500000,120495.8984375000,133604.9531250000,149338.4687500000,,,
42.1719999318,329,175448.3906250000,198907.0937500000,165056.8281250000,164177.9218750000,131410.5312500000,119664.7343750000,132663.2343750000,152640.7812500000,,,
42.1759999318,329,175422.6406250000,212543.3906250000,165080.0937500000,164154.0625000000,131435.7968750000,119673.0468750000,132663.8437500000,154088.4218750000,,,
42.1799999319,329,175748.9218750000,209377.9062500000,165586.1406250000,164880.4531250000,132148.7343750000,120357.2500000000,133424.1718750000,152307.6718750000,,,
42.1839999319,329,176010.6250000000,192961.6250000000,165964.0625000000,165496.2812500000,132713.8125000000,120910.9687500000,134044.7031250000,149407.1093750000,,,
42.1879999319,329,175827.6562500000,184898.2656250000,165652.2812500000,165092.8906250000,132289.7656250000,120510.7812500000,133613.2343750000,149334.2656250000,,,
42.1919999318,329,175459.3750000000,198820.4062500000,165074.0000000000,164188.7968750000,131428.9531250000,119676.6406250000,132685.8906250000,152635.5000000000,,,
42.1959999318,329,175443.9062500000,212510.9375000000,165103.1875000000,164170.7343750000,131459.0781250000,119679.6718750000,132686.2500000000,154106.9062500000,,,
42.1999999320,329,175774.8593750000,209462.6562500000,165612.4218750000,164904.8593750000,132173.4843750000,120356.7734375000,133443.7500000000,152344.1875000000,,,
42.2039999319,329,176038.9843750000,193086.5625000000,165994.0468750000,165526.7031250000,132744.8437500000,120917.2968750000,134072.6250000000,149444.4687500000,,,
42.2079999319,329,175846.4531250000,184920.2343750000,165670.9531250000,165109.4062500000,132313.2812500000,120521.7812500000,133635.7656250000,149346.6562500000,,,
42.2119999318,329,175461.5625000000,198762.4375000000,165074.7187500000,164190.7500000000,131434.9687500000,119675.7265625000,132691.2656250000,152628.1250000000,,,
42.2159999318,329,175438.9687500000,212489.7968750000,165097.5781250000,164169.6093750000,131455.5937500000,119674.9765625000,132685.1093750000,154109.0781250000,,,
42.2199999318,329,175763.5781250000,209525.0781250000,165598.8281250000,164896.8437500000,132159.4062500000,120350.3359375000,133431.1406250000,152359.2031250000,,,
42.2239999319,329,176024.7968750000,193174.9687500000,165975.9531250000,165505.3593750000,132725.0312500000,120910.6171875000,134051.8906250000,149450.8281250000,,,
42.2279999319,329,175844.7343750000,184927.0937500000,165667.2812500000,165105.5156250000,132306.7968750000,120524.2187500000,133626.0937500000,149335.9218750000,,,
42.2319999319,329,175466.0937500000,198685.2031250000,165076.4687500000,164200.4843750000,131433.4375000000,119679.2187500000,132684.8437500000,152612.1406250000,,,
42.2359999318,329,175434.8125000000,212455.6093750000,165087.3906250000,164169.3437500000,131443.2812500000,119665.2187500000,132668.4062500000,154099.3437500000,,,
42.2399999318,330,175747.2343750000,209588.5312500000,165577.0156250000,164875.2031250000,132136.9218750000,120329.4375000000,133404.1406250000,152356.8437500000,,,
42.2439999317,330,176000.7031250000,193266.2812500000,165951.6250000000,165476.7656250000,132703.9218750000,120886.2656250000,134027.3437500000,149437.1562500000,,,
42.2479999317,330,175817.9687500000,184892.5468750000,165641.0937500000,165083.3281250000,132289.3593750000,120500.8593750000,133608.9843750000,149294.1562500000,,,
42.2519999316,330,175435.8906250000,198567.9531250000,165043.7968750000,164170.2031250000,131408.3906250000,119652.2578125000,132660.7656250000,152564.5781250000,,,
42.2559999316,330,175411.9375000000,212393.4062500000,165061.2812500000,164147.5625000000,131420.6718750000,119641.7187500000,132643.3750000000,154076.8125000000,,,
42.2599999316,330,175734.5000000000,209604.6875000000,165559.8593750000,164871.8906250000,132121.9375000000,120311.7890625000,133384.0781250000,152355.2812500000,,,
42.2639999317,330,175990.4843750000,193305.9531250000,165938.4843750000,165488.3281250000,132691.9218750000,120870.7109375000,134008.2968750000,149435.5468750000,,,
42.2679999317,330,175799.8906250000,184860.5781250000,165623.2187500000,165092.2968750000,132273.1875000000,120480.4453125000,133581.8593750000,149270.0781250000,,,
42.2719999317,330,175414.2656250000,198472.7343750000,165024.6718750000,164176.7968750000,131389.6093750000,119627.5078125000,132631.0156250000,152532.8281250000,,,
42.2759999316,330,175383.1875000000,212348.9375000000,165033.7187500000,164133.1875000000,131391.1875000000,119605.3203125000,132600.5781250000,154051.3281250000,,,
42.2799999316,330,175713.2343750000,209616.5937500000,165539.8437500000,164854.5937500000,132099.1875000000,120281.6406250000,133350.2500000000,152341.1250000000,,,
42.2839999318,330,175992.8437500000,193347.9531250000,165941.8906250000,165488.1406250000,132691.6093750000,120862.0468750000,133999.3125000000,149442.9375000000,,,
42.2879999317,330,175822.8750000000,184851.5468750000,165649.0937500000,165105.2500000000,132293.6718750000,120493.0546875000,133597.3593750000,149282.6250000000,,,
42.2919999317,330,175451.6093750000,198412.7968750000,165064.5625000000,164190.0781250000,131423.9218750000,119650.5468750000,132658.0468750000,152553.6875000000,,,
42.2959999316,330,175423.9531250000,212345.0156250000,165079.7187500000,164141.2343750000,131432.3593750000,119630.5078125000,132634.6093750000,154093.8125000000,,,
42.2999999316,330,175752.2812500000,209684.0781250000,165585.2343750000,164866.9062500000,132141.0000000000,120305.8359375000,133381.5312500000,152392.0000000000,,,
42.3039999316,330,176022.6718750000,193437.7031250000,165978.4687500000,165503.7968750000,132724.4687500000,120879.2890625000,134021.5781250000,149483.0937500000,,,
42.3079999317,330,175844.1250000000,184872.3750000000,165676.5312500000,165121.4531250000,132320.6562500000,120509.6328125000,133616.3593750000,149302.8281250000,,,
42.3119999317,330,175464.8593750000,198370.6562500000,165081.9687500000,164202.3125000000,131442.6406250000,119663.4453125000,132675.8437500000,152562.4531250000,,,
42.3159999317,330,175435.8125000000,212334.2031250000,165092.1562500000,164155.5937500000,131445.5312500000,119641.7734375000,132651.2656250000,154108.0312500000,,,
42.3199999316,330,175751.0781250000,209760.6562500000,165583.0625000000,164865.5937500000,132138.7187500000,120302.6171875000,133385.5781250000,152412.4218750000,,,
42.3239999316,330,176022.0625000000,193536.9375000000,165974.9218750000,165499.9062500000,132722.9843750000,120875.9140625000,134027.0781250000,149497.0781250000,,,
42.3279999318,330,175854.2031250000,184861.7656250000,165683.5625000000,165133.9687500000,132331.4062500000,120513.1718750000,133629.7656250000,149298.2968750000,,,
42.3319999317,330,175472.3593750000,198296.8125000000,165088.4843750000,164212.0000000000,131450.2500000000,119664.6250000000,132679.8125000000,152559.1406250000,,,
42.3359999317,330,175440.5312500000,212323.1250000000,165095.2187500000,164155.8750000000,131447.5937500000,119638.0703125000,132648.2031250000,154128.7968750000,,,
42.3399999316,330,175766.3125000000,209842.0625000000,165597.9687500000,164875.3906250000,132150.2812500000,120302.5625000000,133390.8593750000,152450.9843750000,,,
42.3439999316,330,176035.3906250000,193626.7968750000,165992.4375000000,165514.6093750000,132738.9531250000,120876.9062500000,134033.6562500000,149529.6562500000,,,
42.3479999315,330,175860.3437500000,184844.9687500000,165696.6718750000,165145.6718750000,132343.7500000000,120515.2109375000,133633.8906250000,149326.1875000000,,,
42.3519999317,330,175470.4843750000,198216.7187500000,165089.6718750000,164214.1406250000,131450.7343750000,119655.8046875000,132674.3906250000,152583.2187500000,,,
42.3559999317,330,175434.4062500000,212286.5468750000,165086.2031250000,164160.2500000000,131439.4218750000,119625.5156250000,132633.2968750000,154158.5937500000,,,
42.3599999317,330,175755.0937500000,209852.5781250000,165580.8593750000,164883.2187500000,132135.9062500000,120289.8750000000,133368.0000000000,152495.2968750000,,,
42.3639999316,330,176020.4687500000,193647.4218750000,165968.4843750000,165501.2031250000,132717.1718750000,120860.5937500000,134008.2812500000,149580.3593750000,,,
42.3679999316,331,175834.8906250000,184801.0625000000,165662.0781250000,165100.6093750000,132313.9062500000,120492.3281250000,133608.1250000000,149340.0781250000,,,
42.3719999315,331,175449.6406250000,198125.8437500000,165060.9062500000,164169.0781250000,131425.1562500000,119636.2734375000,132651.6093750000,152579.1406250000,,,
42.3759999315,331,175422.3750000000,212263.5937500000,165069.8906250000,164125.1718750000,131421.7187500000,119605.9687500000,132616.0156250000,154168.8593750000,,,
42.3799999314,331,175748.6562500000,209908.3906250000,165574.3125000000,164851.3750000000,132126.1406250000,120275.6093750000,133361.2968750000,152519.1718750000,,,
42.3839999314,331,176027.2343750000,193728.0156250000,165978.4218750000,165497.0625000000,132724.8125000000,120864.1093750000,134016.7031250000,149610.4218750000,,,
42.3879999314,331,175860.6093750000,184803.7187500000,165692.0156250000,165143.4687500000,132342.3593750000,120510.4843750000,133631.1875000000,149362.8750000000,,,
42.3919999315,331,175476.3281250000,198067.2968750000,165090.9531250000,164216.0937500000,131454.4062500000,119653.6562500000,132675.4843750000,152598.2343750000,,,
42.3959999315,331,175436.1562500000,212261.0937500000,165084.4062500000,164151.7031250000,131434.2187500000,119611.2734375000,132625.0937500000,154192.7031250000,,,
42.3999999315,331,175752.5468750000,209970.0625000000,165577.1093750000,164856.4218750000,132125.7187500000,120273.7265625000,133360.6093750000,152541.3593750000,,,
42.4039999314,331,176021.2812500000,193789.9218750000,165971.6562500000,165498.5625000000,132713.9531250000,120853.1406250000,134009.5156250000,149617.6562500000,,,
42.4079999314,331,175862.3593750000,184780.5937500000,165693.2187500000,165160.0781250000,132339.8593750000,120510.2968750000,133634.4375000000,149359.4218750000,,,
42.4119999316,331,175484.4843750000,197984.5000000000,165098.0312500000,164239.3281250000,131458.2500000000,119657.7578125000,132684.6406250000,152595.1093750000,,,
42.4159999315,331,175433.8750000000,212228.8281250000,165081.9218750000,164152.1875000000,131428.2812500000,119604.7578125000,132624.6250000000,154198.0937500000,,,
42.4199999315,331,175741.3906250000,210007.1718750000,165564.9843750000,164843.5000000000,132111.4687500000,120258.9218750000,133349.6406250000,152551.6718750000,,,
42.4239999314,331,176016.0156250000,193835.1250000000,165967.2031250000,165488.0000000000,132708.9062500000,120847.4296875000,134003.5312500000,149627.6875000000,,,
42.4279999314,331,175857.9375000000,184741.1718750000,165689.8906250000,165142.6093750000,132339.2187500000,120508.9843750000,133629.1718750000,149350.2500000000,,,
42.4319999313,331,175477.6718750000,197892.9062500000,165090.6875000000,164215.4062500000,131454.0312500000,119657.8671875000,132676.7812500000,152584.3437500000,,,
42.4359999315,331,175433.3437500000,212204.5468750000,165078.2968750000,164145.8750000000,131425.9218750000,119612.4843750000,132616.6875000000,154210.2968750000,,,
42.4399999315,331,175747.1875000000,210070.9843750000,165566.5625000000,164847.4843750000,132112.9218750000,120269.3828125000,133343.3593750000,152579.0312500000,,,
42.4439999314,331,176019.8906250000,193908.4531250000,165967.1718750000,165501.2031250000,132712.0000000000,120854.3750000000,134000.3437500000,149644.6406250000,,,
42.4479999314,331,175860.0781250000,184717.6250000000,165694.6093750000,165150.9843750000,132348.2031250000,120515.7734375000,133633.8906250000,149345.8750000000,,,
42.4519999314,331,175479.3437500000,197827.7968750000,165096.7187500000,164211.3281250000,131461.3593750000,119658.0000000000,132678.2187500000,152576.5625000000,,,
42.4559999316,331,175432.8750000000,212199.2187500000,165082.6875000000,164127.5781250000,131431.3750000000,119601.8125000000,132616.5312500000,154211.5156250000,,,
42.4599999315,331,175745.4375000000,210133.2187500000,165571.1718750000,164838.4531250000,132118.6406250000,120254.6562500000,133342.2343750000,152587.5625000000,,,
42.4639999315,331,176015.2968750000,193984.2500000000,165969.5625000000,165481.7031250000,132714.4375000000,120839.3828125000,133998.0781250000,149645.4531250000,,,
42.4679999314,331,175849.7812500000,184686.6718750000,165690.5312500000,165134.7812500000,132343.6718750000,120496.7578125000,133627.2500000000,149318.9687500000,,,
42.4719999314,331,175465.9062500000,197727.5625000000,165085.2343750000,164211.3437500000,131447.5781250000,119636.9218750000,132667.4687500000,152543.6875000000,,,
42.4759999313,331,175418.9843750000,212154.6562500000,165067.5625000000,164138.9531250000,131413.7968750000,119585.3125000000,132604.3750000000,154202.8437500000,,,
42.4799999315,331,175725.4531250000,210180.6562500000,165552.2187500000,164828.7187500000,132096.9375000000,120235.8281250000,133329.4843750000,152593.6875000000,,,
42.4839999315,331,175994.9062500000,194044.0937500000,165952.5625000000,165471.4531250000,132697.2343750000,120820.0937500000,133989.3750000000,149645.2031250000,,,
42.4879999314,331,175832.8750000000,184661.9687500000,165674.6562500000,165134.4531250000,132331.4687500000,120483.1015625000,133624.1875000000,149302.9531250000,,,
42.4919999314,331,175449.1875000000,197642.6718750000,165069.4687500000,164207.5156250000,131438.4062500000,119622.0859375000,132665.4843750000,152523.5156250000,,,
42.4959999314,332,175408.7500000000,212120.3593750000,165058.4218750000,164121.7343750000,131408.3906250000,119567.8281250000,132602.2031250000,154195.1406250000,,,
42.4999999313,332,175723.5468750000,210205.9375000000,165548.8125000000,164825.8750000000,132093.2656250000,120219.5234375000,133324.4687500000,152598.2187500000,,,
42.5039999313,332,176000.7343750000,194122.0312500000,165954.4375000000,165487.7343750000,132696.1718750000,120815.6406250000,133984.7343750000,149662.7031250000,,,
42.5079999312,332,175843.4531250000,184687.7187500000,165682.1875000000,165154.0312500000,132335.8125000000,120490.1562500000,133624.1250000000,149310.3593750000,,,
42.5119999312,332,175458.5781250000,197582.8593750000,165074.4062500000,164213.5156250000,131440.8437500000,119630.5859375000,132665.2968750000,152520.0625000000,,,
42.5159999311,332,175407.4531250000,212093.1093750000,165053.4531250000,164121.6875000000,131399.6406250000,119566.9375000000,132593.8437500000,154200.4843750000,,,
42.5199999313,332,175723.9531250000,210278.5156250000,165545.3750000000,164831.7187500000,132087.5156250000,120221.6953125000,133321.2343750000,152623.1562500000,,,
42.5239999313,332,175997.5468750000,194226.2343750000,165950.2812500000,165478.5312500000,132691.6875000000,120817.5234375000,133984.2500000000,149677.8281250000,,,
42.5279999312,332,175832.1093750000,184687.6562500000,165673.9062500000,165137.3750000000,132329.7812500000,120482.7265625000,133624.7812500000,149290.1718750000,,,
42.5319999312,332,175454.2812500000,197474.1250000000,165073.7031250000,164217.0312500000,131439.6875000000,119621.4140625000,132671.5781250000,152489.2656250000,,,
42.5359999312,332,175414.1562500000,212022.2656250000,165060.1562500000,164137.9375000000,131401.9218750000,119560.3671875000,132602.8281250000,154194.5625000000,,,
42.5399999314,332,175723.0781250000,210349.9375000000,165542.0468750000,164828.5000000000,132078.2656250000,120205.2265625000,133320.3750000000,152638.4687500000,,,
42.5439999313,332,176003.9843750000,194358.2343750000,165956.3125000000,165498.2968750000,132694.3437500000,120806.6015625000,133995.9375000000,149692.7968750000,,,
42.5479999313,332,175852.5156250000,184689.8593750000,165695.8125000000,165176.5156250000,132350.2656250000,120487.6093750000,133651.1718750000,149285.8437500000,,,
42.5519999312,332,175465.1250000000,197384.4843750000,165086.7968750000,164235.9218750000,131451.8437500000,119624.6093750000,132688.5156250000,152474.1406250000,,,
42.5559999312,332,175412.9843750000,211973.3750000000,165062.5156250000,164134.1562500000,131404.7031250000,119559.9921875000,132608.5625000000,154191.6562500000,,,
42.5599999311,332,175721.3281250000,210404.2187500000,165543.8906250000,164819.4062500000,132080.1250000000,120208.1250000000,133323.4218750000,152655.6406250000,,,
42.5639999313,332,176009.2343750000,194455.1093750000,165965.1718750000,165494.3593750000,132702.3593750000,120818.7578125000,134003.5625000000,149714.7656250000,,,
42.5679999313,332,175859.0781250000,184699.5156250000,165704.7031250000,165182.7656250000,132359.2031250000,120501.8750000000,133659.8906250000,149289.4687500000,,,
42.5719999312,332,175465.0468750000,197295.2500000000,165088.5468750000,164234.1718750000,131453.7656250000,119626.8593750000,132692.7031250000,152460.5312500000,,,
42.5759999312,332,175399.1875000000,211913.0781250000,165046.0781250000,164119.1406250000,131389.0468750000,119540.7890625000,132597.2500000000,154174.7656250000,,,
42.5799999312,332,175709.6250000000,210357.7500000000,165530.4062500000,164817.5781250000,132067.0000000000,120185.9921875000,133313.7500000000,152635.6875000000,,,
42.5839999313,332,176001.5156250000,194454.3593750000,165956.0156250000,165494.0312500000,132692.7656250000,120797.6953125000,133998.6718750000,149712.8750000000,,,
42.5879999313,332,175853.7500000000,184690.3437500000,165699.3593750000,165180.1406250000,132356.0156250000,120492.0625000000,133665.8437500000,149285.2812500000,,,
42.5919999313,332,175464.5625000000,197214.1875000000,165087.2031250000,164229.5312500000,131456.5000000000,119626.1640625000,132699.9687500000,152452.1718750000,,,
42.5959999312,332,175403.6406250000,211881.8281250000,165049.3281250000,164112.8281250000,131392.8281250000,119542.9843750000,132601.9375000000,154191.6875000000,,,
42.5999999312,332,175703.0312500000,210368.0937500000,165522.3125000000,164798.7500000000,132059.2812500000,120182.8593750000,133310.0156250000,152654.2656250000,,,
42.6039999311,332,175982.4062500000,194476.2187500000,165935.6875000000,165463.3750000000,132672.9687500000,120784.6640625000,133981.7968750000,149713.8437500000,,,
42.6079999313,332,175843.7968750000,184669.1250000000,165690.9687500000,165172.6562500000,132348.9062500000,120483.8281250000,133657.7187500000,149274.7656250000,,,
42.6119999313,332,175468.2656250000,197133.4375000000,165092.0781250000,164250.4843750000,131461.4062500000,119625.2812500000,132705.2343750000,152446.8906250000,,,
42.6159999312,332,175406.5625000000,211858.1718750000,165054.0468750000,164128.7343750000,131398.6718750000,119539.0703125000,132607.7343750000,154202.6093750000,,,
42.6199999312,332,175707.2187500000,210436.8750000000,165527.4843750000,164808.2500000000,132066.6250000000,120177.2734375000,133314.4218750000,152679.4375000000,,,
42.6239999312,333,175993.9531250000,194561.7343750000,165947.0312500000,165478.5937500000,132686.8593750000,120783.4531250000,133990.5937500000,149736.4375000000,,,
42.6279999311,333,175850.9375000000,184652.0312500000,165698.0156250000,165175.3281250000,132359.4218750000,120481.6015625000,133657.9218750000,149273.2343750000,,,
42.6319999311,333,175466.8593750000,197063.2968750000,165087.4375000000,164235.3593750000,131458.5156250000,119615.7812500000,132686.7187500000,152442.4531250000,,,
42.6359999310,333,175412.8125000000,211857.0937500000,165056.5625000000,164120.6406250000,131397.1406250000,119531.0781250000,132588.8750000000,154221.4375000000,,,
42.6399999310,333,175721.6562500000,210522.2656250000,165539.6406250000,164799.0156250000,132072.0937500000,120168.5859375000,133301.4062500000,152713.0625000000,,,
42.6439999309,333,176001.4843750000,194661.9843750000,165953.3437500000,165458.3593750000,132690.3125000000,120776.7265625000,133978.7500000000,149760.9218750000,,,
42.6479999311,333,175862.7031250000,184646.1875000000,165709.2031250000,165174.2968750000,132369.8437500000,120485.6796875000,133661.6250000000,149279.5937500000,,,
42.6519999311,333,175484.7031250000,197002.5625000000,165105.8593750000,164248.6875000000,131475.7343750000,119622.1406250000,132703.3593750000,152445.8125000000,,,
42.6559999310,333,175422.3437500000,211838.7500000000,165065.8281250000,164127.2343750000,131406.7500000000,119527.8046875000,132600.3125000000,154227.2031250000,,,
42.6599999310,333,175724.7656250000,210573.8437500000,165541.5937500000,164808.5937500000,132074.6718750000,120161.1796875000,133306.9375000000,152724.6875000000,,,
42.6639999310,333,176012.8593750000,194725.3906250000,165966.3750000000,165486.4375000000,132703.3281250000,120771.8437500000,133993.3593750000,149772.3750000000,,,
42.6679999311,333,175865.7656250000,184630.3125000000,165717.4375000000,165188.5000000000,132380.6875000000,120475.8046875000,133673.9375000000,149266.7968750000,,,
42.6719999311,333,175474.7812500000,196910.7031250000,165104.5312500000,164242.0937500000,131477.8593750000,119610.0703125000,132706.7656250000,152421.4062500000,,,
42.6759999311,333,175415.9375000000,211800.6093750000,165068.7187500000,164122.8906250000,131411.9218750000,119525.5781250000,132602.6406250000,154229.2187500000,,,
42.6799999310,333,175728.2812500000,210612.5468750000,165552.7500000000,164809.8593750000,132088.3281250000,120170.4140625000,133313.3437500000,152748.2812500000,,,
42.6839999310,333,176019.3750000000,194800.3906250000,165977.6093750000,165487.1718750000,132716.2812500000,120785.4687500000,133997.5468750000,149794.9375000000,,,
42.6879999309,333,175885.8593750000,184632.8593750000,165741.5156250000,165198.9062500000,132408.0781250000,120503.2734375000,133689.5156250000,149279.8125000000,,,
42.6919999311,333,175506.5625000000,196845.7343750000,165135.7500000000,164257.7187500000,131513.4687500000,119643.4062500000,132726.2656250000,152441.5000000000,,,
42.6959999311,333,175448.4375000000,211779.2343750000,165095.1718750000,164136.0000000000,131441.0000000000,119549.4531250000,132617.2343750000,154265.4531250000,,,
42.6999999310,333,175749.8437500000,210660.7031250000,165568.8437500000,164819.2968750000,132105.2812500000,120181.1093750000,133319.1093750000,152784.7031250000,,,
42.7039999310,333,176038.2343750000,194892.7187500000,165995.1875000000,165500.2812500000,132734.7343750000,120799.9218750000,134009.9375000000,149834.1250000000,,,
42.7079999309,333,175897.5468750000,184667.1875000000,165754.7968750000,165212.2500000000,132423.7812500000,120518.0546875000,133703.3437500000,149297.5156250000,,,
42.7119999311,333,175507.6875000000,196778.3281250000,165141.4062500000,164270.5000000000,131520.9062500000,119651.0000000000,132734.8906250000,152434.8125000000,,,
42.7159999311,333,175439.0000000000,211751.0468750000,165089.6875000000,164130.1562500000,131435.1875000000,119550.0390625000,132613.6093750000,154264.3281250000,,,
42.7199999311,333,175742.7656250000,210729.5312500000,165564.7656250000,164809.7500000000,132101.7968750000,120185.4843750000,133321.0468750000,152802.0156250000,,,
42.7239999310,333,176033.9062500000,194998.9531250000,165991.3750000000,165489.4531250000,132735.5625000000,120805.7421875000,134015.5937500000,149848.5156250000,,,
42.7279999310,333,175895.3281250000,184688.4375000000,165751.5000000000,165205.6250000000,132425.0781250000,120527.2812500000,133712.3750000000,149292.4687500000,,,
42.7319999309,333,175513.5156250000,196708.7500000000,165145.8906250000,164277.0937500000,131528.7656250000,119667.2812500000,132754.7968750000,152425.4218750000,,,
42.7359999311,333,175440.9218750000,211716.8750000000,165088.8593750000,164145.4218750000,131438.0156250000,119557.5000000000,132625.8906250000,154265.5000000000,,,
42.7399999311,333,175727.9218750000,210793.8437500000,165544.8906250000,164813.4843750000,132083.9843750000,120175.3984375000,133308.8593750000,152808.3906250000,,,
42.7439999310,333,176013.6406250000,195106.0781250000,165969.5937500000,165497.0937500000,132713.3593750000,120796.2734375000,134000.0468750000,149848.0625000000,,,
42.7479999310,333,175875.9218750000,184690.6875000000,165733.6718750000,165217.4218750000,132408.7187500000,120520.1718750000,133696.9531250000,149266.6093750000,,,
42.7519999309,334,175489.6718750000,196620.6406250000,165120.6718750000,164276.6875000000,131502.0937500000,119652.1250000000,132725.6250000000,152390.0468750000,,,
42.7559999309,334,175415.0937500000,211669.7968750000,165061.9375000000,164131.6875000000,131404.9531250000,119540.3828125000,132592.4687500000,154243.8906250000,,,
42.7599999309,334,175716.3437500000,210819.3281250000,165535.2031250000,164805.5468750000,132066.8750000000,120170.4921875000,133293.7656250000,152805.5000000000,,,
42.7639999308,334,176009.5781250000,195160.5781250000,165967.2812500000,165489.5781250000,132707.3750000000,120794.3203125000,133995.6718750000,149843.6093750000,,,
42.7679999308,334,175879.7343750000,184682.9687500000,165739.2500000000,165214.8906250000,132412.6562500000,120525.5859375000,133705.0312500000,149247.9218750000,,,
42.7719999307,334,175495.4375000000,196541.6250000000,165127.5937500000,164272.2656250000,131507.8125000000,119661.0625000000,132736.5000000000,152365.2656250000,,,
42.7759999309,334,175423.9531250000,211650.4062500000,165071.4218750000,164122.2500000000,131413.2187500000,119546.4765625000,132601.9375000000,154242.8125000000,,,
42.7799999309,334,175727.6562500000,210852.3906250000,165545.0312500000,164798.5156250000,132078.7187500000,120180.8984375000,133302.8906250000,152815.2656250000,,,
42.7839999308,334,176021.5468750000,195214.7187500000,165976.5625000000,165480.5468750000,132719.6093750000,120803.4687500000,134003.5312500000,149857.1562500000,,,
42.7879999308,334,175894.6250000000,184687.6250000000,165753.4062500000,165214.6093750000,132431.0312500000,120539.0234375000,133718.8125000000,149259.4062500000,,,
42.7919999307,334,175505.7031250000,196490.6406250000,165137.2812500000,164266.5000000000,131520.8281250000,119671.0937500000,132745.9218750000,152378.2656250000,,,
42.7959999309,334,175428.4062500000,211652.7187500000,165072.9843750000,164111.1406250000,131414.6562500000,119551.2187500000,132605.0468750000,154270.5781250000,,,
42.7999999309,334,175727.5468750000,210912.9375000000,165541.9062500000,164785.9375000000,132073.1718750000,120177.6250000000,133299.4531250000,152840.5468750000,,,
42.8039999309,334,176028.8437500000,195284.2656250000,165982.1718750000,165485.2968750000,132723.7656250000,120811.9921875000,134007.5000000000,149872.6875000000,,,
42.8079999308,334,175908.2968750000,184678.7187500000,165765.0000000000,165237.7187500000,132443.0937500000,120556.9140625000,133729.9375000000,149259.0781250000,,,
42.8119999308,334,175516.8125000000,196426.0468750000,165145.2968750000,164293.7812500000,131527.0468750000,119680.2890625000,132750.2968750000,152381.6562500000,,,
42.8159999307,334,175432.3125000000,211647.7031250000,165074.1093750000,164136.3281250000,131410.8593750000,119545.9921875000,132596.7343750000,154283.7187500000,,,
42.8199999309,334,175727.0468750000,210976.5625000000,165540.3593750000,164801.7343750000,132068.5781250000,120166.3046875000,133289.3593750000,152854.8437500000,,,
42.8239999309,334,176018.4843750000,195355.7968750000,165968.5468750000,165498.8906250000,132712.1875000000,120789.6484375000,133991.4062500000,149869.3593750000,,,
42.8279999308,334,175890.5781250000,184665.7656250000,165746.9375000000,165239.1406250000,132429.0781250000,120531.8906250000,133712.3750000000,149234.8593750000,,,
42.8319999308,334,175498.2968750000,196331.8593750000,165130.9687500000,164281.0000000000,131513.9375000000,119658.3203125000,132732.8281250000,152356.1718750000,,,
42.8359999307,334,175413.1406250000,211596.7656250000,165059.4375000000,164110.5000000000,131396.0937500000,119523.5390625000,132573.9062500000,154280.9843750000,,,
42.8399999309,334,175712.5625000000,211027.9218750000,165526.8593750000,164787.9218750000,132054.0468750000,120144.4453125000,133271.0156250000,152871.0468750000,,,
42.8439999309,334,176012.9062500000,195437.0937500000,165961.8906250000,165487.3593750000,132706.1250000000,120779.0312500000,133984.8906250000,149879.7968750000,,,
42.8479999308,334,175891.8906250000,184640.8593750000,165745.7343750000,165238.4687500000,132429.0156250000,120526.2890625000,133712.1875000000,149220.1875000000,,,
42.8519999308,334,175510.4843750000,196248.8906250000,165138.1406250000,164294.3437500000,131518.3750000000,119653.4687500000,132736.9843750000,152354.0000000000,,,
42.8559999308,334,175427.6562500000,211572.4687500000,165066.0937500000,164124.0781250000,131399.8593750000,119519.8906250000,132579.8125000000,154297.6406250000,,,
42.8599999307,334,175724.3906250000,211072.5312500000,165532.2343750000,164786.8906250000,132059.2187500000,120142.9453125000,133276.1718750000,152885.6875000000,,,
42.8639999309,334,176025.3750000000,195496.6875000000,165974.2812500000,165481.7812500000,132719.5625000000,120781.4140625000,133996.1875000000,149881.9218750000,,,
42.8679999309,334,175904.9531250000,184617.1093750000,165761.4218750000,165236.2812500000,132449.0000000000,120535.5625000000,133727.9531250000,149209.1562500000,,,
42.8719999308,334,175513.4062500000,196148.8437500000,165143.8437500000,164283.0781250000,131530.3437500000,119659.6093750000,132745.8750000000,152337.4843750000,,,
42.8759999308,334,175428.0468750000,211532.7187500000,165069.8125000000,164109.1250000000,131405.4843750000,119520.5625000000,132584.1093750000,154301.0468750000,,,
42.8799999307,335,175725.9375000000,211138.9062500000,165535.3906250000,164782.0468750000,132061.9062500000,120144.5234375000,133274.8281250000,152910.3906250000,,,
42.8839999307,335,176023.1250000000,195586.5468750000,165973.7968750000,165482.8281250000,132721.0312500000,120786.2968750000,133992.7500000000,149892.4531250000,,,
42.8879999307,335,175902.2343750000,184587.0000000000,165760.2187500000,165238.3437500000,132451.9218750000,120546.3203125000,133729.8125000000,149191.6718750000,,,
42.8919999306,335,175505.4375000000,196055.3906250000,165135.0156250000,164288.0000000000,131521.8750000000,119661.7812500000,132735.4375000000,152318.1093750000,,,
42.8959999306,335,175417.1093750000,211489.6875000000,165059.8906250000,164113.0781250000,131392.0156250000,119517.6171875000,132568.8906250000,154292.7812500000,,,
42.8999999305,335,175706.9531250000,211153.3437500000,165520.6406250000,164774.3437500000,132041.9531250000,120134.6562500000,133256.7968750000,152899.9843750000,,,
42.9039999307,335,176006.6093750000,195620.1250000000,165959.0312500000,165479.4687500000,132703.2187500000,120774.0937500000,133977.0625000000,149878.8906250000,,,
42.9079999307,335,175889.2031250000,184546.0156250000,165748.4218750000,165244.9375000000,132439.2187500000,120537.9531250000,133719.1093750000,149165.5000000000,,,
42.9119999306,335,175497.9218750000,195944.0625000000,165130.0937500000,164287.4218750000,131515.8593750000,119657.1953125000,132731.3593750000,152301.5156250000,,,
42.9159999306,335,175416.7812500000,211441.0937500000,165060.8281250000,164111.1093750000,131392.9687500000,119518.2343750000,132568.1718750000,154309.6718750000,,,
42.9199999305,335,175704.5937500000,211153.7968750000,165515.6875000000,164773.1718750000,132040.9062500000,120138.7031250000,133255.0625000000,152924.2343750000,,,
42.9239999307,335,176000.7031250000,195609.7187500000,165949.3906250000,165479.4218750000,132698.2343750000,120777.6093750000,133975.4218750000,149891.4062500000,,,
42.9279999307,335,175893.5312500000,184485.5468750000,165750.2343750000,165259.0468750000,132445.4687500000,120550.0468750000,133728.3281250000,149174.3750000000,,,
42.9319999306,335,175496.1093750000,195832.9687500000,165126.0156250000,164298.8125000000,131513.2031250000,119665.7812500000,132732.7031250000,152306.7968750000,,,
42.9359999306,335,175399.0000000000,211389.0312500000,165039.1562500000,164095.1250000000,131370.5625000000,119511.9843750000,132552.5937500000,154319.1406250000,,,
42.9399999306,335,175693.0625000000,211169.5625000000,165503.2031250000,164751.8437500000,132027.7812500000,120129.0234375000,133244.0156250000,152937.4531250000,,,
42.9439999305,335,176000.5468750000,195647.4375000000,165947.7031250000,165462.8906250000,132699.2031250000,120777.9296875000,133971.2031250000,149903.4218750000,,,
42.9479999307,335,175894.6250000000,184443.6093750000,165750.5937500000,165243.7812500000,132451.4218750000,120554.0234375000,133728.2812500000,149172.5468750000,,,
42.9519999307,335,175507.3906250000,195725.6406250000,165135.6718750000,164300.4531250000,131525.9531250000,119672.3515625000,132737.5781250000,152314.3593750000,,,
42.9559999306,335,175406.1875000000,211338.4062500000,165045.8125000000,164103.0937500000,131376.5937500000,119510.6406250000,132550.9843750000,154344.7656250000,,,
42.9599999306,335,175690.2187500000,211190.8125000000,165499.2343750000,164758.2187500000,132023.6250000000,120123.5781250000,133237.5937500000,152964.1718750000,,,
42.9639999305,335,175995.3906250000,195693.1875000000,165941.9062500000,165474.3750000000,132694.7500000000,120775.2734375000,133967.5312500000,149924.3437500000,,,
42.9679999307,335,175893.7187500000,184409.6250000000,165748.3593750000,165256.8750000000,132450.3750000000,120559.0859375000,133726.1875000000,149183.3906250000,,,
42.9719999307,335,175510.7187500000,195628.7187500000,165136.8750000000,164314.9843750000,131523.3125000000,119677.2578125000,132731.2968750000,152333.6093750000,,,
42.9759999306,335,175409.5468750000,211305.8281250000,165046.7812500000,164102.7500000000,131370.2968750000,119508.9531250000,132540.2031250000,154380.7343750000,,,
42.9799999306,335,175688.6250000000,211219.5312500000,165496.0937500000,164729.5000000000,132014.6250000000,120112.6093750000,133222.2031250000,152996.5156250000,,,
42.9839999306,335,175987.9375000000,195728.9218750000,165934.2656250000,165445.3593750000,132684.3593750000,120756.8515625000,133952.3750000000,149931.4218750000,,,
42.9879999305,335,175881.2656250000,184387.7812500000,165737.1718750000,165236.4375000000,132438.3593750000,120537.1250000000,133709.9843750000,149164.5781250000,,,
42.9919999307,335,175476.8125000000,195539.8437500000,165103.8750000000,164267.8437500000,131488.6875000000,119640.5156250000,132698.4687500000,152300.9687500000,,,
42.9959999307,335,175365.0000000000,211255.4531250000,165000.7031250000,164054.5937500000,131320.3593750000,119460.1875000000,132495.4062500000,154354.0156250000,,,
42.9999999306,335,175660.8437500000,211274.5000000000,165464.2656250000,164728.2187500000,131978.6250000000,120081.5468750000,133188.5468750000,152992.2343750000,,,
43.0039999306,335,175986.3593750000,195813.1718750000,165929.2031250000,165470.1718750000,132679.0781250000,120757.1171875000,133945.4531250000,149936.1562500000,,,
43.0079999305,336,175892.2031250000,184358.4687500000,165746.8125000000,165261.2187500000,132450.9375000000,120549.1406250000,133724.5781250000,149160.6406250000,,,
43.0119999305,336,175498.1875000000,195439.1562500000,165126.7656250000,164294.8750000000,131511.6250000000,119659.5546875000,132724.6562500000,152314.2187500000,,,
43.0159999304,336,175391.5156250000,211208.7031250000,165026.9062500000,164084.9687500000,131342.6718750000,119483.3359375000,132519.2187500000,154397.2500000000,,,
43.0199999304,336,175683.0000000000,211273.7187500000,165486.6875000000,164743.3437500000,131998.5468750000,120102.7109375000,133214.0156250000,153038.6406250000,,,
43.0239999304,336,175997.0781250000,195816.4062500000,165941.9687500000,165471.6406250000,132691.7343750000,120768.5156250000,133968.5000000000,149966.9375000000,,,
43.0279999303,336,175887.7656250000,184291.2812500000,165746.3437500000,165264.7343750000,132451.9218750000,120553.5625000000,133735.0468750000,149167.4531250000,,,
43.0319999305,336,175481.0625000000,195275.0156250000,165113.0781250000,164290.1875000000,131499.4531250000,119658.4843750000,132718.4062500000,152316.0000000000,,,
43.0359999305,336,175372.6718750000,211055.0937500000,165011.3750000000,164061.4687500000,131328.5312500000,119479.9296875000,132507.4531250000,154416.1093750000,,,
43.0399999304,336,175672.0000000000,211183.1875000000,165478.6718750000,164714.5000000000,131990.7500000000,120098.7656250000,133200.7656250000,153065.5937500000,,,
43.0439999304,336,175997.9687500000,195764.5625000000,165944.2500000000,165456.1406250000,132693.1562500000,120771.4140625000,133955.9687500000,149987.4843750000,,,
43.0479999303,336,175906.4218750000,184183.8125000000,165762.1250000000,165268.0312500000,132468.9062500000,120572.1015625000,133733.3437500000,149176.4062500000,,,
43.0519999305,336,175503.0156250000,195122.1718750000,165132.0156250000,164295.6250000000,131518.4062500000,119673.5078125000,132720.1718750000,152320.9531250000,,,
43.0559999305,336,175393.0468750000,210974.7656250000,165030.7968750000,164074.4687500000,131346.5625000000,119489.1328125000,132510.3437500000,154432.6562500000,,,
43.0599999304,336,175684.1250000000,211186.9531250000,165491.0625000000,164737.7031250000,132001.1250000000,120102.9765625000,133201.8437500000,153080.1250000000,,,
43.0639999304,336,176002.6406250000,195814.4218750000,165947.1875000000,165477.0781250000,132696.9218750000,120768.2500000000,133958.9531250000,149988.9687500000,,,
43.0679999304,336,175906.7500000000,184202.9843750000,165762.9531250000,165286.0781250000,132473.8437500000,120566.4687500000,133742.4375000000,149158.0937500000,,,
43.0719999303,336,175505.6250000000,195080.9218750000,165135.4843750000,164323.9531250000,131527.6406250000,119672.6484375000,132733.4218750000,152302.1250000000,,,
43.0759999305,336,175390.0468750000,210969.2812500000,165028.4062500000,164096.4218750000,131347.2031250000,119488.0859375000,132518.0625000000,154428.8437500000,,,
43.0799999305,336,175675.8125000000,211301.0000000000,165480.2968750000,164728.7500000000,131992.9531250000,120096.8906250000,133197.9218750000,153095.2812500000,,,
43.0839999304,336,175995.7187500000,195979.5468750000,165937.9218750000,165454.7343750000,132692.6250000000,120767.5234375000,133954.7968750000,149997.6562500000,,,
43.0879999304,336,175894.9531250000,184237.9531250000,165748.4218750000,165265.1406250000,132465.5000000000,120566.6250000000,133730.9062500000,149137.7343750000,,,
43.0919999303,336,175490.8750000000,195036.1562500000,165118.0468750000,164295.9531250000,131511.5156250000,119669.8593750000,132715.4218750000,152288.2812500000,,,
43.0959999305,336,175371.7031250000,210982.1562500000,165007.9687500000,164049.6093750000,131325.9843750000,119478.5625000000,132492.0781250000,154434.0000000000,,,
43.0999999305,336,175658.3437500000,211466.1406250000,165461.6875000000,164690.9062500000,131972.4531250000,120086.4609375000,133176.0625000000,153118.4531250000,,,
43.1039999304,336,175982.3906250000,196211.3437500000,165926.8593750000,165444.7031250000,132683.9062500000,120764.1718750000,133947.6562500000,150005.6250000000,,,
43.1079999304,336,175888.5312500000,184296.3281250000,165748.5468750000,165264.8437500000,132471.8281250000,120571.6953125000,133742.9531250000,149107.0000000000,,,
43.1119999303,336,175486.5781250000,195000.8906250000,165119.1406250000,164293.9843750000,131517.5468750000,119675.9218750000,132726.0000000000,152257.4687500000,,,
43.1159999303,336,175363.5000000000,210988.0937500000,164999.5156250000,164045.3750000000,131318.2031250000,119476.8203125000,132489.5781250000,154420.8593750000,,,
43.1199999305,336,175646.3281250000,211452.9375000000,165447.1562500000,164687.0937500000,131959.7656250000,120080.1015625000,133164.4218750000,153094.7500000000,,,
43.1239999305,336,175970.3125000000,196171.1406250000,165912.4531250000,165432.7968750000,132670.8437500000,120758.1328125000,133932.1250000000,149979.0625000000,,,
43.1279999304,336,175874.8281250000,184294.7656250000,165734.0156250000,165241.8750000000,132459.2500000000,120564.7500000000,133725.6718750000,149086.5312500000,,,
43.1319999304,336,175477.2187500000,194934.8437500000,165109.3281250000,164277.0937500000,131509.4843750000,119669.6718750000,132714.7812500000,152239.6250000000,,,
43.1359999303,337,175363.5468750000,210959.5000000000,165001.4218750000,164043.0468750000,131320.4375000000,119476.8437500000,132487.1718750000,154430.1562500000,,,
43.1399999303,337,175647.5625000000,211525.5468750000,165449.7812500000,164678.2968750000,131962.1875000000,120078.6250000000,133162.1406250000,153118.6406250000,,,
43.1439999302,337,175969.9687500000,196301.6562500000,165910.0937500000,165425.2343750000,132672.4843750000,120755.3203125000,133934.0000000000,149990.9218750000,,,
43.1479999302,337,175884.4062500000,184328.4062500000,165740.9375000000,165260.2812500000,132470.4062500000,120575.6640625000,133742.2500000000,149080.0937500000,,,
43.1519999302,337,175486.9843750000,194886.2500000000,165117.1093750000,164303.0000000000,131516.4531250000,119681.0156250000,132726.8750000000,152239.2343750000,,,
43.1559999301,337,175367.1718750000,210938.6875000000,165001.6562500000,164048.4375000000,131316.9218750000,119480.7890625000,132490.1250000000,154445.1093750000,,,
43.1599999303,337,175648.9843750000,211495.9843750000,165450.0000000000,164675.4843750000,131961.5937500000,120082.6250000000,133169.1250000000,153121.1406250000,,,
43.1639999303,337,175974.1562500000,196265.0156250000,165913.4062500000,165421.3281250000,132673.8281250000,120757.4921875000,133936.5625000000,149986.9687500000,,,
43.1679999302,337,175889.9062500000,184328.5625000000,165748.2812500000,165259.4531250000,132476.2187500000,120579.0703125000,133742.6250000000,149079.5000000000,,,
43.1719999302,337,175505.1406250000,194810.3750000000,165139.7187500000,164307.7968750000,131539.6718750000,119696.0625000000,132743.1562500000,152241.5000000000,,,
43.1759999301,337,175395.0625000000,210889.8906250000,165033.5000000000,164060.6093750000,131347.5468750000,119497.0703125000,132512.3750000000,154465.5156250000,,,
43.1799999303,337,175665.0000000000,211498.7812500000,165468.1562500000,164684.5156250000,131976.9375000000,120085.0859375000,133176.9843750000,153139.0312500000,,,
43.1839999303,337,175983.3750000000,196300.0625000000,165921.9531250000,165429.9375000000,132679.4531250000,120758.9375000000,133936.2812500000,149999.6875000000,,,
43.1879999302,337,175899.2968750000,184329.6406250000,165755.9843750000,165268.2187500000,132481.8593750000,120588.2734375000,133743.7031250000,149081.1093750000,,,
43.1919999302,337,175498.0000000000,194736.5312500000,165131.7187500000,164299.3750000000,131529.2500000000,119695.0390625000,132732.4843750000,152226.9687500000,,,
43.1959999301,337,175378.3281250000,210861.5625000000,165014.9687500000,164051.5937500000,131324.1406250000,119488.0000000000,132489.2343750000,154463.7968750000,,,
43.1999999301,337,175656.2500000000,211575.0625000000,165456.1093750000,164683.5312500000,131959.2812500000,120081.3046875000,133160.5156250000,153158.7656250000,,,
43.2039999303,337,175972.3281250000,196425.4687500000,165911.5000000000,165425.9687500000,132664.1718750000,120753.3046875000,133928.3750000000,150007.3125000000,,,
43.2079999303,337,175876.4687500000,184343.3750000000,165735.5625000000,165264.7656250000,132459.9687500000,120571.4531250000,133734.4531250000,149050.5312500000,,,
43.2119999302,337,175469.8125000000,194667.1093750000,165103.8750000000,164293.4531250000,131501.5156250000,119672.8906250000,132718.0000000000,152190.6562500000,,,
43.2159999302,337,175354.7187500000,210826.0312500000,164992.3750000000,164035.0156250000,131302.7812500000,119471.7187500000,132484.4843750000,154447.8437500000,,,
43.2199999301,337,175646.0156250000,211641.3125000000,165444.5156250000,164675.6718750000,131949.5000000000,120078.4609375000,133165.6406250000,153168.8593750000,,,
43.2239999303,337,175980.8906250000,196546.2343750000,165918.5468750000,165430.8750000000,132675.9218750000,120769.7734375000,133949.5156250000,150022.7812500000,,,
43.2279999303,337,175905.4531250000,184364.5625000000,165765.2343750000,165282.1875000000,132496.9375000000,120607.3671875000,133776.8906250000,149050.4062500000,,,
43.2319999302,337,175512.0937500000,194604.9062500000,165145.9687500000,164316.5468750000,131547.4375000000,119715.1328125000,132765.3906250000,152195.6093750000,,,
43.2359999302,337,175387.4687500000,210811.5937500000,165023.3906250000,164042.9843750000,131333.8125000000,119498.1718750000,132515.0937500000,154470.4218750000,,,
43.2399999301,337,175664.9531250000,211714.2500000000,165464.7656250000,164679.0000000000,131967.4687500000,120086.5390625000,133181.1875000000,153190.2031250000,,,
43.2439999301,337,175979.0312500000,196653.7656250000,165915.4687500000,165426.2343750000,132672.4218750000,120757.8671875000,133948.0625000000,150016.9375000000,,,
43.2479999303,337,175883.1406250000,184369.6093750000,165738.9218750000,165268.7343750000,132471.5000000000,120583.3906250000,133762.5000000000,149006.5000000000,,,
43.2519999302,337,175479.2812500000,194507.2500000000,165111.9843750000,164295.8437500000,131514.1718750000,119687.1796875000,132751.4531250000,152150.0937500000,,,
43.2559999302,337,175361.0000000000,210736.4687500000,164995.8125000000,164034.2968750000,131305.1718750000,119477.1953125000,132505.7031250000,154450.3125000000,,,
43.2599999302,337,175646.8750000000,211702.5156250000,165443.3906250000,164674.5937500000,131943.5625000000,120077.0390625000,133179.2343750000,153184.5781250000,,,
43.2639999301,338,175973.8906250000,196677.7812500000,165908.9687500000,165430.5000000000,132662.2343750000,120758.5390625000,133955.7031250000,150009.6093750000,,,
43.2679999301,338,175900.6562500000,184362.0156250000,165758.6562500000,165297.8906250000,132491.0000000000,120604.0468750000,133789.0000000000,149001.6875000000,,,
43.2719999300,338,175510.0468750000,194435.3437500000,165144.5468750000,164343.9375000000,131549.7343750000,119720.6015625000,132786.7656250000,152162.0937500000,,,
43.2759999300,338,175380.9218750000,210698.8437500000,165017.0000000000,164053.2343750000,131327.3750000000,119493.8750000000,132526.3906250000,154473.2343750000,,,
43.2799999299,338,175646.7343750000,211719.2031250000,165445.9687500000,164659.3906250000,131947.4843750000,120069.2890625000,133177.2812500000,153188.0937500000,,,
43.2839999299,338,175965.1093750000,196711.3906250000,165903.2343750000,165403.6250000000,132659.7500000000,120750.5156250000,133950.6875000000,149989.5468750000,,,
43.2879999301,338,175896.1875000000,184345.1093750000,165755.0625000000,165274.0937500000,132490.7968750000,120604.0937500000,133791.0468750000,148968.4062500000,,,
43.2919999301,338,175508.3281250000,194336.7968750000,165142.7812500000,164327.4062500000,131550.1718750000,119724.6250000000,132789.1875000000,152132.9843750000,,,
43.2959999300,338,175379.8281250000,210630.8750000000,165013.2968750000,164058.1718750000,131323.8437500000,119498.5156250000,132522.2187500000,154466.4218750000,,,
43.2999999300,338,175638.1562500000,211712.6093750000,165433.4375000000,164663.5625000000,131933.0312500000,120066.9843750000,133166.7343750000,153184.7343750000,,,
43.3039999299,338,175957.3125000000,196749.6875000000,165891.2656250000,165412.1718750000,132646.0156250000,120745.6640625000,133941.1406250000,149984.5625000000,,,
43.3079999301,338,175879.3593750000,184319.7968750000,165736.7187500000,165274.0625000000,132473.7343750000,120595.9140625000,133778.7343750000,148940.8281250000,,,
43.3119999301,338,175493.1562500000,194238.5156250000,165127.7187500000,164319.0937500000,131536.2968750000,119721.9687500000,132782.4843750000,152109.2187500000,,,
43.3159999300,338,175368.9843750000,210570.8906250000,165002.7968750000,164057.8437500000,131312.2812500000,119493.2031250000,132519.1718750000,154462.9375000000,,,
43.3199999300,338,175629.8125000000,211737.5000000000,165420.8125000000,164671.5312500000,131920.5468750000,120060.5468750000,133159.6875000000,153194.3125000000,,,
43.3239999299,338,175950.8750000000,196814.0000000000,165879.5781250000,165416.6250000000,132636.1875000000,120738.7968750000,133933.9531250000,149984.8281250000,,,
43.3279999299,338,175877.8125000000,184299.0000000000,165731.7343750000,165276.4218750000,132472.8750000000,120593.1796875000,133781.2031250000,148920.3125000000,,,
43.3319999301,338,175487.8437500000,194131.5000000000,165118.2343750000,164328.0312500000,131528.7343750000,119712.7968750000,132776.5781250000,152084.8437500000,,,
43.3359999300,338,175367.6562500000,210506.7343750000,164993.9062500000,164067.8750000000,131304.3750000000,119485.6718750000,132509.0000000000,154464.9218750000,,,
43.3399999300,338,175636.3281250000,211753.4375000000,165422.3437500000,164680.8437500000,131923.6875000000,120058.5390625000,133161.8593750000,153213.1406250000,,,
43.3439999300,338,175952.3437500000,196873.6093750000,165875.7656250000,165414.9687500000,132637.2968750000,120734.5312500000,133930.5156250000,149994.9375000000,,,
43.3479999299,338,175879.5312500000,184299.9218750000,165729.1093750000,165279.4375000000,132475.1875000000,120588.1875000000,133776.3750000000,148910.4218750000,,,
43.3519999301,338,175492.6406250000,194041.9687500000,165119.3281250000,164336.7656250000,131532.1406250000,119708.2890625000,132776.6875000000,152072.7968750000,,,
43.3559999301,338,175357.0781250000,210437.8281250000,164980.7656250000,164051.0000000000,131287.8437500000,119465.1796875000,132494.3906250000,154455.5937500000,,,
43.3599999300,338,175623.9843750000,211743.6718750000,165409.9687500000,164657.7187500000,131904.2187500000,120035.4453125000,133146.1875000000,153205.7343750000,,,
43.3639999300,338,175942.2812500000,196899.4687500000,165865.4375000000,165404.8750000000,132620.5781250000,120719.3750000000,133922.2812500000,149984.1406250000,,,
43.3679999299,338,175874.3750000000,184295.4687500000,165725.1875000000,165283.3281250000,132468.0468750000,120585.7734375000,133777.8281250000,148894.8906250000,,,
43.3719999299,338,175484.7031250000,193968.2968750000,165115.5000000000,164329.7187500000,131526.3750000000,119705.3671875000,132774.5625000000,152052.6562500000,,,
43.3759999301,338,175362.3906250000,210396.4531250000,164992.3750000000,164050.8750000000,131298.5156250000,119472.7109375000,132504.1718750000,154459.2656250000,,,
43.3799999300,338,175626.3437500000,211746.3750000000,165415.7656250000,164655.4218750000,131910.5000000000,120038.9843750000,133145.3593750000,153210.7187500000,,,
43.3839999300,338,175954.2968750000,196922.0781250000,165881.6093750000,165406.5156250000,132635.7343750000,120722.1640625000,133926.6093750000,149984.9062500000,,,
43.3879999300,338,175888.2187500000,184281.5781250000,165742.6718750000,165285.2500000000,132485.1875000000,120586.2343750000,133784.5468750000,148881.1562500000,,,
43.3919999299,339,175506.7031250000,193863.6875000000,165139.3750000000,164332.2968750000,131551.2343750000,119715.9609375000,132788.0312500000,152043.1562500000,,,
43.3959999299,339,175381.7343750000,210325.6562500000,165009.8906250000,164043.8125000000,131315.6875000000,119485.1093750000,132506.2187500000,154472.6718750000,,,
43.3999999298,339,175665.1875000000,211757.9687500000,165453.1875000000,164668.9062500000,131945.8125000000,120068.0000000000,133153.7187500000,153249.7187500000,,,
43.4039999298,339,176004.3593750000,196980.9218750000,165929.2812500000,165442.2968750000,132680.6562500000,120749.9843750000,133935.1406250000,150029.7500000000,,,
43.4079999297,339,175933.3281250000,184296.2500000000,165786.4218750000,165322.6093750000,132529.7656250000,120621.9609375000,133820.2500000000,148912.6250000000,,,
43.4119999297,339,175538.4843750000,193809.0468750000,165171.7343750000,164369.3281250000,131585.3593750000,119754.0000000000,132838.0781250000,152068.1562500000,,,
43.4159999299,339,175389.8281250000,210280.2031250000,165021.0625000000,164064.5000000000,131323.3125000000,119483.4687500000,132527.1875000000,154489.2500000000,,,
43.4199999298,339,175645.4687500000,211765.9062500000,165437.1406250000,164669.6250000000,131927.2656250000,120031.8437500000,133156.8437500000,153248.4062500000,,,
43.4239999298,339,175963.4531250000,197009.1718750000,165894.9687500000,165427.2187500000,132649.6093750000,120711.0390625000,133950.7656250000,150000.0312500000,,,
43.4279999298,339,175890.4687500000,184256.9531250000,165751.1250000000,165310.9531250000,132498.1718750000,120567.6718750000,133814.7812500000,148858.6718750000,,,
43.4319999297,339,175510.7500000000,193697.5000000000,165151.6250000000,164374.4062500000,131565.4062500000,119690.9375000000,132829.1250000000,152019.8281250000,,,
43.4359999299,339,175388.2187500000,210221.9375000000,165025.7812500000,164087.0781250000,131329.1562500000,119447.2031250000,132562.4062500000,154480.7812500000,,,
43.4399999299,339,175669.6406250000,211803.5000000000,165470.0312500000,164702.9687500000,131961.6718750000,120025.4375000000,133230.5937500000,153276.0156250000,,,
43.4439999298,339,176002.9375000000,197114.2031250000,165944.6406250000,165456.6718750000,132699.2031250000,120709.7187500000,134015.6250000000,150041.6718750000,,,
43.4479999298,339,175936.4687500000,184286.5312500000,165806.1875000000,165349.0312500000,132554.5000000000,120580.1484375000,133862.7187500000,148887.6406250000,,,
43.4519999297,339,175554.5156250000,193640.7343750000,165200.3125000000,164423.3281250000,131613.6250000000,119707.4062500000,132887.6718750000,152046.4062500000,,,
43.4559999297,339,175415.7656250000,210183.6718750000,165053.7187500000,164124.1250000000,131353.4843750000,119450.4531250000,132619.3750000000,154512.9062500000,,,
43.4599999299,339,175666.7656250000,211824.2968750000,165463.7500000000,164705.5000000000,131952.2031250000,119999.3906250000,133256.1875000000,153292.0781250000,,,
43.4639999298,339,175988.9531250000,197177.4687500000,165925.6093750000,165466.3593750000,132679.8125000000,120673.7500000000,134030.0312500000,150036.9218750000,,,
43.4679999298,339,175935.1562500000,184278.5468750000,165805.4375000000,165368.4218750000,132554.5156250000,120551.0390625000,133915.6406250000,148863.5625000000,,,
43.4719999298,339,175562.7500000000,193545.1250000000,165218.4062500000,164419.1406250000,131630.2031250000,119678.0078125000,132942.9531250000,152016.8125000000,,,
43.4759999297,339,175421.5937500000,210112.0312500000,165071.9843750000,164093.6250000000,131369.2031250000,119416.8984375000,132640.3750000000,154499.5000000000,,,
43.4799999299,339,175676.9687500000,211834.2500000000,165487.0937500000,164700.1562500000,131972.5000000000,119967.1250000000,133254.7343750000,153296.5312500000,,,
43.4839999299,339,176002.2343750000,197225.7031250000,165951.9218750000,165459.9375000000,132706.0937500000,120652.9687500000,134025.6093750000,150038.1562500000,,,
43.4879999298,339,175929.0156250000,184270.9531250000,165806.9218750000,165342.6718750000,132557.5000000000,120519.6875000000,133917.7031250000,148832.2031250000,,,
43.4919999298,339,175558.2968750000,193447.8281250000,165217.2343750000,164412.1718750000,131633.3437500000,119651.5625000000,132922.2031250000,151985.4843750000,,,
43.4959999297,339,175445.4375000000,210065.4843750000,165100.8750000000,164131.3906250000,131399.9687500000,119406.0859375000,132646.9531250000,154513.5312500000,,,
43.4999999297,339,175698.9531250000,211885.9843750000,165514.8750000000,164726.7968750000,131993.4843750000,119952.8828125000,133308.9218750000,153324.3437500000,,,
43.5039999299,339,176003.6875000000,197328.3750000000,165959.7187500000,165468.6406250000,132705.8281250000,120621.2109375000,134063.6718750000,150039.4687500000,,,
43.5079999298,339,175951.6406250000,184313.7343750000,165835.1093750000,165378.4843750000,132583.5468750000,120515.6406250000,133945.7343750000,148830.5625000000,,,
43.5119999298,339,175570.6406250000,193398.2656250000,165228.3593750000,164462.6718750000,131640.0781250000,119642.7421875000,132994.5937500000,151975.6406250000,,,
43.5159999297,339,175421.9375000000,210034.4843750000,165073.1093750000,164129.5156250000,131365.4687500000,119371.8593750000,132688.6562500000,154493.5781250000,,,
43.5199999297,340,175666.4218750000,211896.7968750000,165480.4687500000,164697.8281250000,131960.5468750000,119910.7187500000,133284.0312500000,153307.1562500000,,,
43.5239999297,340,175987.5937500000,197384.4843750000,165941.3281250000,165463.4531250000,132691.1250000000,120599.5390625000,134037.2187500000,150045.0468750000,,,
43.5279999296,340,175944.3593750000,184331.7031250000,165828.1093750000,165384.0312500000,132579.8125000000,120508.0234375000,133988.7812500000,148834.2187500000,,,
43.5319999296,340,175563.2968750000,193332.5781250000,165224.5000000000,164455.4062500000,131642.9218750000,119632.6015625000,133005.9062500000,151968.4531250000,,,
43.5359999295,340,175434.7031250000,209996.7187500000,165088.9375000000,164143.5937500000,131389.2031250000,119374.9453125000,132692.5937500000,154519.1562500000,,,
43.5399999295,340,175687.0781250000,211936.5937500000,165502.7187500000,164720.8906250000,131988.2812500000,119923.1640625000,133324.0156250000,153356.2812500000,,,
43.5439999297,340,176007.5156250000,197448.6250000000,165968.9687500000,165471.1093750000,132717.6562500000,120600.0468750000,134129.9687500000,150086.5625000000,,,
43.5479999296,340,175974.2812500000,184316.4062500000,165869.7656250000,165409.7812500000,132622.0781250000,120513.8906250000,134040.4062500000,148864.7968750000,,,
43.5519999296,340,175614.8437500000,193254.0468750000,165279.8593750000,164490.5468750000,131703.5312500000,119669.5859375000,133060.6250000000,152028.9218750000,,,
43.5559999296,340,175456.6250000000,209945.7031250000,165105.8437500000,164169.9375000000,131410.0468750000,119386.0000000000,132729.2656250000,154575.4843750000,,,
43.5599999295,340,175689.2968750000,211948.7500000000,165500.1718750000,164743.9218750000,131984.0625000000,119909.0859375000,133333.7812500000,153396.2031250000,,,
43.5639999297,340,175987.9062500000,197476.8125000000,165949.0781250000,165483.5000000000,132695.2343750000,120568.5000000000,134106.9843750000,150110.9218750000,,,
43.5679999297,340,175930.8281250000,184215.6093750000,165825.9531250000,165404.5312500000,132576.3750000000,120462.2578125000,133998.3593750000,148856.1250000000,,,
43.5719999296,340,175560.5000000000,193055.0312500000,165223.7031250000,164476.7812500000,131646.1562500000,119604.7031250000,133010.3593750000,152009.8125000000,,,
43.5759999296,340,175434.3593750000,209816.3593750000,165084.9218750000,164162.0781250000,131385.9062500000,119352.8203125000,132707.2968750000,154596.1718750000,,,
43.5799999295,340,175685.1718750000,211919.5937500000,165501.4062500000,164738.8593750000,131981.7031250000,119894.5156250000,133328.3125000000,153442.0312500000,,,
43.5839999295,340,175995.9531250000,197503.6562500000,165961.4062500000,165501.4687500000,132706.0625000000,120572.2578125000,134106.7343750000,150141.9062500000,,,
43.5879999297,340,175934.4531250000,184212.1562500000,165832.7500000000,165410.0625000000,132584.2968750000,120467.2265625000,133996.8281250000,148844.4843750000,,,
43.5919999296,340,175576.4375000000,192974.9375000000,165241.4843750000,164480.7187500000,131663.9218750000,119622.8671875000,133017.2343750000,151986.2187500000,,,
43.5959999296,340,175443.4531250000,209769.6406250000,165093.5781250000,164157.5468750000,131392.2343750000,119355.3906250000,132701.4218750000,154598.3125000000,,,
43.5999999295,340,175699.8437500000,211940.6562500000,165518.0468750000,164752.1562500000,131994.2656250000,119902.1640625000,133333.1093750000,153469.3750000000,,,
43.6039999295,340,175998.6093750000,197545.9843750000,165969.2187500000,165499.5937500000,132710.7031250000,120569.3906250000,134110.0156250000,150166.2343750000,,,
43.6079999297,340,175936.8750000000,184205.1250000000,165839.0000000000,165401.3437500000,132588.7500000000,120468.6953125000,133999.2343750000,148856.2656250000,,,
43.6119999296,340,175573.9375000000,192868.5000000000,165236.5156250000,164462.0781250000,131659.0937500000,119615.2187500000,133008.8906250000,151982.5937500000,,,
43.6159999296,340,175445.1406250000,209700.5156250000,165091.0937500000,164142.0468750000,131388.9062500000,119346.3281250000,132696.4843750000,154611.3750000000,,,
43.6199999296,340,175702.6093750000,211967.6093750000,165510.9375000000,164723.8125000000,131986.9687500000,119914.0468750000,133332.6562500000,153511.2968750000,,,
43.6239999295,340,175987.9687500000,197667.0000000000,165952.2343750000,165489.0000000000,132693.5625000000,120578.4843750000,134108.7812500000,150198.5781250000,,,
43.6279999295,340,175969.1875000000,184344.3281250000,165872.4687500000,165439.7812500000,132615.4531250000,120511.3750000000,134039.5468750000,148899.6406250000,,,
43.6319999297,340,175600.5781250000,192950.4218750000,165262.1250000000,164526.6093750000,131676.0156250000,119651.5078125000,133032.6562500000,152025.1093750000,,,
43.6359999296,340,175422.6562500000,209781.1250000000,165058.5000000000,164177.2031250000,131352.5156250000,119338.8203125000,132668.8125000000,154627.5937500000,,,
43.6399999296,340,175670.3125000000,212098.7968750000,165470.9218750000,164753.0156250000,131944.0000000000,119885.3984375000,133291.7031250000,153518.1875000000,,,
43.6439999295,340,175990.6718750000,197805.1093750000,165954.9531250000,165519.2812500000,132690.3125000000,120567.4296875000,134099.0468750000,150228.2968750000,,,
43.6479999295,341,175958.2656250000,184361.5312500000,165860.0156250000,165456.7187500000,132607.2187500000,120504.1875000000,134023.0625000000,148912.9062500000,,,
43.6519999295,341,175604.0937500000,192843.4531250000,165262.1562500000,164538.7656250000,131684.5468750000,119653.6562500000,133032.1875000000,152029.7500000000,,,
43.6559999294,341,175474.7031250000,209724.9843750000,165106.9687500000,164208.0468750000,131403.6875000000,119380.0703125000,132701.8750000000,154703.7187500000,,,
43.6599999294,341,175722.2343750000,212126.5312500000,165524.3750000000,164794.4375000000,131997.1250000000,119922.7109375000,133324.6562500000,153625.6093750000,,,
43.6639999293,341,176007.3593750000,197858.3750000000,165974.3593750000,165547.6562500000,132712.3906250000,120583.6562500000,134109.1562500000,150312.6562500000,,,
43.6679999293,341,175961.4062500000,184338.5625000000,165865.5781250000,165493.4687500000,132613.0937500000,120500.4062500000,134021.5781250000,148955.5937500000,,,
43.6719999295,341,175592.5000000000,192726.1562500000,165247.5468750000,164550.0312500000,131669.2343750000,119644.3984375000,133014.0156250000,152045.4062500000,,,
43.6759999294,341,175442.5156250000,209629.6875000000,165072.9843750000,164206.7656250000,131367.4843750000,119354.0000000000,132665.0000000000,154698.5468750000,,,
43.6799999294,341,175663.3906250000,212097.7968750000,165460.7031250000,164757.2343750000,131931.9218750000,119869.9453125000,133258.4062500000,153601.8750000000,,,
43.6839999293,341,175988.7656250000,197899.7343750000,165950.4687500000,165518.8750000000,132683.1250000000,120572.1250000000,134070.3125000000,150330.4375000000,,,
43.6879999293,341,175963.4531250000,184335.2656250000,165867.1250000000,165475.3906250000,132613.5781250000,120510.4609375000,134004.7343750000,148987.9531250000,,,
43.6919999295,341,175608.4062500000,192634.4843750000,165265.7500000000,164555.9531250000,131689.1250000000,119652.6093750000,133016.4531250000,152076.8437500000,,,
43.6959999294,341,175452.4375000000,209575.2031250000,165080.2812500000,164211.5937500000,131379.6250000000,119356.1953125000,132670.0625000000,154754.4687500000,,,
43.6999999294,341,175670.4218750000,212097.0781250000,165468.4687500000,164758.3593750000,131944.2031250000,119873.1406250000,133260.9062500000,153662.0000000000,,,
43.7039999294,341,175983.5156250000,197912.8750000000,165948.0468750000,165522.8125000000,132688.2031250000,120564.7500000000,134059.3437500000,150363.0000000000,,,
43.7079999293,341,175958.4375000000,184289.6250000000,165859.3281250000,165501.5937500000,132614.3125000000,120505.3359375000,134016.7031250000,148984.8281250000,,,
43.7119999293,341,175595.9062500000,192512.1250000000,165238.5312500000,164577.1250000000,131672.5625000000,119644.4531250000,133020.1250000000,152051.3906250000,,,
43.7159999295,341,175430.6562500000,209496.9375000000,165046.3750000000,164183.9687500000,131352.8593750000,119337.5312500000,132646.5781250000,154725.3750000000,,,
43.7199999294,341,175647.3593750000,212103.9375000000,165441.3906250000,164735.8750000000,131923.0000000000,119846.9062500000,133243.9218750000,153633.8906250000,,,
43.7239999294,341,175968.8437500000,197962.5000000000,165935.6562500000,165509.5312500000,132679.6250000000,120547.5000000000,134066.6406250000,150345.9062500000,,,
43.7279999293,341,175954.3906250000,184282.0312500000,165861.3593750000,165474.5156250000,132619.0000000000,120502.3593750000,134018.3906250000,148959.5312500000,,,
43.7319999293,341,175606.4687500000,192428.6250000000,165256.7187500000,164560.3125000000,131691.4687500000,119650.3046875000,133022.7031250000,152021.4843750000,,,
43.7359999295,341,175462.7031250000,209430.4687500000,165081.1093750000,164208.2968750000,131385.5625000000,119360.2187500000,132664.8906250000,154718.9375000000,,,
43.7399999294,341,175696.8593750000,212089.6406250000,165494.9687500000,164771.6875000000,131969.0937500000,119890.7656250000,133268.0156250000,153659.5156250000,,,
43.7439999294,341,176002.7187500000,197956.8125000000,165970.9843750000,165532.6562500000,132706.7656250000,120582.6640625000,134072.8906250000,150359.2343750000,,,
43.7479999294,341,175968.7812500000,184206.6562500000,165871.6093750000,165492.7500000000,132623.6875000000,120524.8359375000,134031.9062500000,148943.7031250000,,,
43.7519999293,341,175608.2187500000,192264.0937500000,165250.4843750000,164563.1250000000,131682.9375000000,119672.8359375000,133038.2031250000,151987.7968750000,,,
43.7559999293,341,175437.5156250000,209335.5468750000,165050.2343750000,164187.3125000000,131352.4375000000,119355.6093750000,132654.4531250000,154694.8906250000,,,
43.7599999295,341,175654.4531250000,212112.1718750000,165448.1093750000,164748.3750000000,131925.3750000000,119873.1171875000,133257.0156250000,153644.1406250000,,,
43.7639999294,341,175985.2343750000,198046.1875000000,165958.3593750000,165552.0312500000,132696.8437500000,120590.0390625000,134082.9531250000,150364.9062500000,,,
43.7679999294,341,175942.9062500000,184212.1562500000,165852.8906250000,165510.8593750000,132612.2968750000,120524.3046875000,134014.4531250000,148920.2343750000,,,
43.7719999293,341,175571.9843750000,192203.4531250000,165220.2968750000,164565.1562500000,131660.5625000000,119646.2812500000,132954.4062500000,151934.5312500000,,,
43.7759999293,342,175406.1093750000,209320.4531250000,165024.4062500000,164189.6562500000,131338.4062500000,119322.6718750000,132561.9218750000,154641.3281250000,,,
43.7799999292,342,175633.1562500000,212178.3125000000,165422.6562500000,164750.4687500000,131899.5781250000,119856.4062500000,133252.1562500000,153613.3750000000,,,
43.7839999292,342,175981.6093750000,198112.0937500000,165944.4375000000,165556.2968750000,132674.4375000000,120593.9609375000,134111.4375000000,150360.5468750000,,,
43.7879999292,342,175966.4218750000,184226.2343750000,165875.0937500000,165545.8906250000,132622.2968750000,120541.5781250000,134059.9687500000,148936.1875000000,,,
43.7919999291,342,175586.4062500000,192139.2968750000,165228.7187500000,164600.3437500000,131663.8593750000,119658.3203125000,133033.9843750000,151956.5000000000,,,
43.7959999291,342,175409.1718750000,209303.0156250000,165013.3906250000,164208.6718750000,131321.0468750000,119329.2968750000,132639.3593750000,154687.0937500000,,,
43.7999999293,342,175653.8437500000,212219.2031250000,165437.8906250000,164783.0312500000,131915.9375000000,119867.6953125000,133258.0156250000,153689.3906250000,,,
43.8039999292,342,176000.7656250000,198191.7031250000,165965.4375000000,165581.8750000000,132701.6718750000,120597.7968750000,134107.8906250000,150433.0781250000,,,
43.8079999292,342,175997.9375000000,184239.2500000000,165910.1875000000,165566.9687500000,132663.1562500000,120559.2265625000,134060.7343750000,149000.7031250000,,,
43.8119999291,342,175637.3750000000,192091.3906250000,165286.4062500000,164621.4062500000,131726.8906250000,119687.3750000000,133024.5156250000,152014.3750000000,,,
43.8159999291,342,175467.1875000000,209321.7187500000,165073.8750000000,164249.2031250000,131382.0781250000,119355.3906250000,132670.4687500000,154764.7968750000,,,
43.8199999293,342,175678.2500000000,212319.1562500000,165460.9062500000,164793.3593750000,131940.2343750000,119870.2421875000,133283.8593750000,153769.5156250000,,,
43.8239999292,342,176034.5625000000,198315.1093750000,166005.2968750000,165604.8125000000,132740.4843750000,120614.5312500000,134147.1562500000,150523.8750000000,,,
43.8279999292,342,176029.7343750000,184266.9062500000,165949.2031250000,165600.7343750000,132699.7343750000,120588.8593750000,134125.9218750000,149066.4218750000,,,
43.8319999292,342,175651.2968750000,192039.1718750000,165300.2968750000,164654.9531250000,131738.2187500000,119701.3437500000,133094.2656250000,152052.0156250000,,,
43.8359999291,342,175472.5000000000,209338.0937500000,165078.2343750000,164242.7812500000,131390.1406250000,119368.3515625000,132685.7343750000,154809.1562500000,,,
43.8399999291,342,175693.5937500000,212416.2343750000,165479.6093750000,164800.1250000000,131962.2031250000,119889.9609375000,133291.6406250000,153821.4375000000,,,
43.8439999293,342,176037.1875000000,198408.7187500000,166012.4843750000,165610.0156250000,132747.6093750000,120616.0078125000,134149.4375000000,150549.8437500000,,,
43.8479999292,342,176017.8750000000,184264.7500000000,165936.8750000000,165583.3593750000,132691.8750000000,120580.3359375000,134112.9687500000,149057.1406250000,,,
43.8519999292,342,175627.0156250000,191942.8437500000,165267.9843750000,164620.5781250000,131715.7343750000,119688.3671875000,133060.6562500000,152030.9218750000,,,
43.8559999291,342,175446.1093750000,209302.1875000000,165037.1718750000,164233.5000000000,131359.6718750000,119344.3984375000,132642.7031250000,154817.1562500000,,,
43.8599999291,342,175678.8750000000,212460.5156250000,165456.0312500000,164788.5625000000,131945.8437500000,119877.6718750000,133262.7812500000,153863.7656250000,,,
43.8639999293,342,176039.8593750000,198467.2656250000,166016.3906250000,165610.7343750000,132754.9843750000,120631.6406250000,134148.1562500000,150622.5468750000,,,
43.8679999292,342,176041.2656250000,184263.5937500000,165976.5312500000,165613.0937500000,132731.3281250000,120603.1562500000,134141.7968750000,149141.2812500000,,,
43.8719999292,342,175622.3750000000,191877.2656250000,165273.2968750000,164637.5781250000,131726.5468750000,119681.0390625000,133065.2968750000,152092.7500000000,,,
43.8759999292,342,175426.0625000000,209302.4218750000,165024.2500000000,164234.2031250000,131353.5312500000,119325.7265625000,132619.8281250000,154875.0625000000,,,
43.8799999291,342,175662.7968750000,212526.4375000000,165450.6875000000,164803.5468750000,131943.8125000000,119857.7734375000,133246.5312500000,153917.2500000000,,,
43.8839999291,342,176032.7343750000,198522.5000000000,166022.0625000000,165628.6875000000,132758.2031250000,120615.4140625000,134155.6406250000,150659.4062500000,,,
43.8879999293,342,176014.4687500000,184155.9687500000,165959.0312500000,165632.8437500000,132713.2500000000,120574.5625000000,134132.3906250000,149126.7187500000,,,
43.8919999292,342,175617.8281250000,191626.5312500000,165274.3593750000,164664.8281250000,131730.0937500000,119665.6718750000,133059.5312500000,152078.2343750000,,,
43.8959999292,342,175428.7812500000,209042.4375000000,165032.2187500000,164254.4843750000,131363.1875000000,119310.1718750000,132637.3750000000,154887.4843750000,,,
43.8999999291,342,175657.6562500000,212279.5468750000,165451.3593750000,164811.5468750000,131948.2343750000,119848.6562500000,133249.1562500000,153956.1406250000,,,
43.9039999291,343,176026.6406250000,198259.5000000000,166022.4375000000,165647.3437500000,132769.0156250000,120621.7734375000,134151.9843750000,150708.8906250000,,,
43.9079999290,343,176012.5625000000,183769.1562500000,165959.7812500000,165674.1406250000,132730.9062500000,120592.7500000000,134148.5000000000,149154.9531250000,,,
43.9119999290,343,175612.9687500000,191197.2968750000,165265.8281250000,164673.0625000000,131739.2031250000,119675.3515625000,133068.7187500000,152097.6093750000,,,
43.9159999290,343,175420.0000000000,208759.7656250000,165017.5937500000,164241.9218750000,131368.6562500000,119316.7187500000,132625.5468750000,154913.0156250000,,,
43.9199999289,343,175653.2187500000,212103.6406250000,165448.7343750000,164802.7500000000,131963.0937500000,119860.0234375000,133249.0468750000,153970.6406250000,,,
43.9239999289,343,176009.0937500000,198027.0156250000,166018.1406250000,165640.0781250000,132775.6718750000,120614.5859375000,134136.0625000000,150683.4687500000,,,
43.9279999291,343,176005.9375000000,183447.2187500000,165975.2187500000,165645.0468750000,132754.2656250000,120595.4609375000,134124.3125000000,149110.1093750000,,,
43.9319999290,343,175597.7812500000,190867.5156250000,165269.8906250000,164652.7656250000,131751.8125000000,119671.3593750000,133039.0000000000,152018.4843750000,,,
43.9359999290,343,175391.6562500000,208582.7031250000,164998.7343750000,164208.0000000000,131360.9687500000,119295.5234375000,132571.4687500000,154833.7031250000,,,
43.9399999289,343,175624.0156250000,212075.4531250000,165425.6875000000,164774.1875000000,131950.0625000000,119839.0468750000,133202.7812500000,153894.3125000000,,,
43.9439999289,343,175994.1093750000,198013.6562500000,166016.2343750000,165617.4218750000,132777.9218750000,120615.6328125000,134129.4375000000,150611.0468750000,,,
43.9479999291,343,176002.3125000000,183330.9218750000,165983.0625000000,165638.4531250000,132759.0312500000,120606.8046875000,134113.3125000000,149026.9062500000,,,
43.9519999290,343,175617.0156250000,190693.0781250000,165284.0468750000,164662.8750000000,131765.3593750000,119697.0000000000,133059.6875000000,151976.9062500000,,,
43.9559999290,343,175402.3125000000,208463.6718750000,165002.6562500000,164219.8593750000,131361.9218750000,119312.6406250000,132600.7656250000,154854.4375000000,,,
43.9599999289,343,175615.7500000000,211968.5468750000,165427.0312500000,164772.4218750000,131945.6093750000,119841.2265625000,133208.7968750000,153944.0468750000,,,
43.9639999289,343,175981.5625000000,197810.3437500000,166027.7187500000,165621.9531250000,132784.1406250000,120623.0859375000,134133.1093750000,150641.2500000000,,,
43.9679999289,343,175994.5937500000,182921.6718750000,166001.3750000000,165656.3593750000,132773.9843750000,120634.0312500000,134145.9062500000,149038.6875000000,,,
43.9719999291,343,175618.5781250000,190128.4062500000,165311.1093750000,164661.5312500000,131788.9062500000,119720.6562500000,133064.8437500000,151997.2656250000,,,
43.9759999290,343,175394.8437500000,207936.7343750000,165011.4531250000,164183.4218750000,131379.1562500000,119319.6640625000,132578.9218750000,154892.3593750000,,,
43.9799999290,343,175601.6406250000,211511.2812500000,165424.8593750000,164736.8437500000,131956.7343750000,119842.1328125000,133193.9375000000,153964.4531250000,,,
43.9839999289,343,175965.2968750000,197420.2656250000,166019.3125000000,165600.7343750000,132782.0468750000,120612.7890625000,134112.0468750000,150622.4218750000,,,
43.9879999289,343,175987.7031250000,182508.7968750000,165994.5312500000,165634.7187500000,132766.4375000000,120626.4375000000,134156.5000000000,148992.7343750000,,,
43.9919999291,343,175600.7031250000,189807.4375000000,165273.8281250000,164625.5625000000,131757.8750000000,119704.3515625000,133065.7187500000,151961.5937500000,,,
43.9959999290,343,175414.7031250000,207898.5625000000,165002.7968750000,164176.4218750000,131365.4687500000,119317.4687500000,132605.7187500000,154885.5000000000,,,
43.9999999290,343,175654.3281250000,211668.5625000000,165451.9218750000,164744.9218750000,131967.0625000000,119874.0781250000,133267.3906250000,153974.8593750000,,,
44.0039999289,343,176018.8437500000,197528.0156250000,166056.8906250000,165599.8281250000,132804.3437500000,120675.1718750000,134203.5625000000,150640.0937500000,,,
44.0079999289,343,176031.6875000000,182442.7812500000,166034.1562500000,165640.1406250000,132797.7500000000,120684.6406250000,134218.8281250000,148982.5937500000,,,
44.0119999289,343,175628.8750000000,189693.9218750000,165291.0156250000,164629.0000000000,131767.9843750000,119735.3593750000,133101.6875000000,151928.9687500000,,,
44.0159999290,343,175418.1875000000,207897.8593750000,164988.7656250000,164155.2656250000,131346.9062500000,119328.6250000000,132616.1093750000,154847.7500000000,,,
44.0199999290,343,175658.8125000000,211721.8906250000,165443.1250000000,164715.7187500000,131955.7500000000,119880.9218750000,133258.3593750000,153930.7968750000,,,
44.0239999290,343,176029.8281250000,197529.6718750000,166066.3906250000,165574.5312500000,132804.6406250000,120670.1562500000,134206.5468750000,150563.0312500000,,,
44.0279999289,343,176049.1250000000,182416.4687500000,166052.0937500000,165621.5000000000,132802.5781250000,120686.8437500000,134238.5937500000,148887.2500000000,,,
44.0319999289,344,175662.3750000000,189651.9375000000,165318.4062500000,164619.6093750000,131777.0781250000,119748.8750000000,133132.7500000000,151858.2656250000,,,
44.0359999288,344,175426.1718750000,207993.2343750000,164980.4218750000,164138.8437500000,131322.0781250000,119323.7968750000,132604.1406250000,154824.1875000000,,,
44.0399999288,344,175642.5781250000,211957.5156250000,165410.1406250000,164693.8593750000,131910.7968750000,119866.6796875000,133235.9062500000,153913.3750000000,,,
44.0439999287,344,176017.2500000000,197815.2968750000,166043.0625000000,165565.7031250000,132774.0000000000,120666.9140625000,134193.7500000000,150528.9687500000,,,
44.0479999287,344,176039.4062500000,182531.7187500000,166040.5156250000,165628.0312500000,132788.7500000000,120688.3984375000,134233.1562500000,148820.4531250000,,,
44.0519999287,344,175645.6093750000,189667.3750000000,165306.5468750000,164630.4375000000,131764.4218750000,119751.0234375000,133130.5000000000,151797.0312500000,,,
44.0559999289,344,175413.5468750000,208113.2187500000,164975.8125000000,164145.3906250000,131312.4687500000,119328.6796875000,132614.6250000000,154815.4375000000,,,
44.0599999288,344,175630.3125000000,212232.7968750000,165409.2500000000,164691.3906250000,131899.4687500000,119866.8359375000,133233.7656250000,153939.4062500000,,,
44.0639999288,344,176005.1875000000,198160.3750000000,166052.8750000000,165575.8906250000,132765.5781250000,120661.5468750000,134186.5937500000,150538.5000000000,,,
44.0679999287,344,176026.6718750000,182896.9062500000,166047.4218750000,165623.2968750000,132774.8437500000,120665.4375000000,134220.9218750000,148801.6562500000,,,
44.0719999287,344,175620.5312500000,190111.6718750000,165279.3281250000,164588.0625000000,131728.3750000000,119702.4687500000,133097.6093750000,151770.6718750000,,,
44.0759999289,344,175410.4062500000,208774.2968750000,164956.0312500000,164100.0937500000,131289.0312500000,119288.2890625000,132596.3906250000,154828.3437500000,,,
44.0799999288,344,175646.9531250000,213019.7343750000,165406.9687500000,164673.9218750000,131891.5781250000,119831.9921875000,133233.5156250000,153966.8593750000,,,
44.0839999288,344,176029.8906250000,198966.0312500000,166059.7656250000,165559.7031250000,132766.6562500000,120637.9765625000,134183.7968750000,150567.1406250000,,,
44.0879999287,344,176059.9218750000,183648.3750000000,166067.6250000000,165611.6250000000,132793.8593750000,120673.6171875000,134224.1406250000,148839.8750000000,,,
44.0919999287,344,175667.5468750000,190727.7500000000,165317.3281250000,164607.8125000000,131766.5937500000,119726.9609375000,133127.0625000000,151805.2656250000,,,
44.0959999287,344,175456.5468750000,209248.6562500000,164992.3281250000,164125.8906250000,131324.4062500000,119307.8671875000,132626.9062500000,154869.5156250000,,,
44.0999999288,344,175646.1406250000,213531.7343750000,165383.0937500000,164655.2812500000,131870.4687500000,119817.4609375000,133213.0781250000,154001.2187500000,,,
44.1039999288,344,176014.3906250000,199572.7343750000,166026.2968750000,165526.2500000000,132737.0156250000,120619.6015625000,134155.8750000000,150594.3281250000,,,
44.1079999288,344,176051.7187500000,183913.4375000000,166053.7812500000,165598.4218750000,132786.9062500000,120665.5468750000,134216.5312500000,148804.2500000000,,,
44.1119999287,344,175648.8281250000,190802.3906250000,165283.1093750000,164588.7656250000,131744.3281250000,119717.8437500000,133113.4843750000,151746.7500000000,,,
44.1159999287,344,175416.7812500000,209405.1562500000,164930.0468750000,164096.9843750000,131274.7343750000,119283.0312500000,132592.0156250000,154804.8125000000,,,
44.1199999289,344,175630.4531250000,213783.3593750000,165361.3750000000,164636.6093750000,131852.1250000000,119809.7031250000,133205.8125000000,153960.6093750000,,,
44.1239999288,344,176009.4218750000,199851.3125000000,166018.5468750000,165515.8125000000,132727.7343750000,120626.1171875000,134163.1718750000,150565.0468750000,,,
44.1279999288,344,176039.2187500000,184179.8906250000,166044.8281250000,165591.0312500000,132772.4218750000,120666.1328125000,134227.0312500000,148746.9843750000,,,
44.1319999287,344,175631.5000000000,190976.4687500000,165270.2656250000,164583.1562500000,131727.8437500000,119718.8359375000,133098.9843750000,151679.4218750000,,,
44.1359999287,344,175397.8750000000,209603.7500000000,164910.4062500000,164074.7656250000,131254.2968750000,119281.3906250000,132557.9843750000,154769.2187500000,,,
44.1399999287,344,175620.8281250000,214014.3125000000,165351.5312500000,164626.3906250000,131843.9687500000,119814.2109375000,133182.2968750000,153948.2031250000,,,
44.1439999288,344,175994.2656250000,200062.5156250000,166003.4687500000,165491.7500000000,132717.7812500000,120615.3359375000,134153.5937500000,150543.7187500000,,,
44.1479999288,344,176016.5000000000,184354.7343750000,166013.7968750000,165557.7968750000,132751.3906250000,120649.9609375000,134217.8593750000,148724.1406250000,,,
44.1519999288,344,175644.0312500000,191034.5625000000,165282.5468750000,164590.4062500000,131748.0000000000,119730.0156250000,133122.1093750000,151689.9687500000,,,
44.1559999287,344,175419.8750000000,209653.6875000000,164937.3906250000,164085.5312500000,131286.7812500000,119295.7421875000,132591.0781250000,154811.9218750000,,,
44.1599999287,345,175628.4375000000,214060.1875000000,165363.3906250000,164613.8906250000,131859.5312500000,119814.8046875000,133201.7968750000,153970.2500000000,,,
44.1639999286,345,175999.6406250000,200050.4218750000,166013.3437500000,165482.7500000000,132730.2031250000,120612.9765625000,134157.7500000000,150551.7656250000,,,
44.1679999286,345,176022.3437500000,184421.9843750000,166026.1562500000,165546.1250000000,132765.8281250000,120648.4609375000,134224.4687500000,148750.2031250000,,,
44.1719999285,345,175657.2812500000,191024.5156250000,165303.2968750000,164577.0937500000,131768.5312500000,119742.3046875000,133148.7031250000,151697.1250000000,,,
44.1759999285,345,175424.8593750000,209681.6718750000,164947.1875000000,164078.0156250000,131288.4062500000,119291.1015625000,132604.7031250000,154812.6406250000,,,
44.1799999285,345,175632.1406250000,214170.9062500000,165364.8593750000,164612.8750000000,131853.9218750000,119809.1171875000,133206.5312500000,153982.3906250000,,,
44.1839999286,345,175996.5000000000,200206.5000000000,166004.7343750000,165469.4687500000,132716.0625000000,120605.3828125000,134142.7031250000,150563.8593750000,,,
44.1879999286,345,176027.3437500000,184588.8437500000,166028.2500000000,165552.3437500000,132763.4687500000,120644.7890625000,134193.3281250000,148762.9531250000,,,
44.1919999286,345,175645.5312500000,191059.4843750000,165290.0468750000,164573.9062500000,131758.9218750000,119725.1328125000,133115.3125000000,151668.2187500000,,,
44.1959999285,345,175433.7187500000,209691.0312500000,164955.3906250000,164084.9843750000,131300.7187500000,119296.3046875000,132614.1250000000,154804.8437500000,,,
44.1999999285,345,175635.4375000000,214258.2187500000,165369.9062500000,164609.0468750000,131859.6406250000,119807.5312500000,133225.0937500000,153988.6718750000,,,
44.2039999287,345,175989.9218750000,200364.6093750000,165999.3437500000,165477.6406250000,132710.5781250000,120595.9140625000,134160.4687500000,150572.5625000000,,,
44.2079999286,345,176007.7031250000,184612.2656250000,166009.3750000000,165547.0625000000,132746.7500000000,120633.0625000000,134217.5156250000,148727.7031250000,,,
44.2119999286,345,175658.0468750000,190927.2343750000,165310.1406250000,164589.1093750000,131776.3906250000,119744.2343750000,133164.2187500000,151630.6562500000,,,
44.2159999285,345,175444.4687500000,209519.9531250000,164968.0000000000,164107.6875000000,131312.5000000000,119315.4296875000,132629.7343750000,154783.7812500000,,,
44.2199999285,345,175630.5312500000,214146.3906250000,165365.0781250000,164617.8125000000,131857.0312500000,119807.0546875000,133209.2500000000,153985.5625000000,,,
44.2239999285,345,175983.7500000000,200344.2812500000,165996.0312500000,165481.8125000000,132711.9062500000,120592.6718750000,134143.1718750000,150586.5781250000,,,
44.2279999286,345,175990.4375000000,184481.3750000000,165994.4218750000,165550.7343750000,132741.0468750000,120626.7578125000,134195.9218750000,148706.8593750000,,,
44.2319999286,345,175632.3281250000,190665.8125000000,165282.7812500000,164594.4531250000,131761.3437500000,119737.4453125000,133143.2343750000,151591.3906250000,,,
44.2359999286,345,175427.3906250000,209268.2812500000,164949.8906250000,164092.5468750000,131301.6093750000,119307.6250000000,132622.1875000000,154761.4375000000,,,
44.2399999285,345,175629.6718750000,213994.5781250000,165361.0000000000,164607.5312500000,131856.0781250000,119810.9140625000,133209.2187500000,153991.1093750000,,,
44.2439999285,345,175966.1562500000,200277.5156250000,165970.7968750000,165454.3593750000,132689.1875000000,120575.1796875000,134124.5781250000,150576.9218750000,,,
44.2479999287,345,175995.4687500000,184357.2343750000,165998.4062500000,165538.5625000000,132747.0156250000,120628.4218750000,134210.0625000000,148690.4218750000,,,
44.2519999286,345,175651.9687500000,190473.0468750000,165297.4062500000,164600.4531250000,131773.4375000000,119751.3671875000,133168.1875000000,151581.9531250000,,,
44.2559999286,345,175438.7343750000,209127.1406250000,164954.0312500000,164090.6250000000,131299.9375000000,119311.0859375000,132633.8593750000,154762.2500000000,,,
44.2599999285,345,175629.0625000000,213952.5000000000,165358.6875000000,164602.9843750000,131845.6406250000,119799.2500000000,133211.2031250000,153992.9062500000,,,
44.2639999285,345,175966.0468750000,200309.9375000000,165970.3125000000,165454.9218750000,132682.9218750000,120567.4843750000,134120.5781250000,150574.6250000000,,,
44.2679999284,345,175982.7343750000,184367.1875000000,165980.9062500000,165542.5000000000,132727.6250000000,120618.6093750000,134183.1875000000,148666.9062500000,,,
44.2719999286,345,175631.4218750000,190399.9375000000,165275.6718750000,164591.1718750000,131754.1406250000,119737.2031250000,133144.5000000000,151547.6406250000,,,
44.2759999286,345,175423.4375000000,209099.1718750000,164941.3437500000,164078.1250000000,131289.2656250000,119298.2890625000,132630.6718750000,154749.4218750000,,,
44.2799999285,345,175637.8593750000,214006.3281250000,165367.5937500000,164604.4531250000,131856.4531250000,119804.5312500000,133238.9687500000,154003.0468750000,,,
44.2839999285,345,175966.6718750000,200381.8750000000,165974.3906250000,165440.7968750000,132686.1093750000,120563.2734375000,134141.5625000000,150571.9062500000,,,
44.2879999285,346,175991.1093750000,184461.3593750000,165994.5156250000,165537.0625000000,132739.4843750000,120621.4531250000,134211.9062500000,148668.2656250000,,,
44.2919999284,346,175645.6406250000,190445.9375000000,165295.7656250000,164599.6562500000,131769.6718750000,119743.6406250000,133168.8593750000,151540.4531250000,,,
44.2959999284,346,175447.1718750000,209193.9062500000,164964.8125000000,164090.2812500000,131305.3906250000,119314.3593750000,132638.2343750000,154767.5781250000,,,
44.2999999283,346,175633.4375000000,214219.9687500000,165362.8281250000,164595.7656250000,131843.2500000000,119794.5000000000,133201.3281250000,154021.6406250000,,,
44.3039999283,346,175973.2656250000,200703.3750000000,165979.5625000000,165445.4843750000,132685.8125000000,120567.6171875000,134109.7656250000,150608.3125000000,,,
44.3079999282,346,176005.0781250000,184705.6093750000,166010.3281250000,165543.1718750000,132751.9375000000,120633.8125000000,134209.2812500000,148688.3906250000,,,
44.3119999284,346,175652.3437500000,190571.9375000000,165306.0468750000,164591.4687500000,131776.2187500000,119750.3515625000,133184.4687500000,151540.2187500000,,,
44.3159999284,346,175427.5937500000,209297.3281250000,164945.1718750000,164070.2968750000,131285.1875000000,119299.6562500000,132623.4843750000,154751.0156250000,,,
44.3199999284,346,175604.0625000000,214378.0312500000,165330.5625000000,164555.7656250000,131814.3906250000,119771.8906250000,133178.1093750000,154013.1562500000,,,
44.3239999283,346,175958.7031250000,200948.7187500000,165960.8437500000,165412.0937500000,132671.7031250000,120556.8125000000,134116.3125000000,150630.8906250000,,,
44.3279999283,346,176005.0312500000,184915.1406250000,166007.1406250000,165526.6718750000,132756.3750000000,120641.2734375000,134227.6562500000,148703.7343750000,,,
44.3319999285,346,175654.0625000000,190667.4843750000,165307.9375000000,164591.7187500000,131788.6875000000,119764.0000000000,133178.5625000000,151525.7343750000,,,
44.3359999284,346,175432.8281250000,209360.9531250000,164953.6250000000,164059.0468750000,131300.8750000000,119310.3359375000,132614.0625000000,154727.5156250000,,,
44.3399999284,346,175623.2343750000,214479.8750000000,165347.7812500000,164560.4687500000,131837.8281250000,119790.9296875000,133165.3593750000,154011.1562500000,,,
44.3439999283,346,175966.0312500000,201093.1250000000,165962.1562500000,165408.2031250000,132682.7031250000,120560.7500000000,134086.8437500000,150631.5937500000,,,
44.3479999283,346,175988.6562500000,185049.9375000000,165980.4062500000,165515.3281250000,132744.9062500000,120630.4062500000,134198.3437500000,148683.5000000000,,,
44.3519999282,346,175640.2656250000,190649.4062500000,165287.3437500000,164589.3750000000,131777.2187500000,119759.8750000000,133186.5000000000,151480.4062500000,,,
44.3559999284,346,175428.7500000000,209277.4843750000,164950.0781250000,164057.9531250000,131296.5312500000,119309.0703125000,132646.5468750000,154690.8281250000,,,
44.3599999284,346,175622.1718750000,214420.7031250000,165347.4062500000,164563.8437500000,131836.5468750000,119786.3437500000,133209.0312500000,153989.4687500000,,,
44.3639999283,346,175969.5156250000,201089.6875000000,165953.9531250000,165406.2968750000,132678.4687500000,120565.0156250000,134129.1718750000,150632.8281250000,,,
44.3679999283,346,176002.0468750000,185059.7656250000,165986.0937500000,165517.8750000000,132751.2343750000,120643.4453125000,134227.0625000000,148689.7812500000,,,
44.3719999283,346,175652.9062500000,190541.5000000000,165307.4843750000,164591.9843750000,131800.0468750000,119778.2187500000,133181.2968750000,151459.5625000000,,,
44.3759999285,346,175431.9375000000,209117.1875000000,164962.4531250000,164065.1406250000,131309.4375000000,119317.3046875000,132626.6250000000,154670.0937500000,,,
44.3799999284,346,175636.5937500000,214302.0937500000,165367.2812500000,164566.9062500000,131850.0156250000,119796.0312500000,133212.5468750000,154003.8281250000,,,
44.3839999284,346,175976.5625000000,201025.2031250000,165957.9843750000,165414.8281250000,132672.9687500000,120558.8984375000,134130.2031250000,150657.0937500000,,,
44.3879999283,346,176003.7031250000,185013.5156250000,165978.0156250000,165531.1093750000,132738.4687500000,120628.7500000000,134221.0625000000,148702.5000000000,,,
44.3919999283,346,175638.4218750000,190377.1093750000,165280.1562500000,164583.9843750000,131771.3906250000,119758.0468750000,133178.8593750000,151432.9218750000,,,
44.3959999282,346,175428.6718750000,208888.0000000000,164954.7968750000,164056.8593750000,131299.7500000000,119309.7187500000,132636.2812500000,154644.7656250000,,,
44.3999999284,346,175624.4531250000,214130.8281250000,165347.0312500000,164553.2812500000,131831.6875000000,119783.0156250000,133191.9218750000,153991.2500000000,,,
44.4039999284,346,175966.4531250000,200953.8437500000,165944.2656250000,165399.0312500000,132664.2500000000,120543.9375000000,134104.5156250000,150678.5781250000,,,
44.4079999283,346,176004.2968750000,184886.5468750000,165986.1875000000,165535.5781250000,132751.2031250000,120622.8984375000,134208.1875000000,148727.0625000000,,,
44.4119999283,346,175641.8750000000,190112.8750000000,165296.1406250000,164601.7656250000,131790.5000000000,119760.0859375000,133172.8750000000,151422.5156250000,,,
44.4159999283,347,175400.5156250000,208609.5312500000,164932.1875000000,164050.0625000000,131277.3125000000,119282.0859375000,132595.5625000000,154604.1250000000,,,
44.4199999282,347,175595.0781250000,213927.2500000000,165317.1406250000,164541.5000000000,131801.6562500000,119749.9218750000,133151.4531250000,153963.2500000000,,,
44.4239999282,347,175961.9687500000,200882.3593750000,165928.7343750000,165404.6718750000,132649.2812500000,120532.4843750000,134089.5781250000,150676.0625000000,,,
44.4279999281,347,176009.7656250000,184824.2968750000,165977.6875000000,165543.4375000000,132746.3281250000,120626.7890625000,134206.9687500000,148701.3125000000,,,
44.4319999281,347,175660.3281250000,189936.9062500000,165315.2343750000,164632.6406250000,131809.1406250000,119776.4453125000,133216.4687500000,151372.3437500000,,,
44.4359999280,347,175437.4687500000,208445.0625000000,164974.8125000000,164084.5937500000,131316.0625000000,119312.1328125000,132664.1875000000,154603.2500000000,,,
44.4399999282,347,175615.6250000000,213919.1250000000,165335.6562500000,164553.0625000000,131817.7968750000,119760.4375000000,133188.6406250000,154020.3437500000,,,
44.4439999282,347,175976.5156250000,201024.0000000000,165940.0625000000,165410.1406250000,132659.1250000000,120526.2343750000,134104.0312500000,150782.3906250000,,,
44.4479999281,347,176034.1562500000,184970.5000000000,166001.8281250000,165564.6875000000,132767.4062500000,120630.7031250000,134231.1093750000,148814.4531250000,,,
44.4519999281,347,175690.8906250000,190016.2500000000,165351.5781250000,164674.9687500000,131840.0625000000,119790.2578125000,133234.8125000000,151422.4375000000,,,
44.4559999281,347,175464.0781250000,208546.4687500000,165004.5000000000,164103.4687500000,131341.0625000000,119327.0156250000,132677.4531250000,154577.2031250000,,,
44.4599999283,347,175643.2187500000,214107.5312500000,165366.2031250000,164551.7500000000,131841.3437500000,119775.1093750000,133205.4687500000,153951.6562500000,,,
44.4639999282,347,175998.2968750000,201308.2343750000,165961.4375000000,165390.7500000000,132671.3281250000,120539.3515625000,134117.1250000000,150688.8281250000,,,
44.4679999282,347,176038.3125000000,185234.4218750000,166009.7656250000,165532.3593750000,132767.6718750000,120636.3671875000,134248.2031250000,148674.8906250000,,,
44.4719999281,347,175679.0000000000,190131.8750000000,165348.7187500000,164630.0625000000,131836.8750000000,119790.6875000000,133248.6718750000,151265.6718750000,,,
44.4759999281,347,175434.2812500000,208594.0000000000,164983.7968750000,164063.2187500000,131323.3281250000,119307.6796875000,132666.3125000000,154455.7031250000,,,
44.4799999280,347,175627.2812500000,214171.2343750000,165356.0937500000,164539.9687500000,131834.0468750000,119762.7109375000,133196.2968750000,153895.0937500000,,,
44.4839999282,347,175994.6250000000,201388.7500000000,165962.4062500000,165390.8750000000,132673.0156250000,120535.7031250000,134116.7500000000,150674.0000000000,,,
44.4879999282,347,176042.4375000000,185254.9375000000,166020.5468750000,165553.1562500000,132781.2500000000,120643.3359375000,134238.7343750000,148664.5937500000,,,
44.4919999281,347,175661.5937500000,190003.7500000000,165335.7031250000,164651.2812500000,131830.0000000000,119777.3046875000,133215.9062500000,151212.9062500000,,,
44.4959999281,347,175425.3750000000,208416.5468750000,164974.9531250000,164098.9843750000,131314.9062500000,119297.5625000000,132672.8906250000,154419.3281250000,,,
44.4999999281,347,175629.5156250000,214046.5625000000,165355.0937500000,164562.9062500000,131832.3281250000,119765.0234375000,133217.1250000000,153904.0468750000,,,
44.5039999282,347,175991.0000000000,201321.8281250000,165956.9531250000,165412.6250000000,132668.6250000000,120530.1250000000,134114.8750000000,150691.8281250000,,,
44.5079999282,347,176033.9375000000,185101.5156250000,166008.5312500000,165546.7968750000,132771.7500000000,120633.1718750000,134250.4531250000,148660.9531250000,,,
44.5119999282,347,175650.8906250000,189721.6250000000,165320.4687500000,164593.4843750000,131816.3437500000,119765.8281250000,133240.5781250000,151193.4375000000,,,
44.5159999281,347,175409.3281250000,208141.8125000000,164953.3593750000,164026.2187500000,131296.4531250000,119278.3593750000,132653.1250000000,154409.9062500000,,,
44.5199999281,347,175609.1250000000,213862.8281250000,165327.6562500000,164498.4843750000,131804.5468750000,119736.3750000000,133175.3906250000,153905.9531250000,,,
44.5239999280,347,175989.7656250000,201249.3906250000,165948.0781250000,165375.6406250000,132654.5937500000,120519.7421875000,134099.9531250000,150720.2968750000,,,
44.5279999282,347,176045.2343750000,185076.7968750000,166019.7500000000,165530.6406250000,132775.2187500000,120635.7734375000,134259.8906250000,148685.7031250000,,,
44.5319999282,347,175673.9062500000,189643.7656250000,165345.5468750000,164625.1093750000,131835.8281250000,119783.2578125000,133225.1562500000,151204.5156250000,,,
44.5359999281,347,175418.1562500000,208086.2812500000,164959.4375000000,164042.3750000000,131300.4062500000,119283.0781250000,132625.0625000000,154416.7812500000,,,
44.5399999281,347,175613.1562500000,213912.5781250000,165333.2656250000,164514.2031250000,131809.1093750000,119734.4687500000,133194.3281250000,153928.1406250000,,,
44.5439999280,348,175992.8750000000,201391.7812500000,165959.1250000000,165381.9531250000,132666.7187500000,120520.3593750000,134129.3750000000,150752.6093750000,,,
44.5479999280,348,176050.0625000000,185232.7031250000,166021.2968750000,165545.5625000000,132784.7656250000,120641.8593750000,134274.2656250000,148714.9062500000,,,
44.5519999280,348,175672.8281250000,189689.7968750000,165338.2031250000,164615.3906250000,131835.3906250000,119783.5312500000,133256.5312500000,151202.6875000000,,,
44.5559999279,348,175429.1562500000,208112.1093750000,164967.3281250000,164047.2187500000,131309.7656250000,119289.3593750000,132657.6250000000,154427.3750000000,,,
44.5599999279,348,175621.6875000000,213985.2968750000,165334.7187500000,164515.2187500000,131814.3437500000,119749.6484375000,133187.2812500000,153961.1718750000,,,
44.5639999278,348,175996.8125000000,201522.0156250000,165956.0468750000,165380.5468750000,132670.1250000000,120537.9765625000,134125.1875000000,150802.3906250000,,,
44.5679999280,348,176045.5000000000,185301.9843750000,166021.0625000000,165541.6718750000,132793.0781250000,120654.7109375000,134285.0468750000,148743.1875000000,,,
44.5719999280,348,175672.4531250000,189633.2812500000,165343.7031250000,164618.4531250000,131848.5937500000,119784.2812500000,133278.4687500000,151206.4375000000,,,
44.5759999279,348,175435.4843750000,208068.5312500000,164975.2500000000,164053.9062500000,131319.1718750000,119280.5312500000,132677.6562500000,154441.1875000000,,,
44.5799999279,348,175627.5312500000,214047.4218750000,165345.6093750000,164519.7031250000,131824.9843750000,119737.6093750000,133195.2656250000,153983.9531250000,,,
44.5839999279,348,176003.3125000000,201681.0625000000,165966.2343750000,165378.5468750000,132688.2031250000,120550.6953125000,134134.6875000000,150826.2343750000,,,
44.5879999280,348,176061.5156250000,185498.0000000000,166038.0625000000,165547.1406250000,132817.4843750000,120679.2812500000,134319.3593750000,148756.3593750000,,,
44.5919999280,348,175702.3906250000,189769.2187500000,165373.3906250000,164636.2968750000,131885.2812500000,119837.1484375000,133329.9687500000,151216.3437500000,,,
44.5959999280,348,175462.8906250000,208234.7968750000,164995.0937500000,164060.0937500000,131349.4843750000,119341.3906250000,132707.3750000000,154469.7187500000,,,
44.5999999279,348,175643.2500000000,214323.1250000000,165354.2187500000,164521.6250000000,131845.1875000000,119781.0625000000,133190.4687500000,154018.5781250000,,,
44.6039999279,348,176015.0000000000,202031.1406250000,165976.6406250000,165378.7812500000,132705.2031250000,120579.3437500000,134161.5312500000,150846.1875000000,,,
44.6079999278,348,176077.8750000000,185821.1875000000,166052.5781250000,165546.6875000000,132836.4218750000,120725.6562500000,134378.6406250000,148770.1406250000,,,
44.6119999280,348,175714.3281250000,189982.2031250000,165381.1718750000,164648.1250000000,131898.0000000000,119875.9062500000,133366.9843750000,151227.1250000000,,,
44.6159999280,348,175470.4062500000,208423.7968750000,165000.1562500000,164069.2500000000,131352.6562500000,119380.4765625000,132765.1875000000,154502.6093750000,,,
44.6199999279,348,175653.9218750000,214546.1406250000,165367.5468750000,164513.4531250000,131852.4218750000,119835.2968750000,133282.8125000000,154074.1250000000,,,
44.6239999279,348,176017.0468750000,202242.0937500000,165982.8750000000,165374.4375000000,132710.0000000000,120627.2421875000,134210.4062500000,150896.5937500000,,,
44.6279999278,348,176076.1562500000,185918.3593750000,166056.3906250000,165549.8750000000,132845.1562500000,120774.8203125000,134380.4375000000,148799.7968750000,,,
44.6319999280,348,175727.2031250000,189973.9687500000,165392.6250000000,164651.4687500000,131915.8906250000,119950.4687500000,133372.4843750000,151264.9687500000,,,
44.6359999280,348,175486.2031250000,208450.8281250000,165010.7031250000,164061.9843750000,131369.5937500000,119455.4921875000,132775.2187500000,154563.9062500000,,,
44.6399999280,348,175644.0000000000,214612.5000000000,165349.6562500000,164503.7656250000,131841.0781250000,119878.3437500000,133278.9375000000,154115.0000000000,,,
44.6439999279,348,176004.3750000000,202317.9531250000,165965.4062500000,165365.8281250000,132696.7500000000,120672.8437500000,134206.3125000000,150926.5468750000,,,
44.6479999279,348,176067.5468750000,185887.9531250000,166046.5937500000,165555.3281250000,132841.3750000000,120821.4921875000,134370.4843750000,148806.9687500000,,,
44.6519999278,348,175716.2812500000,189832.2500000000,165378.2500000000,164650.8593750000,131906.3125000000,119989.7656250000,133372.1406250000,151268.3281250000,,,
44.6559999280,348,175469.6250000000,208311.6718750000,164988.0156250000,164052.7812500000,131349.5625000000,119490.3359375000,132751.2031250000,154583.1875000000,,,
44.6599999280,348,175650.5468750000,214523.7968750000,165352.0625000000,164500.5781250000,131842.6093750000,119933.6796875000,133249.5312500000,154166.0781250000,,,
44.6639999279,348,175999.0156250000,202242.4218750000,165955.9687500000,165357.5937500000,132683.4062500000,120712.9375000000,134162.5625000000,150962.5468750000,,,
44.6679999279,348,176055.3437500000,185726.6093750000,166031.3437500000,165539.5468750000,132819.0468750000,120858.2890625000,134346.6718750000,148827.7500000000,,,
44.6719999278,349,175702.1718750000,189538.4375000000,165359.5000000000,164637.9843750000,131881.8437500000,120017.7421875000,133344.1093750000,151282.3437500000,,,
44.6759999278,349,175459.8593750000,208020.5781250000,164968.8281250000,164051.8125000000,131325.3437500000,119503.4531250000,132710.2500000000,154615.5312500000,,,
44.6799999278,349,175631.1562500000,214305.7187500000,165318.5312500000,164503.6250000000,131804.4062500000,119939.4453125000,133205.8750000000,154198.5000000000,,,
44.6839999277,349,175983.1718750000,202054.0468750000,165930.5937500000,165354.9375000000,132650.7500000000,120720.8515625000,134123.3750000000,150980.3906250000,,,
44.6879999277,349,176045.3593750000,185478.0781250000,166016.3125000000,165538.4843750000,132799.5625000000,120866.9296875000,134298.1406250000,148815.2500000000,,,
44.6919999276,349,175693.4062500000,189214.6093750000,165349.2031250000,164634.1718750000,131867.0156250000,120023.7734375000,133299.4531250000,151256.9687500000,,,
44.6959999278,349,175460.1406250000,207773.9687500000,164968.8593750000,164055.4531250000,131315.6562500000,119505.5468750000,132676.9687500000,154620.0156250000,,,
44.6999999278,349,175624.8281250000,214164.7968750000,165314.1093750000,164505.9062500000,131789.3593750000,119932.2031250000,133162.2031250000,154211.0000000000,,,
44.7039999277,349,175971.2343750000,201955.5000000000,165918.8906250000,165358.0468750000,132633.5312500000,120711.2812500000,134078.3125000000,150985.7968750000,,,
44.7079999277,349,176043.2656250000,185341.3125000000,166017.0625000000,165548.5937500000,132794.0468750000,120855.3125000000,134272.9062500000,148809.0781250000,,,
44.7119999276,349,175695.4375000000,189026.1093750000,165350.3437500000,164652.4687500000,131862.3750000000,120007.4375000000,133270.7968750000,151253.6562500000,,,
44.7159999278,349,175450.5312500000,207655.2031250000,164957.2500000000,164046.5781250000,131299.8125000000,119484.2734375000,132637.2968750000,154635.3281250000,,,
44.7199999278,349,175619.7812500000,214134.4218750000,165307.6562500000,164491.2968750000,131777.5625000000,119907.0703125000,133138.9687500000,154238.1250000000,,,
44.7239999278,349,175971.2500000000,201962.2968750000,165917.3750000000,165348.9218750000,132626.5156250000,120681.4218750000,134061.5156250000,151001.9843750000,,,
44.7279999277,349,176037.0781250000,185297.1093750000,166009.9375000000,165537.6718750000,132786.0156250000,120832.0859375000,134250.5937500000,148802.6406250000,,,
44.7319999277,349,175708.2343750000,188896.5781250000,165368.0312500000,164650.2968750000,131879.0625000000,119996.9765625000,133276.3281250000,151248.8281250000,,,
44.7359999276,349,175472.0937500000,207559.9062500000,164980.8437500000,164058.3281250000,131319.0468750000,119469.8437500000,132645.1562500000,154642.3750000000,,,
44.7399999278,349,175625.8125000000,214118.0625000000,165312.6406250000,164496.1718750000,131781.8593750000,119886.2578125000,133128.8125000000,154242.1406250000,,,
44.7439999278,349,175966.3437500000,201997.8593750000,165914.7343750000,165348.0468750000,132624.0156250000,120665.6250000000,134048.8125000000,151005.2500000000,,,
44.7479999277,349,176027.6093750000,185310.9843750000,166003.3906250000,165539.2812500000,132781.5937500000,120816.5546875000,134238.5468750000,148788.8906250000,,,
44.7519999277,349,175691.3125000000,188841.2187500000,165350.7187500000,164648.9531250000,131867.0156250000,119980.4843750000,133261.5781250000,151212.0468750000,,,
44.7559999276,349,175451.5781250000,207534.2812500000,164956.9531250000,164042.3750000000,131299.8593750000,119450.4531250000,132624.3437500000,154610.7031250000,,,
44.7599999278,349,175616.0000000000,214199.5781250000,165299.8125000000,164470.7500000000,131771.0000000000,119869.3593750000,133100.4531250000,154230.8750000000,,,
44.7639999278,349,175969.4062500000,202188.6250000000,165909.5937500000,165323.1562500000,132620.1250000000,120650.5546875000,134031.5781250000,151010.6718750000,,,
44.7679999277,349,176028.1406250000,185481.5625000000,165994.7187500000,165533.0625000000,132771.7500000000,120798.5546875000,134227.3906250000,148781.0000000000,,,
44.7719999277,349,175697.9687500000,188930.6406250000,165351.0000000000,164666.8437500000,131863.8281250000,119976.0546875000,133254.6875000000,151193.7500000000,,,
44.7759999277,349,175444.7968750000,207640.5312500000,164944.9843750000,164047.0312500000,131283.5625000000,119432.9609375000,132604.8906250000,154595.2812500000,,,
44.7799999276,349,175595.6406250000,214380.3281250000,165274.0468750000,164477.9375000000,131736.9531250000,119837.6250000000,133080.4531250000,154224.2968750000,,,
44.7839999278,349,175946.2031250000,202442.9531250000,165886.5312500000,165324.3906250000,132585.0625000000,120614.7968750000,134003.8750000000,151015.6875000000,,,
44.7879999278,349,176024.6562500000,185717.0625000000,165999.1562500000,165531.9062500000,132764.7812500000,120783.8046875000,134217.0000000000,148787.8750000000,,,
44.7919999277,349,175683.2656250000,189056.4062500000,165347.2187500000,164645.4843750000,131853.0937500000,119953.0703125000,133239.6875000000,151168.8906250000,,,
44.7959999277,349,175442.7500000000,207744.9687500000,164953.1406250000,164051.5937500000,131285.1875000000,119417.6484375000,132602.6406250000,154578.4843750000,,,
44.7999999276,350,175608.5937500000,214547.2500000000,165293.9375000000,164485.6562500000,131750.1718750000,119832.4218750000,133090.3125000000,154235.6562500000,,,
44.8039999276,350,175952.5000000000,202676.7500000000,165893.7656250000,165317.5156250000,132588.1250000000,120600.5000000000,133996.3437500000,151033.8906250000,,,
44.8079999276,350,176028.1718750000,185971.7187500000,165999.4687500000,165535.1250000000,132766.2812500000,120763.8515625000,134208.0156250000,148799.1406250000,,,
44.8119999275,350,175682.3593750000,189182.5000000000,165345.9843750000,164656.9687500000,131853.9218750000,119932.1250000000,133241.1718750000,151146.0156250000,,,
44.8159999275,350,175441.5156250000,207819.1093750000,164953.0625000000,164046.0156250000,131284.3125000000,119399.6250000000,132602.9843750000,154558.6718750000,,,
44.8199999274,350,175603.2343750000,214664.7031250000,165283.8906250000,164474.0781250000,131738.6718750000,119803.5390625000,133078.2500000000,154228.5156250000,,,
44.8239999276,350,175950.2812500000,202854.5625000000,165878.7187500000,165328.7812500000,132572.9687500000,120577.3515625000,133985.4531250000,151045.9687500000,,,
44.8279999276,350,176030.3437500000,186119.5625000000,165989.5000000000,165543.9218750000,132759.0156250000,120757.3281250000,134205.7656250000,148811.0156250000,,,
44.8319999275,350,175701.4843750000,189186.3906250000,165361.1562500000,164679.1875000000,131872.5468750000,119948.4843750000,133257.6406250000,151139.7656250000,,,
44.8359999275,350,175453.9687500000,207764.4218750000,164965.2343750000,164069.7343750000,131298.5156250000,119408.7187500000,132594.9062500000,154546.4375000000,,,
44.8399999274,350,175613.5000000000,214688.6562500000,165292.5468750000,164503.0468750000,131751.0937500000,119812.4687500000,133034.0781250000,154245.6250000000,,,
44.8439999276,350,175977.1562500000,202997.9531250000,165903.2656250000,165359.0625000000,132597.8125000000,120599.8281250000,133998.0625000000,151103.2343750000,,,
44.8479999276,350,176053.5781250000,186236.0156250000,166010.4218750000,165586.2500000000,132776.0156250000,120776.3750000000,134240.8750000000,148848.5156250000,,,
44.8519999275,350,175695.6093750000,189159.8906250000,165352.6875000000,164708.3593750000,131862.1093750000,119947.7890625000,133261.3125000000,151118.3125000000,,,
44.8559999275,350,175455.3593750000,207724.4843750000,164964.4375000000,164084.0781250000,131293.5937500000,119411.3750000000,132599.5468750000,154535.9843750000,,,
44.8599999275,350,175603.8125000000,214723.2812500000,165275.1875000000,164497.8906250000,131729.6562500000,119809.8906250000,133063.8437500000,154253.6718750000,,,
44.8639999274,350,175941.3437500000,203096.0625000000,165861.0625000000,165331.5468750000,132552.3437500000,120576.4687500000,133975.5312500000,151103.0937500000,,,
44.8679999276,350,176011.9687500000,186298.1562500000,165970.7968750000,165543.9843750000,132737.0937500000,120753.5468750000,134197.0468750000,148828.3125000000,,,
44.8719999276,350,175671.7656250000,189128.3281250000,165337.7656250000,164674.2656250000,131848.7500000000,119941.9375000000,133245.5312500000,151090.8437500000,,,
44.8759999275,350,175414.1093750000,207668.6718750000,164926.1875000000,164043.1718750000,131257.7031250000,119387.0703125000,132581.6875000000,154495.9375000000,,,
44.8799999275,350,175585.1562500000,214728.4062500000,165263.4218750000,164464.8750000000,131714.8750000000,119791.5234375000,133056.1406250000,154241.1406250000,,,
44.8839999274,350,175949.7500000000,203156.0156250000,165874.2656250000,165323.6875000000,132561.7812500000,120573.9765625000,133978.8281250000,151116.6093750000,,,
44.8879999276,350,176044.2343750000,186313.5312500000,166006.3437500000,165573.6093750000,132768.2968750000,120773.7500000000,134222.2031250000,148845.5156250000,,,
44.8919999276,350,175702.8437500000,189031.4218750000,165371.5156250000,164698.8437500000,131878.6875000000,119965.4609375000,133265.7343750000,151088.1562500000,,,
44.8959999275,350,175442.9375000000,207552.3593750000,164953.6718750000,164069.4375000000,131282.0781250000,119411.5078125000,132600.8906250000,154497.2656250000,,,
44.8999999275,350,175581.6093750000,214671.8593750000,165263.5468750000,164465.5937500000,131712.2812500000,119782.4296875000,133054.1093750000,154220.0937500000,,,
44.9039999275,350,175936.0625000000,203153.2500000000,165867.0781250000,165316.3437500000,132550.9062500000,120559.9218750000,133968.6093750000,151085.6093750000,,,
44.9079999274,350,176022.5156250000,186287.4375000000,165989.1406250000,165561.0156250000,132748.5312500000,120748.7734375000,134209.5156250000,148790.2343750000,,,
44.9119999276,350,175688.7656250000,188900.2500000000,165362.4687500000,164694.6562500000,131868.0937500000,119943.0390625000,133272.0937500000,151015.9062500000,,,
44.9159999276,350,175431.5468750000,207438.9062500000,164947.8593750000,164062.0781250000,131273.4375000000,119381.0390625000,132601.4843750000,154443.0312500000,,,
44.9199999275,350,175590.9687500000,214629.0781250000,165269.0000000000,164471.8750000000,131714.9843750000,119771.3515625000,133044.0000000000,154210.9218750000,,,
44.9239999275,350,175951.5937500000,203138.9531250000,165877.8125000000,165322.8906250000,132561.0937500000,120552.3593750000,133964.8593750000,151093.5000000000,,,
44.9279999274,351,176028.7343750000,186239.0156250000,165998.6093750000,165542.2812500000,132762.6875000000,120747.7265625000,134229.1875000000,148782.0468750000,,,
44.9319999274,351,175683.5156250000,188755.7187500000,165359.3593750000,164675.9843750000,131874.4531250000,119935.8281250000,133285.7656250000,150982.1250000000,,,
44.9359999273,351,175423.6562500000,207294.1718750000,164938.9843750000,164040.9531250000,131272.8593750000,119367.0859375000,132592.9843750000,154422.0937500000,,,
44.9399999273,351,175585.2343750000,214558.3750000000,165260.8750000000,164463.2968750000,131709.3750000000,119760.9453125000,133062.5781250000,154212.9062500000,,,
44.9439999273,351,175951.0000000000,203133.9687500000,165874.7968750000,165332.5937500000,132554.2812500000,120544.4687500000,133994.9531250000,151099.3125000000,,,
44.9479999272,351,176045.6875000000,186196.7031250000,166013.8437500000,165587.6406250000,132773.0468750000,120746.4921875000,134239.7812500000,148776.7656250000,,,
44.9519999274,351,175683.8281250000,188632.6250000000,165354.0312500000,164698.0312500000,131864.7968750000,119917.7187500000,133277.7968750000,150949.4531250000,,,
44.9559999274,351,175409.3281250000,207204.3750000000,164915.1406250000,164051.1875000000,131243.7968750000,119336.5937500000,132582.9843750000,154392.7187500000,,,
44.9599999273,351,175565.9531250000,214554.9218750000,165232.8750000000,164456.8593750000,131682.0000000000,119725.3750000000,133032.6562500000,154196.6250000000,,,
44.9639999273,351,175940.7031250000,203209.8125000000,165860.5625000000,165320.3906250000,132547.1406250000,120525.3437500000,133982.9531250000,151096.9531250000,,,
44.9679999272,351,176032.7812500000,186220.2968750000,165997.3281250000,165569.0000000000,132764.2968750000,120732.1953125000,134232.3281250000,148758.9062500000,,,
44.9719999274,351,175686.7812500000,188550.1406250000,165356.4843750000,164705.4375000000,131874.8750000000,119917.5546875000,133279.9218750000,150928.1562500000,,,
44.9759999274,351,175405.6093750000,207109.4218750000,164911.7500000000,164041.0781250000,131245.5781250000,119328.1406250000,132584.6406250000,154371.5625000000,,,
44.9799999273,351,175552.1562500000,214497.6562500000,165222.2500000000,164434.7812500000,131673.3593750000,119718.7500000000,133031.8125000000,154179.6718750000,,,
44.9839999273,351,175908.9218750000,203153.7031250000,165834.6562500000,165292.1718750000,132520.7968750000,120505.6093750000,133957.9843750000,151072.6562500000,,,
44.9879999273,351,176003.3593750000,186111.4218750000,165975.9687500000,165548.8125000000,132743.6718750000,120718.4375000000,134213.0937500000,148731.1406250000,,,
44.9919999272,351,175668.2968750000,188333.6875000000,165348.0937500000,164685.9375000000,131868.1406250000,119916.7031250000,133271.9531250000,150891.0156250000,,,
44.9959999274,351,175409.6562500000,206904.3750000000,164921.4375000000,164026.7656250000,131256.7656250000,119353.1171875000,132603.6250000000,154368.3593750000,,,
44.9999999274,351,175558.8906250000,214395.5937500000,165227.2031250000,164415.3593750000,131677.7812500000,119741.3125000000,133047.6093750000,154206.3125000000,,,
45.0039999273,351,175930.1406250000,203170.0625000000,165849.1406250000,165286.8906250000,132535.0937500000,120531.9453125000,133974.8593750000,151129.7812500000,,,
45.0079999273,351,176028.7656250000,186118.1406250000,165997.7500000000,165556.8281250000,132764.2968750000,120743.5703125000,134245.4062500000,148776.4687500000,,,
45.0119999272,351,175676.5000000000,188270.5468750000,165352.5468750000,164691.4843750000,131872.4843750000,119926.4375000000,133299.0468750000,150912.4531250000,,,
45.0159999274,351,175403.4375000000,206876.5000000000,164912.6406250000,164031.4531250000,131247.4843750000,119339.0312500000,132594.1562500000,154382.5468750000,,,
45.0199999274,351,175549.1875000000,214452.8281250000,165222.2812500000,164418.9843750000,131673.6875000000,119718.6718750000,133011.2187500000,154218.5625000000,,,
45.0239999273,351,175913.6093750000,203256.1093750000,165842.4531250000,165294.0312500000,132531.0312500000,120513.9218750000,133929.2343750000,151127.3125000000,,,
45.0279999273,351,176019.9375000000,186162.6875000000,165997.7343750000,165572.7031250000,132766.7031250000,120742.4453125000,134248.9843750000,148764.2656250000,,,
45.0319999272,351,175679.3281250000,188220.3906250000,165356.9531250000,164711.1718750000,131881.3125000000,119933.3828125000,133318.7343750000,150895.0156250000,,,
45.0359999272,351,175407.3281250000,206842.1406250000,164908.0312500000,164049.0156250000,131245.9843750000,119341.7656250000,132602.9843750000,154385.9843750000,,,
45.0399999274,351,175550.6093750000,214476.7812500000,165211.5156250000,164432.1562500000,131661.8281250000,119715.5312500000,133043.5625000000,154232.3437500000,,,
45.0439999274,351,175913.0781250000,203317.6875000000,165835.8906250000,165291.3750000000,132519.7656250000,120506.7343750000,133971.2343750000,151138.6562500000,,,
45.0479999273,351,176009.7656250000,186154.5625000000,165988.5625000000,165557.5312500000,132757.0468750000,120721.6562500000,134233.3125000000,148754.5000000000,,,
45.0519999273,351,175670.5312500000,188103.9062500000,165349.7031250000,164691.5937500000,131873.0781250000,119907.4765625000,133285.3906250000,150877.6093750000,,,
45.0559999272,352,175399.9375000000,206730.5625000000,164903.1250000000,164026.4687500000,131239.5468750000,119314.5703125000,132588.5625000000,154383.7812500000,,,
45.0599999272,352,175542.0156250000,214442.0000000000,165205.0781250000,164413.5312500000,131657.0000000000,119691.3906250000,133032.9218750000,154242.8906250000,,,
45.0639999271,352,175879.6875000000,203322.4375000000,165803.1562500000,165249.6406250000,132491.8125000000,120465.2890625000,133937.3593750000,151125.5000000000,,,
45.0679999271,352,175984.6875000000,186128.3281250000,165963.6406250000,165537.3593750000,132737.2656250000,120694.8359375000,134212.2812500000,148722.9531250000,,,
45.0719999271,352,175664.0937500000,187978.2656250000,165345.7656250000,164706.0000000000,131873.6093750000,119903.5000000000,133269.7500000000,150845.2812500000,,,
45.0759999270,352,175394.4218750000,206628.4062500000,164898.1250000000,164034.5156250000,131235.3593750000,119306.2578125000,132546.5000000000,154372.1718750000,,,
45.0799999272,352,175535.3906250000,214421.6093750000,165203.4375000000,164413.4843750000,131647.1562500000,119681.6562500000,133012.9843750000,154241.2031250000,,,
45.0839999272,352,175896.1562500000,203335.8750000000,165822.0625000000,165283.0312500000,132501.5781250000,120487.1250000000,133954.1718750000,151137.9062500000,,,
45.0879999271,352,175989.3125000000,186079.1875000000,165969.0312500000,165563.0156250000,132737.2812500000,120711.4140625000,134221.8593750000,148712.5000000000,,,
45.0919999271,352,175654.2500000000,187850.7656250000,165336.6093750000,164709.8125000000,131860.5312500000,119909.7812500000,133290.0625000000,150823.5000000000,,,
45.0959999270,352,175381.3906250000,206544.9843750000,164886.1093750000,164022.1250000000,131217.0625000000,119304.1093750000,132574.3906250000,154366.3281250000,,,
45.0999999272,352,175531.2968750000,214451.9218750000,165196.4375000000,164409.1875000000,131639.0625000000,119686.0312500000,133009.9062500000,154254.5000000000,,,
45.1039999272,352,175876.2500000000,203418.6562500000,165800.3125000000,165260.2812500000,132481.9062500000,120478.5937500000,133922.8281250000,151127.3437500000,,,
45.1079999271,352,175972.9375000000,186151.2656250000,165954.1406250000,165540.6562500000,132726.6093750000,120715.0078125000,134191.4687500000,148689.0312500000,,,
45.1119999271,352,175661.8906250000,187864.9687500000,165346.3281250000,164714.0781250000,131876.3750000000,119933.4140625000,133277.5312500000,150819.2656250000,,,
45.1159999270,352,175393.5000000000,206593.7187500000,164895.3593750000,164034.3281250000,131230.8437500000,119327.9843750000,132552.0781250000,154392.1875000000,,,
45.1199999270,352,175511.9062500000,214608.7500000000,165174.5781250000,164386.0937500000,131619.9843750000,119678.9765625000,132990.0000000000,154278.1093750000,,,
45.1239999272,352,175870.2187500000,203797.6250000000,165792.9375000000,165243.1093750000,132473.5937500000,120479.3750000000,133936.8281250000,151178.1718750000,,,
45.1279999272,352,175970.1875000000,186281.1562500000,165950.9531250000,165533.2187500000,132728.3593750000,120729.1406250000,134233.2812500000,148669.9375000000,,,
45.1319999271,352,175649.0625000000,187797.5468750000,165328.8906250000,164702.1093750000,131864.2500000000,119937.5703125000,133315.8437500000,150781.2343750000,,,
45.1359999271,352,175382.1406250000,206532.2968750000,164877.5312500000,164018.1562500000,131216.6562500000,119331.3359375000,132583.5625000000,154382.6093750000,,,
45.1399999270,352,175509.0625000000,214615.1875000000,165160.1875000000,164381.7187500000,131605.2656250000,119684.3906250000,132981.7656250000,154283.8437500000,,,
45.1439999272,352,175869.0937500000,203819.5625000000,165784.2968750000,165241.8750000000,132461.6875000000,120480.9843750000,133921.6093750000,151173.5781250000,,,
45.1479999272,352,175970.5781250000,186259.5937500000,165949.0937500000,165533.2812500000,132725.0000000000,120731.0156250000,134228.8593750000,148651.6875000000,,,
45.1519999271,352,175662.1562500000,187692.2968750000,165345.1718750000,164706.0000000000,131881.4531250000,119952.8281250000,133326.8281250000,150772.7343750000,,,
45.1559999271,352,175418.7187500000,206472.7500000000,164917.4375000000,164045.7031250000,131256.6718750000,119361.6171875000,132630.6875000000,154418.8125000000,,,
45.1599999270,352,175545.4531250000,214597.7187500000,165202.6718750000,164407.9218750000,131649.2187500000,119714.5390625000,133036.7500000000,154320.4843750000,,,
45.1639999270,352,175895.6406250000,203677.5468750000,165822.9843750000,165259.0781250000,132503.4531250000,120498.1250000000,133962.5156250000,151163.7187500000,,,
45.1679999272,352,176020.8281250000,186227.7031250000,166015.4375000000,165567.9375000000,132786.5625000000,120753.7656250000,134279.7656250000,148680.8750000000,,,
45.1719999271,352,175675.2968750000,187652.2812500000,165365.1562500000,164730.1093750000,131904.8593750000,119953.7109375000,133347.6718750000,150769.3437500000,,,
45.1759999271,352,175411.0781250000,206484.7187500000,164902.3437500000,164059.7500000000,131246.7031250000,119358.9609375000,132624.8281250000,154418.4375000000,,,
45.1799999271,352,175547.3593750000,214690.4218750000,165198.7031250000,164424.0781250000,131646.0312500000,119724.9765625000,133042.0625000000,154334.2187500000,,,
45.1839999270,353,175913.7187500000,203775.1250000000,165832.5000000000,165275.3593750000,132512.4843750000,120530.6015625000,133978.2968750000,151181.7656250000,,,
45.1879999270,353,175989.3281250000,186366.7500000000,165971.8906250000,165550.3906250000,132745.7812500000,120748.8828125000,134241.3281250000,148660.8906250000,,,
45.1919999269,353,175683.8906250000,187757.6406250000,165375.2656250000,164741.2968750000,131913.0156250000,119982.0390625000,133343.7812500000,150761.4375000000,,,
45.1959999269,353,175427.0312500000,206634.9375000000,164925.3281250000,164060.4687500000,131265.9843750000,119385.2968750000,132622.1875000000,154429.7031250000,,,
45.1999999268,353,175558.2187500000,214932.2187500000,165208.8906250000,164423.3437500000,131650.2343750000,119744.4453125000,133049.3125000000,154356.1093750000,,,
45.2039999268,353,175902.8125000000,204082.2031250000,165818.0156250000,165270.6093750000,132492.1562500000,120526.3906250000,133971.0781250000,151183.6718750000,,,
45.2079999270,353,175996.3125000000,186621.3750000000,165973.1250000000,165543.9218750000,132744.6562500000,120765.3750000000,134276.9062500000,148657.8281250000,,,
45.2119999269,353,175696.4843750000,187861.9218750000,165379.9062500000,164737.2187500000,131919.5312500000,120009.8515625000,133396.4687500000,150749.9531250000,,,
45.2159999269,353,175441.5468750000,206688.0781250000,164938.2031250000,164067.6093750000,131278.4062500000,119411.5078125000,132674.8437500000,154432.1250000000,,,
45.2199999269,353,175593.0625000000,215082.7968750000,165259.3906250000,164431.0468750000,131700.9375000000,119780.5546875000,133074.5937500000,154405.5156250000,,,
45.2239999268,353,175896.3750000000,204486.0156250000,165807.0468750000,165249.8437500000,132493.7343750000,120530.2031250000,133936.8750000000,151255.2343750000,,,
45.2279999270,353,175985.8750000000,186762.4843750000,165956.7968750000,165558.5937500000,132742.7812500000,120771.1484375000,134315.9062500000,148648.0156250000,,,
45.2319999270,353,175690.4218750000,187779.5156250000,165372.1562500000,164758.6875000000,131920.9531250000,120036.2734375000,133462.2031250000,150721.3593750000,,,
45.2359999269,353,175433.8437500000,206550.2187500000,164926.2187500000,164070.1562500000,131275.2343750000,119449.3515625000,132729.1250000000,154418.7656250000,,,
45.2399999269,353,175561.7656250000,214999.2500000000,165216.2187500000,164415.2812500000,131666.0937500000,119786.3437500000,133100.3750000000,154395.0000000000,,,
45.2439999268,353,175905.0000000000,204495.7500000000,165822.2500000000,165238.9375000000,132509.2656250000,120561.0234375000,134024.0781250000,151279.7812500000,,,
45.2479999268,353,176009.7656250000,186761.8906250000,165993.1093750000,165541.0312500000,132785.0000000000,120827.3359375000,134375.0937500000,148675.3281250000,,,
45.2519999270,353,175706.1718750000,187661.1093750000,165400.1250000000,164758.3593750000,131958.4843750000,120070.6562500000,133511.5781250000,150721.1562500000,,,
45.2559999269,353,175451.5000000000,206408.8906250000,164951.8593750000,164083.9218750000,131306.8593750000,119462.6562500000,132791.4687500000,154426.4375000000,,,
45.2599999269,353,175597.2812500000,214905.5156250000,165250.2968750000,164438.2343750000,131705.5000000000,119812.0390625000,133204.2343750000,154428.1250000000,,,
45.2639999269,353,175939.5000000000,204365.9531250000,165854.3125000000,165243.1093750000,132543.9218750000,120579.6328125000,134093.7343750000,151301.6875000000,,,
45.2679999268,353,176051.5312500000,186791.2812500000,166036.3593750000,165540.2812500000,132831.8125000000,120837.3437500000,134364.5781250000,148726.7968750000,,,
45.2719999270,353,175749.3281250000,187650.9843750000,165444.2500000000,164769.2968750000,132007.0312500000,120093.8046875000,133556.1406250000,150745.8281250000,,,
45.2759999270,353,175492.5000000000,206360.6875000000,164994.5312500000,164109.6406250000,131351.3281250000,119494.4140625000,132857.3750000000,154448.1093750000,,,
45.2799999269,353,175611.2500000000,214891.9062500000,165261.7812500000,164437.5156250000,131719.3125000000,119826.6015625000,133226.1718750000,154445.6093750000,,,
45.2839999269,353,175942.0000000000,204339.2968750000,165853.3437500000,165248.0000000000,132544.1875000000,120582.6953125000,134125.8125000000,151310.3750000000,,,
45.2879999268,353,176051.4531250000,186827.1250000000,166028.5468750000,165558.4375000000,132818.7187500000,120846.5937500000,134451.7812500000,148749.3750000000,,,
45.2919999268,353,175741.7343750000,187559.2812500000,165437.9531250000,164767.4062500000,132001.1562500000,120111.1328125000,133567.6093750000,150731.6093750000,,,
45.2959999270,353,175483.2343750000,206182.9062500000,164993.1093750000,164078.3125000000,131351.2500000000,119506.0000000000,132841.3593750000,154425.0937500000,,,
45.2999999269,353,175613.7187500000,214792.6093750000,165272.4531250000,164439.9843750000,131727.8125000000,119831.4609375000,133213.8281250000,154449.7500000000,,,
45.3039999269,353,175959.3437500000,204383.7656250000,165870.9375000000,165285.0937500000,132562.0781250000,120589.4218750000,134088.2812500000,151350.6718750000,,,
45.3079999269,353,176058.3437500000,186872.9843750000,166035.5156250000,165572.9218750000,132825.6406250000,120838.2500000000,134457.4687500000,148764.4218750000,,,
45.3119999268,354,175736.9375000000,187463.5781250000,165434.5156250000,164772.7031250000,131999.4687500000,120099.2812500000,133619.4062500000,150706.2031250000,,,
45.3159999268,354,175456.0312500000,206008.1093750000,164962.3437500000,164064.6093750000,131325.1250000000,119476.6875000000,132847.9218750000,154379.6875000000,,,
45.3199999267,354,175587.3750000000,214673.9531250000,165240.4843750000,164395.4062500000,131699.5937500000,119802.8906250000,133216.7812500000,154427.5312500000,,,
45.3239999267,354,175938.6875000000,204430.4375000000,165846.9843750000,165233.4375000000,132534.6250000000,120566.5703125000,134123.2656250000,151360.7187500000,,,
45.3279999266,354,176035.9843750000,186853.0000000000,166014.8437500000,165548.9687500000,132808.3437500000,120818.7578125000,134417.4218750000,148735.8906250000,,,
45.3319999266,354,175739.4843750000,187285.1406250000,165442.5156250000,164795.0781250000,132010.1718750000,120092.0390625000,133570.3593750000,150666.2500000000,,,
45.3359999268,354,175474.5625000000,205807.3750000000,164983.7656250000,164071.5312500000,131344.4687500000,119477.4609375000,132856.6093750000,154368.5781250000,,,
45.3399999267,354,175588.5000000000,214550.9531250000,165239.0937500000,164391.2968750000,131694.1406250000,119788.7890625000,133212.0312500000,154427.9843750000,,,
45.3439999267,354,175930.3593750000,204407.8281250000,165835.0781250000,165215.7500000000,132520.5156250000,120547.2890625000,134089.4375000000,151365.6093750000,,,
45.3479999267,354,176037.6406250000,186829.4531250000,166013.5000000000,165542.8281250000,132807.1562500000,120814.1953125000,134402.4531250000,148738.0312500000,,,
45.3519999266,354,175744.6875000000,187152.7187500000,165444.2031250000,164789.5781250000,132015.5625000000,120094.8828125000,133560.9843750000,150651.0156250000,,,
45.3559999268,354,175494.7343750000,205623.0468750000,164999.4062500000,164114.2812500000,131361.0781250000,119483.9765625000,132842.7968750000,154366.9375000000,,,
45.3599999268,354,175635.1250000000,214427.5937500000,165287.1093750000,164444.9375000000,131737.4062500000,119797.9609375000,133217.0781250000,154460.4218750000,,,
45.3639999267,354,175929.7031250000,204359.3593750000,165829.1250000000,165239.5937500000,132513.0312500000,120510.9453125000,134055.2656250000,151373.2031250000,,,
45.3679999267,354,176033.5937500000,186810.9218750000,166001.2343750000,165565.0312500000,132791.6875000000,120784.5546875000,134377.5625000000,148739.6093750000,,,
45.3719999266,354,175745.5000000000,187014.6093750000,165441.5156250000,164803.0781250000,132007.1093750000,120078.6484375000,133544.7656250000,150629.4687500000,,,
45.3759999266,354,175485.0312500000,205420.8437500000,164989.4375000000,164110.2343750000,131343.6093750000,119465.6562500000,132798.9687500000,154334.5937500000,,,
45.3799999268,354,175603.6093750000,214285.4843750000,165249.9843750000,164419.2812500000,131700.3125000000,119784.0625000000,133127.3906250000,154438.1562500000,,,
45.3839999267,354,175938.2343750000,204294.8281250000,165839.1562500000,165215.2187500000,132523.8906250000,120535.2968750000,134033.3750000000,151392.9062500000,,,
45.3879999267,354,176038.0625000000,186784.4218750000,166005.4062500000,165535.2343750000,132797.6406250000,120805.9843750000,134377.2343750000,148756.5625000000,,,
45.3919999267,354,175739.7343750000,186877.5468750000,165434.3593750000,164794.4375000000,132004.2031250000,120090.9062500000,133532.9687500000,150611.6406250000,,,
45.3959999266,354,175503.7656250000,205236.2500000000,165004.0000000000,164134.8281250000,131360.2968750000,119500.4453125000,132808.9218750000,154346.3437500000,,,
45.3999999268,354,175611.8125000000,214152.6093750000,165255.7968750000,164430.9218750000,131700.2968750000,119794.9296875000,133150.9062500000,154458.6562500000,,,
45.4039999268,354,175926.7500000000,204245.0937500000,165826.4218750000,165213.3750000000,132503.6093750000,120536.9062500000,134018.0156250000,151415.2812500000,,,
45.4079999267,354,176021.0312500000,186756.5781250000,165993.6562500000,165519.3750000000,132787.9218750000,120807.5703125000,134320.7031250000,148764.8281250000,,,
45.4119999267,354,175719.2656250000,186764.4687500000,165421.7968750000,164776.1093750000,131999.4062500000,120086.5625000000,133478.4062500000,150594.6875000000,,,
45.4159999266,354,175469.3593750000,205127.9687500000,164970.5000000000,164107.7968750000,131327.9687500000,119476.8203125000,132765.5000000000,154326.1406250000,,,
45.4199999266,354,175594.4843750000,214139.0468750000,165234.3906250000,164425.2343750000,131674.0625000000,119789.8046875000,133122.7656250000,154473.7031250000,,,
45.4239999268,354,175901.2968750000,204345.2812500000,165792.3281250000,165200.1718750000,132464.7500000000,120516.5781250000,133976.7031250000,151429.3125000000,,,
45.4279999267,354,176009.4843750000,186851.3750000000,165981.5312500000,165520.5625000000,132767.8281250000,120796.7578125000,134304.6406250000,148763.2500000000,,,
45.4319999267,354,175700.9687500000,186760.3281250000,165395.9687500000,164781.4062500000,131967.7031250000,120083.9375000000,133427.1250000000,150578.6718750000,,,
45.4359999266,354,175451.3125000000,205062.5312500000,164945.4687500000,164113.3750000000,131296.3281250000,119475.2656250000,132727.6093750000,154317.0312500000,,,
